  -1.8830114e+01   7.1325375e+00   5.3356718e+01   0.0000000e+00  -4.5333714e-01   8.9133913e-01
  -1.8754341e+01   1.1883444e+01   5.4350571e+01   0.0000000e+00   9.9931664e-01   3.6962962e-02
  -1.8707400e+01   1.1828800e+01   5.5068272e+01  -0.0000000e+00   9.9393039e-01   1.1001082e-01
   1.6481146e+00   7.1384624e+00   5.3359732e+01   0.0000000e+00  -4.5333714e-01   8.9133913e-01
  -1.9091000e+01   1.6859579e+00   5.9046476e+01  -1.0000000e+00   0.0000000e+00  -0.0000000e+00
  -1.9091000e+01   1.3620674e+00   5.8494583e+01  -1.0000000e+00   0.0000000e+00  -0.0000000e+00
  -1.9091000e+01   1.0743878e+00   5.7910100e+01  -1.0000000e+00   0.0000000e+00  -0.0000000e+00
  -1.9091000e+01   7.9942549e-01   5.7210549e+01  -1.0000000e+00   0.0000000e+00   0.0000000e+00
  -1.9091000e+01   2.1051682e+00   5.9615389e+01  -1.0000000e+00   0.0000000e+00  -0.0000000e+00
  -6.4130891e+00   1.1900000e+01   4.5680909e+01   0.0000000e+00   1.0000000e+00   0.0000000e+00
  -1.9089150e+01   1.1898150e+01   5.4002998e+01   0.0000000e+00   0.0000000e+00   1.0000000e+00
   1.9071506e+00   1.1898150e+01   5.4002998e+01   0.0000000e+00   0.0000000e+00   1.0000000e+00
   1.5723411e+00   1.1883856e+01   5.4339427e+01   0.0000000e+00   9.9931664e-01   3.6962962e-02
   1.5545993e+00   1.0710487e+01   5.8668407e+01  -0.0000000e+00   8.7356843e-01   4.8670135e-01
   1.5631959e+00   1.0343807e+01   5.9264129e+01   0.0000000e+00   8.2742861e-01   5.6157091e-01
   1.6124192e+00   7.3524103e+00   6.1655360e+01  -0.0000000e+00   3.1573281e-01   9.4884814e-01
   1.5289769e+00   8.5182269e-02   5.5837487e+01   0.0000000e+00  -9.8279891e-01   1.8467893e-01
  -1.8710976e+01   8.7817738e-02   5.5851512e+01   0.0000000e+00  -9.8279891e-01   1.8467893e-01
   1.9090000e+00   3.1954050e-01   5.5127813e+01   1.0000000e+00  -0.0000000e+00   0.0000000e+00
   1.9090000e+00   4.3004749e-01   5.5812378e+01   1.0000000e+00   0.0000000e+00   0.0000000e+00
   1.9090000e+00   3.2370881e+00   5.5263514e+01   1.0000000e+00   0.0000000e+00   0.0000000e+00
   1.9090000e+00   2.9081218e+00   5.4521992e+01   1.0000000e+00   0.0000000e+00  -0.0000000e+00
   1.9090000e+00   3.1125724e+00   5.5922451e+01   1.0000000e+00   0.0000000e+00  -0.0000000e+00
   1.9090000e+00   3.8946230e+00   5.7487084e+01   1.0000000e+00   0.0000000e+00  -0.0000000e+00
   1.9090000e+00   1.6859579e+00   5.9046476e+01   1.0000000e+00   0.0000000e+00   0.0000000e+00
   1.9090000e+00   1.0743878e+00   5.7910100e+01   1.0000000e+00   0.0000000e+00   0.0000000e+00
   1.9090000e+00   1.3620674e+00   5.8494583e+01   1.0000000e+00  -0.0000000e+00   0.0000000e+00
   1.9090000e+00   3.3658572e+00   5.6731430e+01   1.0000000e+00   0.0000000e+00  -0.0000000e+00
   1.9090000e+00   7.9942549e-01   5.7210549e+01   1.0000000e+00  -0.0000000e+00   0.0000000e+00
   1.9090000e+00   5.9822913e-01   5.6567695e+01   1.0000000e+00   0.0000000e+00   0.0000000e+00
   1.9090000e+00   2.6253694e-01   5.4252375e+01   1.0000000e+00   0.0000000e+00   0.0000000e+00
   1.9090000e+00   9.3498388e+00   6.3875575e+00   1.0000000e+00   0.0000000e+00   0.0000000e+00
   1.9090000e+00   8.4603128e+00   5.4357629e+01   1.0000000e+00   0.0000000e+00   0.0000000e+00
  -1.8706567e+01   7.6428346e+00   5.3749836e+01   0.0000000e+00  -7.0710709e-01   7.0710648e-01
   1.6160861e+00   6.7836234e+00   6.1805686e+01  -0.0000000e+00   1.9352295e-01   9.8109575e-01
   1.5247541e+00   8.0991916e+00   5.4374496e+01   0.0000000e+00  -8.9134113e-01   4.5333321e-01
   1.5247540e+00   3.6941917e+00   5.6618495e+01   0.0000000e+00   8.9134088e-01  -4.5333369e-01
   1.6160863e+00   5.0163765e+00   6.1805686e+01   0.0000000e+00  -1.9352310e-01   9.8109572e-01
   1.6124192e+00   4.4475899e+00   6.1655360e+01   0.0000000e+00  -3.1573281e-01   9.4884814e-01
  -1.8707002e+01   3.4601362e+00   5.5896699e+01   0.0000000e+00   9.8777341e-01  -1.5589641e-01
   1.7029290e+00   3.4301234e+00   5.5299446e+01   0.0000000e+00   9.8777519e-01   1.5588516e-01
   1.5245674e+00   7.6531654e+00   5.3760166e+01   0.0000000e+00  -7.0710709e-01   7.0710648e-01
  -1.8884929e+01   3.4307665e+00   5.5295372e+01   0.0000000e+00   9.8777519e-01   1.5588516e-01
  -1.9091000e+01   7.1610948e+00   5.3096523e+01  -1.0000000e+00   0.0000000e+00  -0.0000000e+00
  -1.9091000e+01   7.6807207e+00   5.3366492e+01  -1.0000000e+00   0.0000000e+00  -0.0000000e+00
   1.5250028e+00   3.4578638e+00   5.5882301e+01   0.0000000e+00   9.8777341e-01  -1.5589641e-01
   1.3292591e+00   3.4094034e+00   5.4480534e+01   0.0000000e+00   9.9619385e-01  -8.7165404e-02
  -1.9091000e+01   1.1898150e+01   5.4001149e+01  -1.0000000e+00   0.0000000e+00   0.0000000e+00
   1.5254002e+00  -2.7199920e-02   5.5082729e+01   0.0000000e+00  -9.9393045e-01   1.1001026e-01
   1.9090000e+00   1.1898150e+01   5.4001149e+01   1.0000000e+00   0.0000000e+00   0.0000000e+00
  -1.9091000e+01   8.6898037e+00   5.5075532e+01  -1.0000000e+00   0.0000000e+00   0.0000000e+00
  -1.9091000e+01   1.1480472e+01   5.5127827e+01  -1.0000000e+00  -0.0000000e+00  -0.0000000e+00
   1.5991018e+00   3.3340159e+00   6.1123483e+01   0.0000000e+00  -5.3399128e-01   8.4548998e-01
  -1.9091000e+01   9.2905261e+00   6.0076394e+01  -1.0000000e+00   0.0000000e+00  -0.0000000e+00
   1.9090000e+00   7.6807207e+00   5.3366492e+01   1.0000000e+00   0.0000000e+00   0.0000000e+00
   1.9090000e+00   8.6898037e+00   5.5075532e+01   1.0000000e+00   0.0000000e+00   0.0000000e+00
  -1.9091000e+01   7.8273691e+00   6.1158457e+01  -1.0000000e+00   0.0000000e+00  -0.0000000e+00
  -1.9091000e+01   8.3236181e+00   6.0872157e+01  -1.0000000e+00   0.0000000e+00  -0.0000000e+00
   1.5815717e+00   2.3267541e+00   6.0317295e+01   0.0000000e+00  -7.0333865e-01   7.1085494e-01
   1.5722705e+00   1.8790607e+00   5.9827796e+01   0.0000000e+00  -7.6977561e-01   6.3831459e-01
   1.9090000e+00   7.3098054e+00   6.1379278e+01   1.0000000e+00   0.0000000e+00   0.0000000e+00
  -1.9091000e+01   9.6948320e+00   5.9615390e+01  -1.0000000e+00   0.0000000e+00  -0.0000000e+00
  -1.9091000e+01   7.9053770e+00   5.7487084e+01  -1.0000000e+00   0.0000000e+00   0.0000000e+00
  -1.9091000e+01   1.0114042e+01   5.9046476e+01  -1.0000000e+00   0.0000000e+00  -0.0000000e+00
  -1.9091000e+01   1.0437933e+01   5.8494583e+01  -1.0000000e+00   0.0000000e+00  -0.0000000e+00
  -1.9091000e+01   1.0725612e+01   5.7910100e+01  -1.0000000e+00   0.0000000e+00  -0.0000000e+00
  -1.9091000e+01   8.4341427e+00   5.6731430e+01  -1.0000000e+00   0.0000000e+00   0.0000000e+00
  -1.9091000e+01   1.1000575e+01   5.7210549e+01  -1.0000000e+00   0.0000000e+00  -0.0000000e+00
  -1.9091000e+01   1.1201771e+01   5.6567695e+01  -1.0000000e+00   0.0000000e+00  -0.0000000e+00
  -1.9091000e+01   8.6879932e+00   5.5922411e+01  -1.0000000e+00   0.0000000e+00   0.0000000e+00
  -1.9091000e+01   1.1369966e+01   5.5812369e+01  -1.0000000e+00   0.0000000e+00   0.0000000e+00
  -1.9091000e+01   1.1573793e+01   5.4382269e+01  -1.0000000e+00   0.0000000e+00   0.0000000e+00
  -1.9091000e+01   9.9926008e+00   5.2113007e+01  -1.0000000e+00   0.0000000e+00   0.0000000e+00
  -1.9091000e+01   9.3498388e+00   6.3875575e+00  -1.0000000e+00   0.0000000e+00   0.0000000e+00
  -1.9091000e+01   8.4603128e+00   5.4357629e+01  -1.0000000e+00   0.0000000e+00  -0.0000000e+00
   1.5460113e+00   7.6216476e-01   5.8016927e+01   0.0000000e+00  -9.1207330e-01   4.1002719e-01
   1.9090000e+00   1.1201771e+01   5.6567695e+01   1.0000000e+00   0.0000000e+00   0.0000000e+00
   1.9090000e+00   1.1000575e+01   5.7210549e+01   1.0000000e+00   0.0000000e+00   0.0000000e+00
   1.9090000e+00   1.0725612e+01   5.7910100e+01   1.0000000e+00   0.0000000e+00   0.0000000e+00
   1.9090000e+00   1.0437933e+01   5.8494583e+01   1.0000000e+00   0.0000000e+00   0.0000000e+00
   1.9090000e+00   1.0114042e+01   5.9046476e+01   1.0000000e+00   0.0000000e+00   0.0000000e+00
   1.9090000e+00   9.6948320e+00   5.9615390e+01   1.0000000e+00   0.0000000e+00   0.0000000e+00
   1.9090000e+00   8.6879932e+00   5.5922411e+01   1.0000000e+00   0.0000000e+00   0.0000000e+00
   1.9090000e+00   1.1369966e+01   5.5812369e+01   1.0000000e+00   0.0000000e+00   0.0000000e+00
   1.9090000e+00   1.1480472e+01   5.5127827e+01   1.0000000e+00   0.0000000e+00   0.0000000e+00
   1.9090000e+00   8.7951233e+00   6.0525779e+01   1.0000000e+00   0.0000000e+00   0.0000000e+00
   1.9090000e+00   1.1573793e+01   5.4382269e+01   1.0000000e+00   0.0000000e+00   0.0000000e+00
   1.9090000e+00   9.9926008e+00   5.2113007e+01   1.0000000e+00   0.0000000e+00   0.0000000e+00
   1.5392189e+00   4.8025049e-01   5.7312637e+01   0.0000000e+00  -9.4281847e-01   3.3330666e-01
  -1.9091000e+01   8.7951233e+00   6.0525779e+01  -1.0000000e+00   0.0000000e+00  -0.0000000e+00
  -1.9091000e+01   7.2437854e+00   5.7979892e+01  -1.0000000e+00   0.0000000e+00   0.0000000e+00
   1.9090000e+00   7.1610948e+00   5.3096523e+01   1.0000000e+00   0.0000000e+00   0.0000000e+00
  -1.9091000e+01   4.5562143e+00   5.7979892e+01  -1.0000000e+00   0.0000000e+00   0.0000000e+00
   1.5254002e+00   1.1827200e+01   5.5082729e+01  -0.0000000e+00   9.9393039e-01   1.1001082e-01
   1.9090000e+00   8.4341427e+00   5.6731430e+01   1.0000000e+00   0.0000000e+00  -0.0000000e+00
   1.9090000e+00   9.2905261e+00   6.0076394e+01   1.0000000e+00   0.0000000e+00   0.0000000e+00
   1.9090000e+00   7.9053770e+00   5.7487084e+01   1.0000000e+00   0.0000000e+00  -0.0000000e+00
   1.5245676e+00   4.1468345e+00   5.7245834e+01   0.0000000e+00   7.0710739e-01  -7.0710617e-01
   1.9090000e+00   5.0832339e+00   6.1538364e+01   1.0000000e+00   0.0000000e+00   0.0000000e+00
  -1.6884516e+01   2.3793517e+01   1.5000000e+01   0.0000000e+00   0.0000000e+00   1.0000000e+00
  -2.9748338e-01   2.3206483e+01   1.5000000e+01   0.0000000e+00   0.0000000e+00   1.0000000e+00
  -1.8710976e+01   1.1712182e+01   5.5851512e+01  -0.0000000e+00   9.8279899e-01   1.8467848e-01
   1.5289769e+00   1.1714818e+01   5.5837487e+01   0.0000000e+00   9.8279899e-01   1.8467848e-01
  -1.6884516e+01   2.3206483e+01   0.0000000e+00   0.0000000e+00   0.0000000e+00  -1.0000000e+00
  -2.9748338e-01   2.3793517e+01   0.0000000e+00   0.0000000e+00   0.0000000e+00  -1.0000000e+00
  -2.9937670e+00   1.1802767e+01   3.0000000e-03   0.0000000e+00   0.0000000e+00  -1.0000000e+00
  -1.9091000e+01   5.4404074e+00   5.8290311e+01  -1.0000000e+00  -0.0000000e+00   0.0000000e+00
  -1.9091000e+01   3.9726310e+00   6.1158457e+01  -1.0000000e+00   0.0000000e+00   0.0000000e+00
  -1.9091000e+01   3.4763820e+00   6.0872157e+01  -1.0000000e+00   0.0000000e+00  -0.0000000e+00
  -1.9091000e+01   5.0832339e+00   6.1538364e+01  -1.0000000e+00   0.0000000e+00   0.0000000e+00
  -1.9091000e+01   5.6268418e+00   6.1611123e+01  -1.0000000e+00   0.0000000e+00   0.0000000e+00
  -1.9091000e+01   6.1731582e+00   6.1611123e+01  -1.0000000e+00   0.0000000e+00   0.0000000e+00
  -1.9091000e+01   6.7167661e+00   6.1538364e+01  -1.0000000e+00   0.0000000e+00  -0.0000000e+00
  -1.9091000e+01   6.3595925e+00   5.8290311e+01  -1.0000000e+00   0.0000000e+00   0.0000000e+00
  -1.9091000e+01   7.3098054e+00   6.1379278e+01  -1.0000000e+00   0.0000000e+00   0.0000000e+00
  -1.8715307e+01   1.1544313e+01   5.6587769e+01  -0.0000000e+00   9.6560322e-01   2.6002004e-01
   1.5333071e+00   1.1540688e+01   5.6601230e+01   0.0000000e+00   9.6560322e-01   2.6002004e-01
  -1.4188233e+01   1.6097233e+01   3.0000000e-03  -0.0000000e+00   0.0000000e+00  -1.0000000e+00
   1.9090000e+00   7.2437854e+00   5.7979892e+01   1.0000000e+00   0.0000000e+00  -0.0000000e+00
   1.9090000e+00   8.3236181e+00   6.0872157e+01   1.0000000e+00   0.0000000e+00   0.0000000e+00
  -1.5484447e+01   1.7393448e+01   5.5590000e+00   0.0000000e+00   0.0000000e+00   1.0000000e+00
  -1.6975522e+00   1.5506552e+01   5.5590000e+00   0.0000000e+00   0.0000000e+00   1.0000000e+00
  -1.0768910e+01   1.1900000e+01   1.3881089e+01   0.0000000e+00   1.0000000e+00   0.0000000e+00
   1.5392190e+00   1.1319750e+01   5.7312637e+01   0.0000000e+00   9.4281870e-01   3.3330603e-01
  -1.8721219e+01   1.1315251e+01   5.7325363e+01  -0.0000000e+00   9.4281870e-01   3.3330603e-01
  -1.9089500e+01   2.1000000e+01   1.5001072e-03  -0.0000000e+00  -1.0000000e+00   0.0000000e+00
   1.9075001e+00   2.1000000e+01   1.4998929e-03   0.0000000e+00  -1.0000000e+00  -0.0000000e+00
  -1.5382803e+01   2.1000000e+01   9.2671970e+00   0.0000000e+00  -1.0000000e+00   0.0000000e+00
  -1.7991969e+00   2.1000000e+01   1.1291803e+01   0.0000000e+00  -1.0000000e+00   0.0000000e+00
   1.9090000e+00   5.6268418e+00   6.1611123e+01   1.0000000e+00   0.0000000e+00   0.0000000e+00
  -3.1875120e+00   2.6000000e+01   5.0965121e+00   0.0000000e+00   1.0000000e+00   0.0000000e+00
  -1.3994488e+01   2.6000000e+01   9.9034879e+00   0.0000000e+00   1.0000000e+00   0.0000000e+00
   1.5460112e+00   1.1037835e+01   5.8016927e+01  -0.0000000e+00   9.1207309e-01   4.1002766e-01
  -1.8728011e+01   1.1043165e+01   5.8005072e+01   0.0000000e+00   9.1207309e-01   4.1002766e-01
  -1.9091000e+01   1.9003021e+01   3.5620209e+00  -1.0000000e+00   0.0000000e+00   0.0000000e+00
  -1.8736599e+01   1.0716513e+01   5.8657593e+01   0.0000000e+00   8.7356843e-01   4.8670135e-01
   1.9090000e+00   6.1731582e+00   6.1611123e+01   1.0000000e+00   0.0000000e+00   0.0000000e+00
   1.9090000e+00   6.7167661e+00   6.1538364e+01   1.0000000e+00   0.0000000e+00   0.0000000e+00
   1.9090000e+00   7.8273691e+00   6.1158457e+01   1.0000000e+00   0.0000000e+00   0.0000000e+00
   1.9090000e+00   6.3595925e+00   5.8290311e+01   1.0000000e+00  -0.0000000e+00   0.0000000e+00
   1.9090000e+00   4.4901948e+00   6.1379278e+01   1.0000000e+00   0.0000000e+00   0.0000000e+00
   1.9090000e+00   5.4404074e+00   5.8290311e+01   1.0000000e+00   0.0000000e+00  -0.0000000e+00
   1.9090000e+00   3.9726310e+00   6.1158457e+01   1.0000000e+00   0.0000000e+00   0.0000000e+00
   1.9090000e+00   3.0048765e+00   6.0525779e+01   1.0000000e+00   0.0000000e+00   0.0000000e+00
  -1.9091000e+01   1.2356262e+01   2.4331440e+00  -1.0000000e+00   0.0000000e+00   0.0000000e+00
   1.9090000e+00   2.1051682e+00   5.9615389e+01   1.0000000e+00   0.0000000e+00   0.0000000e+00
  -1.9091000e+01   2.1001500e+01   1.4995500e-03  -1.0000000e+00   0.0000000e+00   0.0000000e+00
  -1.9091000e+01   2.2540526e+01   1.5426024e+00  -1.0000000e+00   0.0000000e+00   0.0000000e+00
  -1.9091000e+01   2.3738244e+01   5.8967579e+00  -1.0000000e+00   0.0000000e+00  -0.0000000e+00
  -1.9091000e+01   2.2878860e+01   1.3121140e+01  -1.0000000e+00  -0.0000000e+00   0.0000000e+00
  -1.8745195e+01   1.0337193e+01   5.9273873e+01   0.0000000e+00   8.2742861e-01   5.6157091e-01
   1.9090000e+00   4.5562143e+00   5.7979892e+01   1.0000000e+00   0.0000000e+00  -0.0000000e+00
   1.9090000e+00   2.5094738e+00   6.0076394e+01   1.0000000e+00   0.0000000e+00   0.0000000e+00
   1.9090000e+00   3.4763820e+00   6.0872157e+01   1.0000000e+00   0.0000000e+00   0.0000000e+00
   1.9090000e+00   1.9003021e+01   3.5620209e+00   1.0000000e+00   0.0000000e+00   0.0000000e+00
  -1.8754270e+01   9.9280607e+00   5.9819208e+01  -0.0000000e+00   7.6977621e-01   6.3831387e-01
   1.5722707e+00   9.9209393e+00   5.9827796e+01   0.0000000e+00   7.6977621e-01   6.3831387e-01
   1.9090000e+00   1.2356262e+01   2.4331440e+00   1.0000000e+00   0.0000000e+00   0.0000000e+00
   1.9090000e+00   2.2540526e+01   1.5426024e+00   1.0000000e+00  -0.0000000e+00   0.0000000e+00
   1.9090000e+00   2.1001500e+01   1.4995500e-03   1.0000000e+00   0.0000000e+00   0.0000000e+00
   1.9090000e+00   2.3738244e+01   5.8967579e+00   1.0000000e+00   0.0000000e+00  -0.0000000e+00
   1.9090000e+00   2.2878860e+01   1.3121140e+01   1.0000000e+00  -0.0000000e+00   0.0000000e+00
   3.2103793e-01   1.4879621e+00   5.3903000e+01   0.0000000e+00   0.0000000e+00  -1.0000000e+00
   1.5815715e+00   9.4732459e+00   6.0317295e+01   0.0000000e+00   7.0333811e-01   7.1085547e-01
  -1.8763571e+01   9.4657542e+00   6.0324707e+01  -0.0000000e+00   7.0333811e-01   7.1085547e-01
   1.5909226e+00   8.9766164e+00   6.0759599e+01   0.0000000e+00   6.2375063e-01   7.8162341e-01
  -1.8772922e+01   8.9843831e+00   6.0753401e+01  -0.0000000e+00   6.2375063e-01   7.8162341e-01
  -1.9091000e+01   3.3658572e+00   5.6731430e+01  -1.0000000e+00   0.0000000e+00   0.0000000e+00
  -1.9091000e+01   3.8946230e+00   5.7487084e+01  -1.0000000e+00   0.0000000e+00   0.0000000e+00
  -1.8781102e+01   8.4580157e+00   6.1128516e+01   0.0000000e+00   5.3399162e-01   8.4548977e-01
  -1.9091000e+01   3.1125724e+00   5.5922451e+01  -1.0000000e+00   0.0000000e+00   0.0000000e+00
  -1.9091000e+01   5.9822913e-01   5.6567695e+01  -1.0000000e+00   0.0000000e+00   0.0000000e+00
  -1.7503037e+01   1.7709079e+00   5.3903000e+01  -0.0000000e+00   0.0000000e+00  -1.0000000e+00
  -1.9091000e+01   3.0048765e+00   6.0525779e+01  -1.0000000e+00   0.0000000e+00  -0.0000000e+00
  -1.9091000e+01   2.5094738e+00   6.0076394e+01  -1.0000000e+00   0.0000000e+00  -0.0000000e+00
   1.5991020e+00   8.4659841e+00   6.1123483e+01  -0.0000000e+00   5.3399162e-01   8.4548977e-01
  -1.9091000e+01   4.4901948e+00   6.1379278e+01  -1.0000000e+00   0.0000000e+00   0.0000000e+00
  -1.9091000e+01   4.3004749e-01   5.5812378e+01  -1.0000000e+00   0.0000000e+00  -0.0000000e+00
  -1.9091000e+01   3.1954050e-01   5.5127813e+01  -1.0000000e+00   0.0000000e+00   0.0000000e+00
  -1.9091000e+01   3.2370881e+00   5.5263514e+01  -1.0000000e+00   0.0000000e+00  -0.0000000e+00
  -1.9091000e+01   2.9081218e+00   5.4521992e+01  -1.0000000e+00   0.0000000e+00   0.0000000e+00
  -1.9091000e+01   2.6253694e-01   5.4252375e+01  -1.0000000e+00   0.0000000e+00   0.0000000e+00
   1.5240566e+00  -8.5770759e-02   5.4287680e+01   0.0000000e+00  -9.9931658e-01   3.6964497e-02
  -1.8781101e+01   3.3419842e+00   6.1128516e+01   0.0000000e+00  -5.3399128e-01   8.4548998e-01
   1.5909226e+00   2.8233833e+00   6.0759599e+01   0.0000000e+00  -6.2375063e-01   7.8162341e-01
  -1.8772922e+01   2.8156166e+00   6.0753401e+01   0.0000000e+00  -6.2375063e-01   7.8162341e-01
  -1.8706929e+01   8.3403541e+00   5.5109299e+01   0.0000000e+00  -9.8757573e-01   1.5714378e-01
  -1.8763571e+01   2.3342459e+00   6.0324707e+01   0.0000000e+00  -7.0333865e-01   7.1085494e-01
  -1.8754270e+01   1.8719393e+00   5.9819208e+01   0.0000000e+00  -7.6977561e-01   6.3831459e-01
   1.5631960e+00   1.4561933e+00   5.9264129e+01   0.0000000e+00  -8.2742893e-01   5.6157045e-01
  -1.8706927e+01   8.3403541e+00   5.5896700e+01  -0.0000000e+00  -9.8757585e-01  -1.5714303e-01
  -1.8745196e+01   1.4628066e+00   5.9273873e+01   0.0000000e+00  -8.2742893e-01   5.6157045e-01
  -1.8736599e+01   1.0834874e+00   5.8657593e+01   0.0000000e+00  -8.7356836e-01   4.8670148e-01
   1.5545993e+00   1.0895126e+00   5.8668407e+01   0.0000000e+00  -8.7356836e-01   4.8670148e-01
  -1.8728011e+01   7.5683523e-01   5.8005072e+01   0.0000000e+00  -9.1207330e-01   4.1002719e-01
  -1.8715307e+01   2.5568751e-01   5.6587769e+01   0.0000000e+00  -9.6560334e-01   2.6001958e-01
  -1.8721219e+01   4.8474948e-01   5.7325363e+01   0.0000000e+00  -9.4281847e-01   3.3330666e-01
   1.5333072e+00   2.5931249e-01   5.6601230e+01   0.0000000e+00  -9.6560334e-01   2.6001958e-01
   1.5249292e+00   8.3426455e+00   5.5123699e+01   0.0000000e+00  -9.8757573e-01   1.5714378e-01
   1.5249274e+00   8.3426455e+00   5.5882299e+01  -0.0000000e+00  -9.8757585e-01  -1.5714303e-01
  -1.8511259e+01   3.4123566e+00   5.4514285e+01   0.0000000e+00   9.9619385e-01  -8.7165404e-02
   1.5247541e+00   8.1058083e+00   5.6618495e+01   0.0000000e+00  -8.9134113e-01  -4.5333321e-01
  -1.8706567e+01   4.1571654e+00   5.7256165e+01   0.0000000e+00   7.0710739e-01  -7.0710617e-01
  -1.8706754e+01   3.7008083e+00   5.6631505e+01   0.0000000e+00   8.9134088e-01  -4.5333369e-01
   1.6064300e+00   7.9149508e+00   6.1428435e+01   0.0000000e+00   4.3151237e-01   9.0210702e-01
  -1.8788430e+01   7.9230495e+00   6.1424561e+01  -0.0000000e+00   4.3151237e-01   9.0210702e-01
  -1.8794419e+01   7.3605900e+00   6.1652638e+01  -0.0000000e+00   3.1573281e-01   9.4884814e-01
  -1.8707400e+01  -2.8800083e-02   5.5068272e+01   0.0000000e+00  -9.9393045e-01   1.1001026e-01
  -1.8798086e+01   6.7753766e+00   6.1807313e+01   0.0000000e+00   1.9352295e-01   9.8109575e-01
  -1.8706056e+01  -8.5229244e-02   5.4302320e+01   0.0000000e+00  -9.9931658e-01   3.6964497e-02
   1.6184874e+00   6.1981242e+00   6.1883226e+01   0.0000000e+00   6.6183613e-02   9.9780746e-01
  -1.8800487e+01   6.1898758e+00   6.1883773e+01  -0.0000000e+00   6.6183613e-02   9.9780746e-01
   1.6184872e+00   5.6018757e+00   6.1883226e+01   0.0000000e+00  -6.6183560e-02   9.9780746e-01
  -1.8800487e+01   5.6101242e+00   6.1883773e+01   0.0000000e+00  -6.6183560e-02   9.9780746e-01
  -1.8798086e+01   5.0246234e+00   6.1807313e+01   0.0000000e+00  -1.9352310e-01   9.8109572e-01
  -1.8794419e+01   4.4394102e+00   6.1652638e+01   0.0000000e+00  -3.1573281e-01   9.4884814e-01
  -1.8788430e+01   3.8850494e+00   6.1428435e+01   0.0000000e+00  -4.3151237e-01   9.0210702e-01
  -6.5948596e+00   6.9000001e+00   8.5068596e+00   0.0000000e+00  -1.0000000e+00   0.0000000e+00
  -1.0587140e+01   6.9000001e+00   4.4734589e+01   0.0000000e+00  -1.0000000e+00   0.0000000e+00
  -1.8706567e+01   7.6531654e+00   5.7245834e+01  -0.0000000e+00  -7.0710709e-01  -7.0710648e-01
  -1.8707004e+01   6.2793010e+00   5.7945136e+01   0.0000000e+00  -1.5589906e-01  -9.8777299e-01
  -1.8707003e+01   5.5206990e+00   5.7945136e+01   0.0000000e+00   1.5589896e-01  -9.8777301e-01
  -1.8706753e+01   4.7714950e+00   5.7702191e+01   0.0000000e+00   4.5333222e-01  -8.9134163e-01
  -1.8706754e+01   8.1058083e+00   5.4387505e+01   0.0000000e+00  -8.9134113e-01   4.5333321e-01
  -1.8706754e+01   8.0991916e+00   5.6631505e+01   0.0000000e+00  -8.9134113e-01  -4.5333321e-01
   1.5245674e+00   7.6428346e+00   5.7256165e+01   0.0000000e+00  -7.0710709e-01  -7.0710648e-01
   1.5247533e+00   7.0285047e+00   5.7702191e+01   0.0000000e+00  -4.5333222e-01  -8.9134163e-01
  -1.8706753e+01   7.0154950e+00   5.7708808e+01   0.0000000e+00  -4.5333222e-01  -8.9134163e-01
   1.5250040e+00   6.2936990e+00   5.7942864e+01   0.0000000e+00  -1.5589906e-01  -9.8777299e-01
   1.5250038e+00   5.5063010e+00   5.7942864e+01   0.0000000e+00   1.5589896e-01  -9.8777301e-01
   1.5247533e+00   4.7845047e+00   5.7708808e+01   0.0000000e+00   4.5333222e-01  -8.9134163e-01
   1.6064300e+00   3.8769507e+00   6.1424561e+01   0.0000000e+00  -4.3151237e-01   9.0210702e-01
