   9.1218607e+01   6.9813095e+01   5.6342511e+01  -4.2948525e-01   3.8120205e-01   8.1867418e-01
   9.5053155e+01   7.2661841e+01   5.5479108e+01   8.0916684e-01   4.9375657e-01  -3.1851762e-01
   9.4986626e+01   7.3087288e+01   5.6057773e+01   7.9977014e-01   5.3991104e-01  -2.6241912e-01
   1.0308474e+02   5.7956321e+01   6.8088531e+01  -4.2950140e-01   3.8118594e-01   8.1867322e-01
   8.6252314e+01   7.1199052e+01   6.2302518e+01  -5.7922807e-01   5.7922947e-01  -5.7357481e-01
   8.6027171e+01   7.0679210e+01   6.2004917e+01  -5.7923097e-01   5.7922410e-01  -5.7357730e-01
   8.5833673e+01   7.0154652e+01   6.1670589e+01  -5.7922521e-01   5.7924066e-01  -5.7356640e-01
   8.5658427e+01   6.9559383e+01   6.1246423e+01  -5.7922881e-01   5.7922144e-01  -5.7358218e-01
   8.6553714e+01   7.1774987e+01   6.2579757e+01  -5.7923080e-01   5.7922338e-01  -5.7357820e-01
   1.0281100e+02   5.9743607e+01   5.6115640e+01   8.1226156e-01   4.6945093e-01  -3.4618923e-01
   9.4895067e+01   7.2631044e+01   5.5023944e+01  -6.8852859e-02   6.6635327e-01   7.4245040e-01
   1.0705673e+02   6.0469402e+01   6.7066928e+01  -7.0211997e-02   6.6556688e-01   7.4302827e-01
   1.0682805e+02   6.0880827e+01   6.7129599e+01   8.0916271e-01   4.9378000e-01  -3.1849178e-01
   1.0556710e+02   6.3225167e+01   7.0739488e+01   6.7611052e-01   7.3444178e-01   5.8905350e-02
   1.0523327e+02   6.3445049e+01   7.1313619e+01   6.3345977e-01   7.6269094e-01   1.3050387e-01
   1.0266761e+02   6.3605765e+01   7.4152713e+01   1.9125645e-01   7.8055682e-01   5.9510674e-01
   9.7116321e+01   5.6365382e+01   7.2301459e+01  -8.1098508e-01  -3.3829634e-01   4.7734557e-01
   8.5393958e+01   6.8099506e+01   6.0701798e+01  -8.1098562e-01  -3.3830318e-01   4.7733979e-01
   9.7575584e+01   5.5782337e+01   7.1911439e+01   5.7922723e-01  -5.7922384e-01   5.7358135e-01
   9.7618295e+01   5.6290426e+01   7.2381404e+01   5.7922853e-01  -5.7923490e-01   5.7356885e-01
   9.9936071e+01   5.7242414e+01   7.1002161e+01   5.7922446e-01  -5.7921793e-01   5.7359011e-01
   9.9719843e+01   5.6593824e+01   7.0565532e+01   5.7922925e-01  -5.7923606e-01   5.7356697e-01
   9.9789644e+01   5.7623088e+01   7.1534464e+01   5.7922711e-01  -5.7924469e-01   5.7356041e-01
   1.0031730e+02   5.9032921e+01   7.2425324e+01   5.7919653e-01  -5.7927698e-01   5.7355868e-01
   9.8416096e+01   5.9035271e+01   7.4347622e+01   5.7923092e-01  -5.7922946e-01   5.7357195e-01
   9.7997460e+01   5.7990868e+01   7.3715695e+01   5.7923218e-01  -5.7923035e-01   5.7356976e-01
   9.8190951e+01   5.8515430e+01   7.4050025e+01   5.7923536e-01  -5.7922123e-01   5.7357577e-01
   9.9939760e+01   5.8281116e+01   7.2047365e+01   5.7923774e-01  -5.7918985e-01   5.7360505e-01
   9.7822210e+01   5.7395591e+01   7.3291536e+01   5.7922525e-01  -5.7922455e-01   5.7358263e-01
   9.7702979e+01   5.6872730e+01   7.2883935e+01   5.7922492e-01  -5.7922688e-01   5.7358061e-01
   9.7589478e+01   5.5172177e+01   7.1281241e+01   5.7923137e-01  -5.7922201e-01   5.7357901e-01
   1.0826113e+02   2.7540323e+01   3.2600306e+01   5.7922439e-01  -5.7923008e-01   5.7357792e-01
   1.0424098e+02   5.9090769e+01   6.8521412e+01   5.7922736e-01  -5.7919360e-01   5.7361175e-01
   9.1677640e+01   7.0243064e+01   5.6528571e+01  -6.2297211e-01   1.3926679e-01   7.6974704e-01
   1.0219738e+02   6.3436826e+01   7.4463301e+01   8.9726683e-02   7.4465950e-01   6.6138594e-01
   1.0372395e+02   5.9155048e+01   6.8438560e+01  -7.5518556e-01  -1.1638679e-01   6.4509603e-01
   9.9991649e+01   5.8582548e+01   7.1629469e+01   7.5518604e-01   1.1638567e-01  -6.4509566e-01
   1.0076195e+02   6.2607174e+01   7.5075118e+01  -2.2464931e-01   5.6295784e-01   7.9536857e-01
   1.0030813e+02   6.2242123e+01   7.5158301e+01  -3.2165297e-01   4.8413425e-01   8.1372808e-01
   8.8132363e+01   6.9710459e+01   5.9570160e+01   8.1304774e-01   3.5982799e-01  -4.5768678e-01
   9.9971035e+01   5.7476348e+01   7.0843807e+01   7.9160415e-01   5.6763332e-01  -2.2617533e-01
   1.0340375e+02   5.8536387e+01   6.8136755e+01  -6.2293432e-01   1.3932075e-01   7.6976786e-01
   8.8046787e+01   6.9398998e+01   5.9031851e+01   7.9161990e-01   5.6758397e-01  -2.2624404e-01
   9.1108581e+01   6.9804215e+01   5.5989826e+01  -5.7922722e-01   5.7922843e-01  -5.7357672e-01
   9.1512091e+01   7.0228057e+01   5.6010354e+01  -5.7923512e-01   5.7922321e-01  -5.7357402e-01
   9.9850449e+01   5.7980851e+01   7.1164868e+01   8.1304555e-01   3.5978357e-01  -4.5772560e-01
   9.9794062e+01   5.7137322e+01   7.0028692e+01   8.1516276e-01   4.0955771e-01  -4.0960000e-01
   9.4894121e+01   7.2630883e+01   5.5021504e+01  -5.7860907e-01   5.7958537e-01  -5.7383999e-01
   9.7074855e+01   5.5811707e+01   7.1777985e+01  -8.1489460e-01  -3.9329281e-01   4.2575527e-01
   1.0705793e+02   6.0467098e+01   6.7066616e+01   5.7861709e-01  -5.7958102e-01   5.7383630e-01
   9.2214249e+01   7.1840708e+01   5.6929826e+01  -5.7922949e-01   5.7922346e-01  -5.7357945e-01
   9.4477404e+01   7.3185646e+01   5.6002550e+01  -5.7922944e-01   5.7922377e-01  -5.7357918e-01
   9.9432471e+01   6.1372604e+01   7.5141322e+01  -4.9186995e-01   3.1275771e-01   8.1255558e-01
   9.2358419e+01   7.5455380e+01   6.0434518e+01  -5.7923177e-01   5.7922762e-01  -5.7357294e-01
   1.0367589e+02   5.8064266e+01   6.8055446e+01   5.7916139e-01  -5.7927161e-01   5.7359959e-01
   1.0437803e+02   5.9676930e+01   6.8974935e+01   5.7922780e-01  -5.7924019e-01   5.7356425e-01
   9.1095563e+01   7.5489602e+01   6.1744376e+01  -5.7922012e-01   5.7923022e-01  -5.7358208e-01
   9.1518330e+01   7.5531773e+01   6.1360033e+01  -5.7923015e-01   5.7922817e-01  -5.7357402e-01
   9.8659581e+01   6.0372643e+01   7.4881446e+01  -6.2015961e-01   1.4354622e-01   7.7123054e-01
   9.8324197e+01   5.9841651e+01   7.4667690e+01  -6.6914067e-01   6.4009609e-02   7.4037392e-01
   1.0282376e+02   6.3230019e+01   7.4132609e+01   5.7927914e-01  -5.7920187e-01   5.7355111e-01
   9.2718508e+01   7.5337958e+01   5.9952301e+01  -5.7922722e-01   5.7922690e-01  -5.7357826e-01
   9.1411307e+01   7.3079558e+01   5.8991728e+01  -5.7923363e-01   5.7923001e-01  -5.7356865e-01
   9.3098124e+01   7.5155625e+01   5.9384814e+01  -5.7922714e-01   5.7922925e-01  -5.7357597e-01
   9.3399144e+01   7.4939893e+01   5.8862960e+01  -5.7923692e-01   5.7923358e-01  -5.7356172e-01
   9.3672987e+01   7.4685431e+01   5.8329447e+01  -5.7922470e-01   5.7922126e-01  -5.7358651e-01
   9.1892754e+01   7.2824217e+01   5.8247674e+01  -5.7922786e-01   5.7922863e-01  -5.7357587e-01
   9.3944419e+01   7.4348313e+01   5.7714907e+01  -5.7922819e-01   5.7922895e-01  -5.7357522e-01
   9.4152048e+01   7.4014364e+01   5.7167996e+01  -5.7922611e-01   5.7922418e-01  -5.7358213e-01
   9.2154558e+01   7.2404238e+01   5.7559179e+01  -5.7922592e-01   5.7922182e-01  -5.7358471e-01
   9.4340588e+01   7.3589961e+01   5.6549015e+01  -5.7923010e-01   5.7923122e-01  -5.7357100e-01
   9.4604458e+01   7.2732600e+01   5.5416739e+01  -5.7922974e-01   5.7922637e-01  -5.7357626e-01
   9.3476109e+01   7.0478035e+01   5.4279422e+01  -5.7922729e-01   5.7922830e-01  -5.7357679e-01
   9.6097368e+01   3.9704100e+01   2.0555190e+01  -5.7922771e-01   5.7922810e-01  -5.7357656e-01
   9.2077197e+01   7.1254556e+01   5.6476297e+01  -5.7922824e-01   5.7923847e-01  -5.7356555e-01
   9.7526255e+01   5.8125740e+01   7.3694891e+01  -7.6902646e-01  -1.5491683e-01   6.2016053e-01
   1.0631582e+02   6.1850578e+01   6.9213109e+01   5.7921569e-01  -5.7920675e-01   5.7361025e-01
   1.0610817e+02   6.2184526e+01   6.9760014e+01   5.7922333e-01  -5.7922430e-01   5.7358482e-01
   1.0583677e+02   6.2521642e+01   7.0374549e+01   5.7923920e-01  -5.7924544e-01   5.7354744e-01
   1.0556294e+02   6.2776101e+01   7.0908070e+01   5.7923358e-01  -5.7923979e-01   5.7355883e-01
   1.0526190e+02   6.2991829e+01   7.1429923e+01   5.7919832e-01  -5.7922417e-01   5.7361021e-01
   1.0488225e+02   6.3174168e+01   7.1997411e+01   5.7921952e-01  -5.7922455e-01   5.7358841e-01
   1.0431834e+02   6.0240455e+01   6.9604283e+01   5.7921584e-01  -5.7920854e-01   5.7360830e-01
   1.0650437e+02   6.1426173e+01   6.8594121e+01   5.7923671e-01  -5.7925546e-01   5.7353983e-01
   1.0664117e+02   6.1021858e+01   6.8047661e+01   5.7923265e-01  -5.7920944e-01   5.7359041e-01
   1.0408893e+02   6.3358503e+01   7.2984753e+01   5.7923226e-01  -5.7922716e-01   5.7357291e-01
   1.0676825e+02   6.0568815e+01   6.7461848e+01   5.7922522e-01  -5.7921080e-01   5.7359655e-01
   1.0563993e+02   5.8314261e+01   6.6324540e+01   5.7923046e-01  -5.7922673e-01   5.7357516e-01
   9.7341750e+01   5.7527975e+01   7.3265723e+01  -7.8873085e-01  -2.2049579e-01   5.7383381e-01
   9.1925125e+01   7.5522284e+01   6.0939646e+01  -5.7922677e-01   5.7922827e-01  -5.7357733e-01
   9.0840046e+01   7.3097386e+01   5.9586626e+01  -5.7922563e-01   5.7922805e-01  -5.7357871e-01
   1.0327233e+02   5.7640428e+01   6.8034927e+01   5.7923430e-01  -5.7922344e-01   5.7357461e-01
   8.8657029e+01   7.1835713e+01   6.0517038e+01  -5.7923159e-01   5.7922348e-01  -5.7357730e-01
   1.0670371e+02   6.1376770e+01   6.7674119e+01   7.9976517e-01   5.3993254e-01  -2.6239003e-01
   1.0405650e+02   6.0660423e+01   7.0292781e+01   5.7923489e-01  -5.7923542e-01   5.7356191e-01
   1.0452220e+02   6.3291612e+01   7.2479635e+01   5.7926254e-01  -5.7923136e-01   5.7353809e-01
   1.0357508e+02   6.0915785e+01   7.1036836e+01   5.7922524e-01  -5.7922732e-01   5.7357984e-01
   1.0031607e+02   5.9213234e+01   7.1938382e+01   6.2292701e-01  -1.3933607e-01  -7.6977100e-01
   1.0100429e+02   6.2290764e+01   7.5021523e+01   5.7926592e-01  -5.7919833e-01   5.7356803e-01
   1.0851542e+02   5.0946115e+01   2.3214454e+01  -6.8744639e-02   6.6641558e-01   7.4240451e-01
   1.1764628e+02   4.1062856e+01   3.2931608e+01  -6.8743872e-02   6.6641627e-01   7.4240396e-01
   9.4835989e+01   7.3556581e+01   5.6677577e+01   7.8559420e-01   5.8444878e-01  -2.0312896e-01
   1.0656263e+02   6.1824924e+01   6.8275416e+01   7.8561037e-01   5.8440888e-01  -2.0318123e-01
   1.0906978e+02   4.0674287e+01   1.2281619e+01   6.8743808e-02  -6.6641670e-01  -7.4240358e-01
   1.1915421e+02   3.1342201e+01   2.1592323e+01   6.8743643e-02  -6.6641676e-01  -7.4240354e-01
   1.0785262e+02   2.7276894e+01   2.4199084e+01   6.8743823e-02  -6.6641627e-01  -7.4240396e-01
   8.9353889e+01   7.2457660e+01   6.0441389e+01  -5.7922190e-01   5.7923305e-01  -5.7357743e-01
   8.7964505e+01   7.3679995e+01   6.3078844e+01  -5.7923299e-01   5.7922464e-01  -5.7357473e-01
   8.7581099e+01   7.3256229e+01   6.3038086e+01  -5.7922382e-01   5.7923363e-01  -5.7357490e-01
   8.8840488e+01   7.4454545e+01   6.2976411e+01  -5.7923117e-01   5.7922510e-01  -5.7357609e-01
   8.9277039e+01   7.4758231e+01   6.2842237e+01  -5.7922307e-01   5.7923087e-01  -5.7357845e-01
   8.9720789e+01   7.5014695e+01   6.2653109e+01  -5.7922889e-01   5.7922751e-01  -5.7357597e-01
   9.0167343e+01   7.5221405e+01   6.2410895e+01  -5.7923825e-01   5.7922332e-01  -5.7357074e-01
   9.0100509e+01   7.2889172e+01   6.0123179e+01  -5.7922780e-01   5.7922659e-01  -5.7357799e-01
   9.0659985e+01   7.5393799e+01   6.2087489e+01  -5.7922107e-01   5.7922988e-01  -5.7358147e-01
   9.4646508e+01   7.3970937e+01   5.7279802e+01   7.6644466e-01   6.2659045e-01  -1.4123383e-01
   1.0637120e+02   6.2249643e+01   6.8905186e+01   7.6642996e-01   6.2661912e-01  -1.4118639e-01
   1.0485677e+02   3.5777075e+01   1.6291520e+01   6.8743707e-02  -6.6641651e-01  -7.4240376e-01
   1.0300383e+02   6.0933592e+01   7.1631730e+01   5.7925632e-01  -5.7923180e-01   5.7354393e-01
   1.0368215e+02   6.3367990e+01   7.3405139e+01   5.7924308e-01  -5.7922686e-01   5.7356229e-01
   1.0477686e+02   4.0839002e+01   1.9224093e+01  -6.8744100e-02   6.6641626e-01   7.4240395e-01
   1.1122996e+02   3.1967443e+01   2.7785157e+01  -6.8743565e-02   6.6641695e-01   7.4240338e-01
   1.0247402e+02   4.1074702e+01   3.0008937e+01   8.1226194e-01   4.6945073e-01  -3.4618861e-01
   1.0614622e+02   6.2616585e+01   6.9513211e+01   7.4289751e-01   6.6473553e-01  -7.8930193e-02
   9.4406319e+01   7.4358364e+01   5.7903309e+01   7.4290096e-01   6.6473075e-01  -7.8937898e-02
   1.0600027e+02   4.0916642e+01   1.1781866e+01  -8.1238535e-01  -4.6825611e-01   3.4751439e-01
   1.1816223e+02   2.8754588e+01   2.3825252e+01  -8.1247919e-01  -4.6731828e-01   3.4855587e-01
   1.0751028e+02   4.4944430e+01   2.0786828e+01  -8.1226175e-01  -4.6945090e-01   3.4618884e-01
   1.1523912e+02   3.8425654e+01   3.0081138e+01  -8.1226142e-01  -4.6945020e-01   3.4619055e-01
   1.0144080e+02   6.2594452e+01   7.4887357e+01   5.7923486e-01  -5.7922045e-01   5.7357706e-01
   1.1892214e+02   3.7448415e+01   2.2954475e+01   8.1226371e-01   4.6944750e-01  -3.4618885e-01
   1.1233202e+02   4.6911563e+01   2.0324578e+01   8.1226149e-01   4.6945247e-01  -3.4618732e-01
   1.0587278e+02   6.2949654e+01   7.0137575e+01   7.1267876e-01   7.0139803e-01  -1.1392564e-02
   9.4134647e+01   7.4687544e+01   5.8498224e+01   7.1265947e-01   7.0141832e-01  -1.1349436e-02
   1.0413254e+02   4.2352819e+01   1.5115680e+01  -5.7922827e-01   5.7922325e-01  -5.7358088e-01
   9.3819492e+01   7.4974026e+01   5.9090812e+01   6.7611038e-01   7.3444188e-01   5.8905611e-02
   1.0188455e+02   6.2850906e+01   7.4698213e+01   5.7923165e-01  -5.7922230e-01   5.7357843e-01
   1.0233113e+02   6.3057607e+01   7.4455995e+01   5.7919044e-01  -5.7924073e-01   5.7360144e-01
   1.0325934e+02   6.3325793e+01   7.3789467e+01   5.7916146e-01  -5.7924350e-01   5.7362790e-01
   1.0226431e+02   6.0725402e+01   7.2168304e+01   5.7921616e-01  -5.7923268e-01   5.7358360e-01
   1.0053352e+02   6.1906326e+01   7.5108695e+01   5.7917647e-01  -5.7926708e-01   5.7358894e-01
   1.0151768e+02   6.0293880e+01   7.2486509e+01   5.7921845e-01  -5.7923902e-01   5.7357488e-01
   1.0012828e+02   6.1516212e+01   7.5123961e+01   5.7925913e-01  -5.7919992e-01   5.7357328e-01
   9.9385714e+01   6.0640269e+01   7.4989272e+01   5.7922863e-01  -5.7922789e-01   5.7357584e-01
   9.8811216e+01   3.8480181e+01   1.6578635e+01  -5.7922620e-01   5.7922787e-01  -5.7357831e-01
   9.8717503e+01   5.9611203e+01   7.4624864e+01   5.7921930e-01  -5.7923329e-01   5.7357981e-01
   1.0600062e+02   4.0918215e+01   1.1780485e+01  -5.7936802e-01   5.8059929e-01  -5.7204647e-01
   1.0714475e+02   4.2667723e+01   1.2391809e+01  -5.7922825e-01   5.7922327e-01  -5.7358089e-01
   1.0781827e+02   4.6131680e+01   1.5209721e+01  -5.7922420e-01   5.7922903e-01  -5.7357916e-01
   1.0662358e+02   5.0542684e+01   2.0870639e+01  -5.7922885e-01   5.7922840e-01  -5.7357511e-01
   9.3464047e+01   7.5211625e+01   5.9674727e+01   6.3347989e-01   7.6267933e-01   1.3047403e-01
   1.0082084e+02   5.9671920e+01   7.2562129e+01   5.7924910e-01  -5.7919750e-01   5.7358585e-01
   9.9014215e+01   6.0108225e+01   7.4827151e+01   5.7922524e-01  -5.7922476e-01   5.7358243e-01
   9.9744888e+01   6.1092448e+01   7.5083201e+01   5.7921936e-01  -5.7923895e-01   5.7357403e-01
   1.1629629e+02   3.0189025e+01   2.7160785e+01   5.7922763e-01  -5.7923120e-01   5.7357351e-01
   9.3088980e+01   7.5388232e+01   6.0216015e+01   5.8138521e-01   7.8675260e-01   2.0739233e-01
   1.0485627e+02   6.3616915e+01   7.1883684e+01   5.8138111e-01   7.8675405e-01   2.0739834e-01
   1.1097498e+02   2.6316402e+01   2.8623733e+01   5.7922790e-01  -5.7923060e-01   5.7357384e-01
   1.1930848e+02   3.0503941e+01   2.4436915e+01   5.7923005e-01  -5.7922980e-01   5.7357247e-01
   1.1816432e+02   2.8754423e+01   2.3825592e+01   5.7922076e-01  -5.7913910e-01   5.7367343e-01
   1.1998203e+02   3.3967883e+01   2.7254818e+01   5.7923164e-01  -5.7922754e-01   5.7357315e-01
   1.1878738e+02   3.8378900e+01   3.2915742e+01   5.7922824e-01  -5.7922801e-01   5.7357611e-01
   9.7689065e+01   5.6434408e+01   6.9686824e+01   6.8745246e-02  -6.6641565e-01  -7.4240439e-01
   1.0446440e+02   6.3727557e+01   7.2407425e+01   5.2246003e-01   8.0390108e-01   2.8421570e-01
   9.2673334e+01   7.5513465e+01   6.0746007e+01   5.2242724e-01   8.0390889e-01   2.8425389e-01
   1.0403604e+02   6.3783767e+01   7.2913069e+01   4.5291109e-01   8.1370760e-01   3.6435077e-01
   9.2247451e+01   7.5578585e+01   6.1225560e+01   4.5291674e-01   8.1370734e-01   3.6434434e-01
   8.7775973e+01   7.0444900e+01   6.0002257e+01  -5.7922725e-01   5.7922576e-01  -5.7357938e-01
   8.8153526e+01   7.1196710e+01   6.0380204e+01  -5.7922648e-01   5.7923167e-01  -5.7357420e-01
   9.1789373e+01   7.5586206e+01   6.1681576e+01   3.7561912e-01   8.1413166e-01   4.4283171e-01
   8.7625863e+01   6.9786878e+01   5.9489351e+01  -5.7922812e-01   5.7922034e-01  -5.7358398e-01
   8.5539193e+01   6.9036516e+01   6.0838822e+01  -5.7922851e-01   5.7922354e-01  -5.7358035e-01
   8.7594686e+01   6.6891442e+01   5.9365392e+01   6.8743170e-02  -6.6641728e-01  -7.4240311e-01
   8.7221919e+01   7.2804056e+01   6.2944173e+01  -5.7922859e-01   5.7922794e-01  -5.7357583e-01
   8.6850425e+01   7.2272013e+01   6.2782043e+01  -5.7922740e-01   5.7922827e-01  -5.7357670e-01
   1.0360101e+02   6.3781805e+01   7.3364691e+01   3.7563350e-01   8.1413212e-01   4.4281866e-01
   8.8369721e+01   7.4070124e+01   6.3063607e+01  -5.7922605e-01   5.7923028e-01  -5.7357604e-01
   8.5454509e+01   6.8454208e+01   6.0336295e+01  -5.7922614e-01   5.7923390e-01  -5.7357228e-01
   8.5411807e+01   6.7946122e+01   5.9866328e+01  -5.7922463e-01   5.7922110e-01  -5.7358674e-01
   8.7772301e+01   6.9406207e+01   5.8957053e+01  -5.7923026e-01   5.7923315e-01  -5.7356888e-01
   8.7556058e+01   6.8757605e+01   5.8520429e+01  -5.7922899e-01   5.7922832e-01  -5.7357504e-01
   8.5425688e+01   6.7335957e+01   5.9236134e+01  -5.7922785e-01   5.7923586e-01  -5.7356858e-01
   9.7081159e+01   5.5255163e+01   7.1207238e+01  -8.1424721e-01  -4.4450405e-01   3.7338671e-01
   8.7633813e+01   7.3184474e+01   6.3452693e+01  -4.9186666e-01   3.1276172e-01   8.1255603e-01
   9.9037983e+01   6.0895128e+01   7.5043250e+01  -5.6038515e-01   2.2806039e-01   7.9621413e-01
   8.7236781e+01   7.2682663e+01   6.3361110e+01  -5.6038017e-01   2.2806663e-01   7.9621585e-01
   9.2150548e+01   7.1476698e+01   5.7296165e+01  -8.1297472e-01  -3.5891039e-01   4.5853619e-01
   8.6880681e+01   7.2165577e+01   6.3214861e+01  -6.2016455e-01   1.4353829e-01   7.7122804e-01
   8.6545303e+01   7.1606281e+01   6.3004957e+01  -6.6913701e-01   6.4015592e-02   7.4037670e-01
   9.8014207e+01   5.9272756e+01   7.4390407e+01  -7.1069171e-01  -1.4193384e-02   7.0336040e-01
   9.2096417e+01   7.2001438e+01   5.7880733e+01  -7.9137296e-01  -5.6832696e-01   2.2524056e-01
   8.6255725e+01   7.1045535e+01   6.2746937e+01  -7.1069753e-01  -1.4206183e-02   7.0335425e-01
   8.5994964e+01   7.0451781e+01   6.2425655e+01  -7.4302142e-01  -8.5745446e-02   6.6375212e-01
   9.7752341e+01   5.8708596e+01   7.4070154e+01  -7.4302438e-01  -8.5752021e-02   6.6374797e-01
   8.5779462e+01   6.9858619e+01   6.2059227e+01  -7.6903086e-01  -1.5492864e-01   6.2015212e-01
   8.5477191e+01   6.8671477e+01   6.1187798e+01  -8.0219646e-01  -2.8001649e-01   5.2732495e-01
   8.5609122e+01   6.9273983e+01   6.1652700e+01  -7.8872842e-01  -2.2048522e-01   5.7384122e-01
   9.7207778e+01   5.6953586e+01   7.2810673e+01  -8.0219649e-01  -2.8001661e-01   5.2732485e-01
   1.0387027e+02   5.9768519e+01   6.8910583e+01  -8.1297016e-01  -3.5887061e-01   4.5857540e-01
   1.0381811e+02   6.0274069e+01   6.9473762e+01  -7.9135704e-01  -5.6837138e-01   2.2518439e-01
   8.8301966e+01   6.8653380e+01   5.8672674e+01   8.1516204e-01   4.0957502e-01  -4.0958412e-01
   1.0357502e+02   6.0653589e+01   7.0102213e+01  -6.9285038e-01  -7.2053894e-01  -2.7963997e-02
   8.8605324e+01   7.0943401e+01   6.0338381e+01   6.2296904e-01  -1.3926732e-01  -7.6974944e-01
   8.8277481e+01   7.0312983e+01   6.0032511e+01   7.5516683e-01   1.1632988e-01  -6.4512822e-01
   1.0313665e+02   6.3722124e+01   7.3786032e+01   2.8844629e-01   8.0374503e-01   5.2037743e-01
   9.1330246e+01   7.5536599e+01   6.2082358e+01   2.8848553e-01   8.0375307e-01   5.2034324e-01
   9.0854229e+01   7.5428023e+01   6.2442960e+01   1.9123939e-01   7.8055128e-01   5.9511948e-01
   8.5355148e+01   6.7520724e+01   6.0162739e+01  -8.1489445e-01  -3.9329026e-01   4.2575792e-01
   9.0366129e+01   7.5258489e+01   6.2758289e+01   8.9737580e-02   7.4466365e-01   6.6137978e-01
   8.5362747e+01   6.6983013e+01   5.9614401e+01  -8.1424788e-01  -4.4449618e-01   3.7339461e-01
   1.0171784e+02   6.3212241e+01   7.4724949e+01  -1.4804473e-02   6.9604069e-01   7.1784969e-01
   8.9883896e+01   7.5035968e+01   6.3016365e+01  -1.4839324e-02   6.9602359e-01   7.1786556e-01
   1.0123356e+02   6.2932323e+01   7.4931377e+01  -1.2237808e-01   6.3386805e-01   7.6369818e-01
   8.9412989e+01   7.4763808e+01   6.3217070e+01  -1.2233603e-01   6.3389621e-01   7.6368154e-01
   8.8944058e+01   7.4436599e+01   6.3364381e+01  -2.2464273e-01   5.6296304e-01   7.9536675e-01
   8.8481466e+01   7.4056667e+01   6.3454242e+01  -3.2169132e-01   4.8410223e-01   8.1373197e-01
   8.8050064e+01   7.3643539e+01   6.3483145e+01  -4.1250739e-01   3.9861395e-01   8.1911206e-01
   1.0119986e+02   3.2728243e+01   3.0144160e+01  -8.1226285e-01  -4.6944977e-01   3.4618777e-01
   9.6396996e+01   5.9183446e+01   5.4749901e+01  -8.1226268e-01  -4.6945002e-01   3.4618785e-01
   9.1445703e+01   7.2577712e+01   5.9120437e+01  -5.2574071e-01  -8.0318065e-01  -2.8017412e-01
   9.0281442e+01   7.2399025e+01   6.0114968e+01  -5.8722860e-02  -7.3145382e-01  -6.7935774e-01
   8.9665254e+01   7.2042906e+01   6.0377586e+01   1.9452406e-01  -5.8508939e-01  -7.8729334e-01
   8.9073554e+01   7.1529143e+01   6.0456738e+01   4.2949874e-01  -3.8118607e-01  -8.1867455e-01
   9.2009758e+01   7.0885474e+01   5.6841600e+01  -7.5516230e-01  -1.1631928e-01   6.4513543e-01
   9.1850121e+01   7.2377813e+01   5.8509841e+01  -6.9283540e-01  -7.2055232e-01  -2.7990471e-02
   1.0315502e+02   6.0861319e+01   7.0735779e+01  -5.2574181e-01  -8.0318044e-01  -2.8017268e-01
   1.0262551e+02   6.0870033e+01   7.1279717e+01  -3.0696644e-01  -8.0682450e-01  -5.0478295e-01
   9.0895816e+01   7.2586995e+01   5.9684798e+01  -3.0695282e-01  -8.0682284e-01  -5.0479389e-01
   1.0201224e+02   6.0685344e+01   7.1712900e+01  -5.8734980e-02  -7.3145873e-01  -6.7935140e-01
   1.0137266e+02   6.0315690e+01   7.1985498e+01   1.9454320e-01  -5.8507474e-01  -7.8729949e-01
   1.0080235e+02   5.9820996e+01   7.2061469e+01   4.2952404e-01  -3.8116132e-01  -8.1867280e-01
   9.9857015e+01   6.1823880e+01   7.5181093e+01  -4.1251967e-01   3.9860093e-01   8.1911222e-01
