  -5.7175094e-01  -2.8146459e+00   9.2015170e-01   4.0189357e-01  -7.3732052e-02  -9.1271307e-01
  -7.1364977e-01   9.0040757e-01   1.1885057e+00   2.6505480e-01   1.6947385e-01  -9.4922314e-01
  -1.2010277e+00  -1.0243875e+00   7.9989858e-01   1.9990281e-01   1.1505701e-01  -9.7303687e-01
   1.1775368e-01  -3.5487929e+00   9.4455969e-01   3.5492596e-02   9.7531723e-01  -2.1793709e-01
  -5.7175094e-01  -2.8146459e+00   9.2015170e-01  -4.0189357e-01   7.3732052e-02   9.1271307e-01
  -7.1364977e-01   9.0040757e-01   1.1885057e+00  -2.6505480e-01  -1.6947385e-01   9.4922314e-01
   1.7944837e+00  -1.3041920e+00   9.3007251e+00  -9.8991060e-01   1.1930847e-01  -7.6436169e-02
   2.2959301e+00  -2.6897404e+00   1.0891808e+01  -7.3679223e-04   2.2702664e-04   9.9999970e-01
   2.8510862e+00  -1.9671594e-01   9.7209079e+00   9.8220990e-01   1.8775127e-01   3.6295356e-03
   2.5160046e+00   1.0245793e+00   1.0772175e+01   7.5275646e-01   2.0864448e-01   6.2435983e-01
   2.4561530e+00  -8.3697903e-02   1.5600664e+00   8.3379187e-01   5.4578906e-01  -8.3098823e-02
   2.3668217e+00   1.0433629e+00   1.8852539e+00   5.1218425e-01  -8.5880457e-01  -1.1045607e-02
  -4.3394523e-01   1.6625674e+00   8.8520849e-01   2.9857825e-02   9.0772743e-01  -4.1849662e-01
  -3.9386800e-01   1.3925323e+00   7.2099656e-01  -1.6087376e-01  -9.6749527e-01   1.9512187e-01
   4.5018436e-01   1.0340153e+00   9.6896231e+00  -2.4169164e-01  -9.6960903e-01  -3.7993234e-02
   8.5502644e-01   1.0646018e+00   1.6932720e+00  -4.0971069e-01  -9.1221033e-01   3.0777456e-03
   1.5966213e+00   1.1650383e+00   1.0892252e+01  -1.9631929e-04   2.1742362e-04   9.9999996e-01
   1.1534877e+00   1.8759016e+00   2.6861990e+00   2.0102359e-01   9.7957014e-01  -5.6443551e-03
   2.4356287e+00   1.3799800e+00   1.0398809e+01   8.6350186e-01   5.0323170e-01   3.3502154e-02
   2.4674546e+00   1.4948562e+00   2.0170551e+00   4.7066752e-01   8.8227460e-01  -7.9763080e-03
   1.3295379e+00   1.5525227e+00   9.2812237e-01   1.1028749e-01   9.1961871e-01  -3.7701207e-01
   5.8508749e-03  -3.7652734e+00   9.1731193e+00  -8.2125896e-03  -9.9877185e-01   4.8860471e-02
   1.3828419e+00  -3.4296374e+00   1.0891753e+01   9.2942595e-06   1.6858419e-03   9.9999858e-01
   2.1294262e+00  -3.3194752e+00   1.0891913e+01  -7.8150869e-04   5.5449653e-04   9.9999954e-01
   2.4097594e+00  -3.3439233e+00   1.0519207e+01   8.9814180e-01  -4.3925745e-01   1.9854748e-02
   1.5973640e+00  -3.0083298e+00   8.2554196e-01  -1.7472850e-01  -3.0269060e-01  -9.3693562e-01
   1.2425830e+00  -2.6291096e+00   2.1431762e+00  -6.1782144e-01   7.8389666e-01   6.1666068e-02
   2.4326896e+00  -3.0976290e+00   8.8801782e-01   4.8453879e-01  -3.6756662e-01  -7.9379906e-01
   2.7288818e+00  -1.7385421e+00   7.8053053e-01   9.0069549e-01  -1.0957225e-01  -4.2040643e-01
   1.1098070e+00  -3.8599519e+00   2.5189284e+00   2.1573709e-01  -9.7639942e-01  -1.0084206e-02
   2.3954002e+00  -3.4129156e+00   1.3743050e+00   5.9844231e-01  -8.0105102e-01  -1.3566853e-02
   2.8380946e+00  -2.1943436e+00   2.1507472e+00   9.8733135e-01  -1.5787994e-01   1.5834136e-02
   2.8315154e+00  -2.0293326e+00   1.0075197e+01   9.6371206e-01  -2.6683210e-01  -7.7258852e-03
  -7.1159846e-01  -3.2945736e+00   9.6557276e+00  -1.3840579e-01   9.8167097e-01   1.3101885e-01
  -2.2400250e+00  -2.4886826e+00   9.8720605e+00   9.5627322e-01   2.2733855e-01   1.8400739e-01
  -2.4991358e+00  -3.1310018e+00   1.0892274e+01   3.4533761e-04   4.5332727e-05   9.9999994e-01
  -1.1615910e+00  -3.8564035e+00   2.3183080e+00  -2.3980555e-01  -9.7080247e-01  -5.9879157e-03
  -2.8594780e+00  -2.1441992e+00   2.4655520e+00  -9.7103301e-01  -2.3858669e-01  -1.3087319e-02
  -2.7935632e+00  -1.9680180e+00   9.8979105e+00  -9.9847529e-01  -4.1213520e-02   3.6722439e-02
  -2.9004458e+00   2.1679385e-01   2.7145993e+00  -9.8567573e-01   1.6814208e-01   1.3099790e-02
  -1.3974826e+00   1.4865586e+00   1.0891965e+01   2.6199113e-04  -3.2877621e-04   9.9999991e-01
  -1.9063262e+00   4.2738054e-02   9.5904383e+00   7.5182589e-01  -6.5934758e-01   4.3121779e-03
  -2.5013162e+00   1.1485801e+00   1.0401953e+00  -7.6794389e-01   2.4130295e-01  -5.9332544e-01
  -2.7970900e+00  -2.9130640e-01   1.1855496e+00  -9.4099343e-01   7.8414305e-02  -3.2921505e-01
  -2.7710518e+00  -1.4747898e+00   1.0715680e+00  -9.3451655e-01  -5.3325855e-02  -3.5190221e-01
  -2.4052305e+00  -2.9250367e+00   5.7849776e-01  -8.0207765e-01  -1.1574430e-01  -5.8589649e-01
  -2.1364373e+00  -2.3528136e+00   1.4279007e+00   9.8042131e-01   1.4266167e-01  -1.3572659e-01
  -2.0716880e+00  -1.8368689e+00   6.0474788e+00   8.5147654e-01   5.2331300e-01   3.3633371e-02
  -2.3820299e+00  -3.3267839e+00   1.0556397e+00  -7.4299582e-01  -6.6904750e-01  -1.8238578e-02
  -2.4203238e+00  -3.4553430e+00   1.0556549e+01  -6.1465617e-01  -7.8876595e-01  -6.7880747e-03
  -2.7569724e+00  -2.4183543e-02   9.9406083e+00  -9.9616948e-01   7.9833427e-02   3.5678973e-02
  -7.4874428e-01   1.5229759e+00   1.0891920e+01  -6.9147468e-05  -7.4508145e-04   9.9999972e-01
  -1.1677803e+00   5.8559482e-01   2.3849171e+00   6.6602673e-01  -7.4512142e-01   3.4676474e-02
  -1.6466318e+00   1.0031617e+00   9.2500355e-01   2.6678081e-01   1.9852813e-01  -9.4308779e-01
  -1.1242445e+00   1.9167399e+00   2.4925657e+00  -1.8393052e-01   9.8282104e-01   1.5243447e-02
  -2.0097122e+00   1.4838457e+00   1.0250294e+01  -3.9931014e-01   9.1619294e-01   3.3792261e-02
  -2.4936061e+00   1.4764400e+00   1.5694759e+00  -6.7319090e-01   7.3935352e-01   1.3053063e-02
  -2.1089200e+00   6.6494272e-01   1.0892077e+01   2.4085989e-04   2.2244377e-05   9.9999997e-01
  -1.0216243e+00  -3.4271888e+00   1.7620029e+00  -9.0455100e-03   9.9295880e-01  -1.1811432e-01
  -2.9005021e-01  -3.1294834e+00   5.9584526e+00   1.8019581e-01   9.8189249e-01  -5.8451788e-02
   3.3353836e-01   1.7878273e+00   9.4224137e+00   1.0845495e-02   9.9897460e-01   4.3955858e-02
   2.3560027e+00   1.3985013e+00   1.2679082e+00   5.7473833e-01   7.2387061e-01  -3.8168991e-01
   2.0810865e+00  -3.4944183e-01   7.3957569e-01  -9.4389612e-01  -3.2989321e-01   1.5185148e-02
   2.2171209e+00   6.6441251e-01   1.0892303e+01   4.0181940e-04   3.7417029e-05   9.9999992e-01
   2.2994454e+00  -1.2034429e+00   1.0891959e+01  -1.3056128e-04  -2.8605984e-04   9.9999995e-01
   2.5399696e+00  -9.2459199e-01   3.4260624e-01   8.7911945e-01   3.8723667e-02  -4.7502576e-01
  -1.2010277e+00  -1.0243875e+00   7.9989858e-01  -1.9990281e-01  -1.1505701e-01   9.7303687e-01
  -1.8163911e-03  -3.8455587e+00   1.2213582e+00   4.9239364e-02  -9.3386321e-01  -3.5422449e-01
   2.0807350e+00  -1.2617185e+01   1.3854507e+01  -6.8543899e-01  -7.2307520e-01   8.5648323e-02
  -4.3256267e-01  -1.1305802e+01   1.4983309e+01   2.0650160e-04  -5.5140636e-04   9.9999983e-01
  -2.8007113e+00  -1.2995660e+01   1.0599220e+00  -9.7337435e-01   2.2895155e-01   1.1115529e-02
  -1.9392520e+00  -1.2663399e+01   3.7876463e-05   3.4260166e-05  -1.4179466e-04  -9.9999999e-01
  -2.9125778e+00  -1.5244738e+01   9.6557689e-01  -9.8920797e-01  -1.4444284e-01   2.4573733e-02
  -2.2647636e+00  -1.4592772e+01   9.7353905e-05  -9.4693175e-05   9.2460871e-05  -9.9999999e-01
  -2.6489194e+00  -1.6004810e+01   1.4701487e+01  -8.3793544e-01   5.4576931e-01  -2.1716399e-04
  -2.5807143e+00  -1.6218094e+01   1.4983407e+01  -6.4120340e-04  -6.4121328e-04   9.9999959e-01
  -2.5610804e+00  -1.6482786e+01   1.4641421e+01  -7.0710100e-01  -7.0711189e-01  -9.7507357e-04
  -2.3337418e+00  -1.6232005e+01  -1.0622628e-06   6.7329585e-06  -5.5459628e-06  -1.0000000e+00
  -2.0495916e+00  -1.6555537e+01   3.1539808e-01   5.7307162e-01  -8.1950529e-01  -2.2797281e-07
  -1.9656155e+00  -1.6610090e+01   1.4633151e+01   3.3547297e-01  -9.4198088e-01  -1.1397409e-02
  -1.2941626e+00  -1.6065407e+01   1.4983397e+01  -1.9823054e-04  -2.7934896e-04   9.9999994e-01
  -2.2938967e+00  -1.5641248e+01   1.4983568e+01   8.4095466e-04   2.3130393e-04   9.9999962e-01
  -5.4438391e-01  -1.6006975e+01   4.1435281e-05   3.6954079e-05  -2.8158014e-05  -1.0000000e+00
  -9.6355698e-01  -1.6689899e+01   8.6711741e-01  -3.6394344e-01  -9.3141054e-01  -4.4254458e-03
  -5.9912623e-01  -1.6737197e+01   1.4032982e+01  -2.1657480e-01  -9.7618390e-01   1.2662909e-02
   1.0141532e+00  -1.6674818e+01   1.4254188e+01   3.6572346e-01  -9.3071584e-01  -3.7913417e-03
   1.0723668e+00  -1.5872344e+01   3.5462054e-05  -4.6154849e-05  -5.6950095e-07  -1.0000000e+00
   9.2027446e-01  -1.6681390e+01   9.1557294e-01   3.4308684e-01  -9.3930349e-01  -6.1711883e-04
   2.1648421e+00  -1.6351748e+01   1.4983314e+01  -7.9135388e-05  -1.9741340e-04   9.9999998e-01
   2.6116789e+00  -1.6201970e+01   1.4983317e+01   2.9124702e-04  -2.9125277e-04   9.9999992e-01
   2.6922711e+00  -1.5963917e+01   1.4684679e+01   9.2871842e-01   3.7078577e-01  -3.6945211e-07
   2.5613069e+00  -1.6483017e+01   1.4641421e+01   7.0709980e-01  -7.0711376e-01  -2.8129033e-07
   2.5497456e+00  -1.6494573e+01   3.4182885e-01   7.0710048e-01  -7.0711308e-01  -2.3628411e-07
   2.5146479e+00  -1.6156427e+01   2.0338898e-07  -8.7017317e-07  -9.8546919e-08  -1.0000000e+00
   2.0538086e+00  -1.6558709e+01   1.4673161e+01  -5.7261765e-01  -8.1982255e-01   1.9134544e-07
   2.5495805e+00  -1.5660407e+01   1.6453569e-05   1.2856510e-04   2.7697971e-05   9.9999999e-01
   2.7659284e+00  -1.4855161e+01   9.1177761e-01   9.3361037e-01  -3.5819312e-01  -8.3290178e-03
   2.8135230e+00  -1.4465313e+01   1.3894271e+01   9.8373435e-01  -1.7901240e-01   1.4875661e-02
   2.4566396e+00  -1.1974861e+01  -6.4760112e-05  -4.4879069e-04  -5.0459479e-04  -9.9999977e-01
   2.8804033e+00  -1.2457347e+01   1.4175754e+01   9.9139566e-01   1.3089825e-01  -5.3261727e-04
   2.5395916e+00  -1.1397221e+01   3.4575250e+00   7.5547008e-01   6.5518276e-01  -7.0650392e-04
   2.2768904e+00  -1.1525749e+01   4.3022349e-01   1.6173564e-01   9.7816243e-01  -1.3053675e-01
   2.0457781e+00  -1.1311650e+01   3.4538374e+00  -5.6891730e-01   8.2239415e-01  -9.8273140e-04
   7.7321546e-01  -1.1207695e+01   1.0493074e+00   2.7709524e-01   9.6083811e-01  -2.8921957e-03
  -4.1427718e-01  -1.1096098e+01   1.1990533e-03   4.8198234e-04   5.5740223e-03  -9.9998435e-01
  -1.2850432e+00  -1.1006240e+01   8.9190950e-01  -1.5028348e-01   9.8864242e-01  -1.0165527e-03
  -1.4449449e+00  -1.1013069e+01   1.4119407e+01  -1.4592843e-01   9.8929393e-01  -1.5519952e-03
  -2.5456307e+00  -1.1376378e+01   1.4641595e+01  -6.9641512e-01   7.1763643e-01  -1.9852082e-03
  -2.4334176e+00  -1.1556150e+01   4.0925559e-01  -9.3962255e-01   3.4149103e-01  -2.2211427e-02
  -2.6214140e+00  -1.1887580e+01   1.4672600e+01  -8.2257534e-01  -5.6865578e-01  -6.4639353e-04
  -2.5603470e+00  -1.1649023e+01   1.4983253e+01  -1.1671524e-05   1.2027181e-05   1.0000000e+00
  -2.0371822e+00  -1.1536588e+01  -5.8973983e-05   1.5152346e-05   4.3073678e-05  -1.0000000e+00
   5.7978735e-01  -1.1143609e+01   1.3892701e+01   2.5156047e-01   9.6784091e-01   1.1449716e-03
   1.6549384e+00  -1.1717211e+01   1.4981491e+01   4.0199616e-03   4.4306384e-03   9.9998210e-01
   1.1471736e+00  -1.2247164e+01   9.9248413e+00  -6.6385889e-01  -7.4158330e-01   9.6672555e-02
   2.2911398e+00  -1.1542349e+01   1.4508541e+01   1.9477102e-01   9.8015946e-01   3.6765118e-02
   2.4837639e+00  -1.1929283e+01   1.4982057e+01  -3.6875820e-03  -4.3352714e-04   9.9999311e-01
   2.9523378e+00  -1.2819962e+01   1.0446123e+00   9.8712439e-01   1.5992984e-01   2.8072431e-03
   1.1183246e+00  -1.5648194e+01   1.3522392e+01  -8.0033472e-01   5.9064694e-01   1.0295889e-01
   2.1326138e+00  -1.5359711e+01   1.4983442e+01  -3.8259414e-05   6.7367620e-05   1.0000000e+00
   1.7311824e+00  -1.6279762e+01   1.4983381e+01   4.5356339e-04  -7.9863966e-04   9.9999958e-01
   1.6255559e+00  -1.4637049e+01   1.0168733e+01  -7.5123451e-01   6.5889541e-01   3.8775777e-02
   2.6205901e+00  -1.3926650e+01   2.9545726e-04   5.9248419e-04   8.4054336e-05  -9.9999982e-01
   2.6158427e+00  -1.5968299e+01   3.1814476e-01   8.1967019e-01   5.7276057e-01  -9.2795932e-03
   2.0383735e+00  -1.6547750e+01   3.1541162e-01  -5.7300414e-01  -8.1955247e-01  -1.9746936e-05
   2.0182639e+00  -1.6242541e+01   1.7348405e-06  -5.4194581e-06  -5.5875232e-07  -1.0000000e+00
  -9.9545443e-01  -1.3682446e+01   8.7763772e+00  -3.0202938e-01   6.6201447e-02   9.5099717e-01
   1.0382373e+00  -1.3677281e+01   8.8012702e+00   2.9585667e-01   4.0758294e-02   9.5436240e-01
  -6.2974509e-01  -1.2170711e+01   9.9258889e+00   6.1779225e-01  -7.8288472e-01  -7.3649534e-02
  -1.4718485e+00  -1.2911066e+01   1.3378420e+01   5.3427650e-01  -8.4523950e-01  -1.0900466e-02
  -1.6817970e+00  -1.4734359e+01   1.0176450e+01   7.6027916e-01   6.4472602e-01   7.9397452e-02
  -8.5625289e-01  -1.5795916e+01   1.3484188e+01   6.8420513e-01   7.2928708e-01   1.9257245e-03
  -1.8466778e+00  -1.6298509e+01   3.8333907e-06   1.7155285e-05  -1.3680841e-05  -1.0000000e+00
  -2.5446397e+00  -1.6489611e+01   3.4178304e-01  -7.2171163e-01  -6.9219385e-01   2.8710308e-07
  -2.1174557e+00  -1.6405440e+01   1.4983364e+01   2.3009960e-04  -4.7965105e-04   9.9999986e-01
  -2.7338162e+00  -1.4765763e+01   1.4068461e+01  -9.7409631e-01  -2.2560722e-01   1.5419412e-02
  -2.7100318e+00  -1.3070177e+01   1.4149665e+01  -9.6139563e-01   2.7513585e-01   4.3250929e-03
  -1.9941465e+00  -1.1442503e+01   1.4983314e+01  -1.7537816e-04   3.4931971e-05   9.9999998e-01
  -2.0027337e+00  -1.2615230e+01   1.4983360e+01   3.2430074e-05   2.4274914e-04   9.9999997e-01
   9.6033522e-01  -1.1326319e+01   1.4982049e+01   4.4449850e-03   1.0708295e-02   9.9993279e-01
   2.5493713e+00   1.1168986e+01   1.3404741e+01   8.7069494e-01  -4.9115646e-01   2.5605661e-02
   2.8792594e+00   1.2302770e+01   1.2011921e+01   9.9014887e-01  -1.3975896e-01  -8.5238352e-03
   2.4775606e+00   1.1267646e+01   3.4191822e-01   8.2169398e-01  -5.6985891e-01  -8.9348750e-03
   2.5482482e+00   1.1150268e+01   1.2162356e+01   8.4797559e-01  -5.2990575e-01  -1.1717629e-02
   1.2751345e+00   1.0954886e+01   1.0195328e+01   4.0723174e-01  -8.9398544e-01  -1.8695545e-01
   1.8505122e+00   1.0959139e+01   1.3418143e+01  -2.7435777e-01  -9.4358621e-01   1.8539924e-01
   2.8885100e+00   1.5134424e+01   8.5318339e-01   9.9091306e-01   1.2972485e-01   3.5535624e-02
   2.8256720e+00   1.4188858e+01  -2.4001861e-05  -1.8538717e-04   1.8342406e-05  -9.9999998e-01
   2.5340165e+00   1.6201647e+01   3.2408431e-01   5.5711310e-01   8.3043663e-01  -3.1726847e-05
   2.5181121e+00   1.5888008e+01   2.8795727e-05  -5.4718692e-05   4.5121434e-06  -1.0000000e+00
   1.4581709e+00   1.6458509e+01   8.9824905e+00   2.4620514e-01   9.6910638e-01   1.4692027e-02
   8.3727228e-01   1.6578045e+01   1.2145114e+00   1.2520133e-01   9.9211991e-01  -4.7645721e-03
   1.2623404e+00   1.5522813e+01   3.2210472e-05   9.7106028e-06   4.7711335e-06  -1.0000000e+00
  -7.6570088e-01   1.5880287e+01   2.4613360e-05  -3.6770932e-06  -1.3876010e-06  -1.0000000e+00
  -1.3485608e+00   1.6369333e+01   9.6465039e+00  -4.4327527e-01   8.9617941e-01   1.9222224e-02
  -1.9934234e+00   1.6347793e+01   9.6858408e+00   6.4451985e-01   7.6456751e-01  -5.5389600e-03
  -2.1028799e+00   1.5839643e+01   2.3923086e-05   8.4823230e-06   8.3680858e-06  -1.0000000e+00
  -2.5573229e+00   1.6250123e+01   1.2128814e+01  -8.4210546e-01   5.3929888e-01   3.8867154e-03
  -2.1997260e+00   1.4245042e+01   1.6259265e-05   2.9850463e-06   2.8502570e-06  -1.0000000e+00
  -2.9584669e+00   1.4805861e+01   1.0362594e+00  -9.8843886e-01   1.5161969e-01  -2.8416563e-04
  -2.5749130e+00   1.3603972e+01   1.6935771e+01  -9.6847540e-01  -7.3601017e-02   2.3798799e-01
  -2.7507995e+00   1.2552550e+01   1.4632343e+01  -9.5434503e-01  -2.9232032e-01   6.1436053e-02
  -2.8531573e+00   1.2301887e+01   1.0183514e+01  -9.8402419e-01  -1.7803399e-01   5.4080493e-04
  -2.9295291e+00   1.2724947e+01   1.0729396e+00  -9.8484847e-01  -1.7341697e-01  -1.9947578e-04
  -2.0536143e+00   1.1252707e+01   5.4338722e-05  -1.5580729e-05  -1.1837939e-04  -9.9999999e-01
  -2.4000410e+00   1.1277445e+01   3.4941389e-01  -5.5191373e-01  -8.3382247e-01  -1.1459375e-02
  -1.5257718e+00   1.0872868e+01   1.0139412e+01  -1.7200884e-01  -9.8456101e-01  -3.2443427e-02
   7.6308772e-02   1.0954009e+01   1.7227089e+00  -2.6438507e-02  -9.9868726e-01  -4.3872166e-02
   2.8760133e+00   1.2412335e+01   1.4826481e+01   9.8400289e-01  -1.7679800e-01   2.1926831e-02
   2.6463832e+00   1.3575335e+01   1.6801031e+01   9.7409480e-01   1.1580687e-01   1.9423722e-01
   2.6463747e+00   1.4708709e+01   1.4639554e+01   9.4582430e-01   3.2354859e-01   2.7068345e-02
   2.5996212e+00   1.6051778e+01   1.3687866e+01   8.1824025e-01  -5.6987543e-01   7.5663059e-02
   2.5519486e+00   1.6184361e+01   1.0400524e+01   5.1493662e-01   8.4941954e-01  -1.1544147e-01
   2.6581672e+00   1.5832138e+01   1.1043480e+01   8.6260076e-01  -5.0374845e-01   4.6448193e-02
  -1.4065407e+00   1.6481518e+01   1.5886905e+01  -2.5126576e-01   9.5729159e-01   1.4303260e-01
  -1.6107955e+00   1.6557044e+01   1.3097268e+01   8.2428677e-02   9.8934287e-01  -1.2002579e-01
  -2.5354965e+00   1.1266224e+01   1.0469590e+01  -8.0800507e-01  -5.7335326e-01  -1.3562390e-01
  -1.0177904e-01   1.6247184e+01   1.7338031e+01   2.4253109e-02   9.3618702e-01   3.5066458e-01
  -2.4994753e+00   1.6258904e+01   1.3397501e+01  -8.7759630e-01   4.7474955e-01   6.6615273e-02
  -2.0298231e+00   1.1062232e+01   1.3798172e+01   5.7653820e-02  -9.9151326e-01   1.1652247e-01
   1.0206370e+00   1.4648297e+01   1.8135696e+01   1.3548276e-01  -4.4803220e-03   9.9076957e-01
  -9.0354357e-01   1.2865816e+01   1.8020790e+01  -4.0690657e-02  -2.1033925e-01   9.7678128e-01
   1.4778464e-01   1.1357376e+01   1.5935402e+01   1.4975375e-02  -9.9431649e-01   1.0540612e-01
  -1.1718917e+00   1.0848642e+01   8.2670657e+00  -1.6836026e-01  -9.8568018e-01  -9.4549555e-03
  -2.4542808e+00   1.1277387e+01   9.3470737e+00  -7.0600075e-01  -7.0820272e-01   3.4422517e-03
  -2.6852164e+00   1.1261841e+01   1.3621831e+01  -8.2008887e-01   5.6939045e-01   5.6997917e-02
  -1.9976048e+00   1.2254940e+01   2.4691251e-05  -4.4858532e-06  -1.1465430e-05  -1.0000000e+00
  -2.8247714e+00   1.4935795e+01   1.4892280e+01  -9.6812109e-01   2.4061326e-01   6.9619047e-02
  -2.9103236e+00   1.5069504e+01   1.1949420e+01  -9.8650200e-01   1.6374161e-01   1.5751299e-03
  -2.3744191e+00   1.6146422e+01   4.0715451e-01  -3.1833446e-01   9.4735620e-01  -3.4342280e-02
  -1.1292747e+00   1.6510244e+01   7.8861021e-01  -2.7680402e-01   9.6092577e-01  -1.0976680e-03
   1.0295326e+00   1.6391017e+01   1.5539945e+01   3.0586566e-01   9.5139153e-01   3.6060331e-02
   2.4790684e+00   1.6275639e+01   1.3644696e+01  -3.7572660e-01   9.2586609e-01   4.0018920e-02
   2.3990451e+00   1.6186123e+01   8.9900458e+00   3.3316847e-01   9.4272829e-01   1.6191092e-02
   2.6526393e+00   1.5784203e+01   1.0210535e+01   8.3702547e-01  -5.4716380e-01  -3.7106748e-04
   2.7746592e+00   1.4571365e+01   1.0779589e+01   9.5394288e-01   2.9971029e-01   1.2912135e-02
   2.8749432e+00   1.2917751e+01   1.2120086e+00   9.8993976e-01  -1.4124436e-01  -8.3250304e-03
   2.5493162e+00   1.1597099e+01   1.4594879e-04   1.0998018e-03  -2.9273298e-04  -9.9999935e-01
   1.0169348e+00   1.0943689e+01   8.5576664e+00   3.3275770e-01  -9.4190964e-01   4.5591108e-02
   2.0416345e+00   1.1051985e+01   9.7430463e+00  -6.0423434e-01  -7.9677133e-01  -7.5038609e-03
