  -2.5187745e+01   1.5282481e+01   9.9553723e+00   8.2560929e-01   5.1389361e-01   2.3298638e-01
  -2.5137171e+01   1.4022458e+01   1.0538654e+01   9.3033503e-01  -5.4014602e-03   3.6667090e-01
  -2.5085805e+01   1.3273024e+01   9.1624633e+00   8.0197444e-01  -5.8757027e-01  -1.0769485e-01
  -3.7025284e+01   1.4837312e+01   9.0421591e+00  -3.0100851e-02   5.9262841e-01  -8.0491335e-01
  -3.7392596e+01   1.2803693e+01   1.0820062e+01  -4.0377369e-02  -8.4151344e-01   5.3872516e-01
  -2.6655880e+01   1.3759337e+01   1.1391160e+01   3.7633169e-02  -1.1615822e-01   9.9251751e-01
  -3.7082063e+01   1.4879083e+01   1.1020544e+01  -4.5590881e-02   5.2770389e-01   8.4820403e-01
  -2.6346803e+01   1.5502468e+01   1.0613868e+01   3.8543026e-02   9.2386251e-01   3.8077881e-01
  -2.6633797e+01   1.2607581e+01   9.8741049e+00   3.7116242e-02  -9.8941829e-01  -1.4026342e-01
  -2.5878800e+01   1.3639574e+01   8.4481293e+00   2.4916043e-02  -1.5879663e-01  -9.8699687e-01
  -2.5935582e+01   1.5279112e+01   9.1846874e+00   8.3486856e-03   7.5787208e-01  -6.5234976e-01
  -3.7525207e+01   1.2860072e+01   8.9241981e+00  -1.9745275e-02  -7.6366156e-01  -6.4531477e-01
  -9.6726162e+01   1.5209700e+01   1.1136256e+01   3.9341123e-02   7.6191032e-01   6.4648661e-01
  -9.6682118e+01   1.4264581e+01   1.1548269e+01   8.9266343e-01  -2.2409338e-02   4.5016645e-01
  -9.6757793e+01   1.2896194e+01   1.1141502e+01   8.4252225e-02  -5.5849918e-01   8.2521526e-01
  -9.6683527e+01   1.2453741e+01   1.0300195e+01   8.8026417e-01  -4.7145144e-01   5.3558692e-02
  -9.6704558e+01   1.2722978e+01   8.8168868e+00   2.7060619e-01  -8.6986180e-01  -4.1244727e-01
  -9.6725148e+01   1.3240725e+01   8.4291317e+00   7.2393696e-01   1.0093175e-03  -6.8986539e-01
  -9.6787743e+01   1.5564843e+01   1.0010181e+01   9.2196334e-01   3.5030139e-01  -1.6514400e-01
  -8.3329598e+01   1.4721951e+01   1.0500739e+01   5.6656029e-02   8.3645423e-01   5.4510038e-01
  -8.3262771e+01   1.3177144e+01   1.0510117e+01   4.0613638e-02  -8.7659838e-01   4.7950579e-01
  -8.3325391e+01   1.3888733e+01   9.1741397e+00   3.0616156e-02  -1.0037509e-02  -9.9948081e-01
  -9.5349022e+01   1.5140454e+01   9.6649952e+00  -2.7536183e-02   9.9775785e-01  -6.1000336e-02
  -9.5582223e+01   1.4026533e+01   8.5720882e+00   6.8464195e-02  -2.2019231e-01  -9.7305087e-01
  -9.5366871e+01   1.2840863e+01   9.8869455e+00  -2.1762647e-02  -9.9949325e-01   2.3229816e-02
  -9.5408544e+01   1.4034648e+01   1.1162505e+01  -3.7891027e-02  -6.8527796e-03   9.9925838e-01
  -1.1042587e+02   1.6048856e+01   9.6072904e+00  -1.7001515e-02   9.8881226e-01  -1.4819332e-01
  -1.1040800e+02   1.5490654e+01   1.1146801e+01   2.3816252e-01   6.9838645e-01   6.7493332e-01
  -1.1127215e+02   1.4616081e+01   1.2183934e+01   1.5961307e-01   5.8427070e-01   7.9570813e-01
  -1.1016037e+02   1.3635625e+01   1.1821697e+01   2.8167490e-01  -5.7989942e-01   7.6444484e-01
  -1.1189407e+02   1.2843843e+01   1.1682881e+01   1.8615498e-01  -6.4422601e-01   7.4183500e-01
  -1.1344035e+02   1.1905314e+01   1.0111963e+01  -3.0134257e-02  -9.9347555e-01   1.0999204e-01
  -1.1075306e+02   1.2240465e+01   8.7383962e+00   1.4128716e-01  -8.9314833e-01  -4.2699415e-01
  -1.0966103e+02   1.3158217e+01   8.1652662e+00   8.7053114e-01  -3.4219241e-01  -3.5366636e-01
  -1.0970908e+02   1.4148115e+01   7.8233482e+00   7.7800148e-02   1.4869828e-01  -9.8581741e-01
  -1.0967361e+02   1.5382288e+01   8.5232353e+00   8.9757554e-01   3.4049896e-01  -2.8003323e-01
  -9.8196158e+01   1.5334235e+01   1.1013503e+01   4.4308216e-03   7.6250991e-01   6.4696137e-01
  -9.7882321e+01   1.3988308e+01   8.1863906e+00   3.0145436e-02   3.9724023e-02  -9.9875585e-01
  -9.7915696e+01   1.5614605e+01   9.2555276e+00  -9.7708848e-05   8.5605030e-01  -5.1689252e-01
  -1.0808503e+02   1.5116104e+01   8.9027709e+00  -3.1119458e-02   7.5012398e-01  -6.6056460e-01
  -1.0796976e+02   1.2961562e+01   8.8909802e+00  -4.7591873e-02  -6.9884887e-01  -7.1368429e-01
  -9.8135636e+01   1.2335441e+01   9.4014875e+00   1.5691523e-02  -9.0126965e-01  -4.3297437e-01
  -9.8332056e+01   1.2941685e+01   1.1167514e+01  -1.8652483e-02  -5.5948146e-01   8.2863296e-01
  -1.0806252e+02   1.3197529e+01   1.1230785e+01  -1.9764599e-03  -6.1095183e-01   7.9166531e-01
  -1.0827598e+02   1.5124885e+01   1.1211649e+01  -8.9776592e-03   7.2089127e-01   6.9299003e-01
  -6.3747046e+01   1.8020667e+01   9.1870035e+00  -6.8984965e-03   9.7768320e-01  -2.0997137e-01
  -6.3343668e+01   1.2034869e+01   6.5889456e+00  -8.5386897e-03  -5.1297673e-01  -8.5836004e-01
  -4.2516280e+01   1.2015368e+01   6.3544297e+00  -1.2920663e-02  -4.8466771e-01  -8.7460292e-01
  -6.3639310e+01   1.0066745e+01   8.9575568e+00  -9.0120271e-03  -9.7162904e-01  -2.3633830e-01
  -6.3423277e+01   1.0494760e+01   1.1877116e+01  -1.5316287e-02  -8.8357049e-01   4.6804765e-01
  -6.3523629e+01   1.2904178e+01   1.3874502e+01  -7.0814761e-03  -2.9111512e-01   9.5666182e-01
  -6.3575803e+01   1.5783425e+01   1.3671811e+01  -4.5952874e-03   4.0469039e-01   9.1444222e-01
  -4.2581921e+01   1.7236988e+01   1.2625741e+01   9.1401430e-03   7.5817490e-01   6.5198717e-01
  -6.3657065e+01   1.7721225e+01   1.1766128e+01  -1.0375188e-02   9.1328725e-01   4.0718394e-01
  -4.2577689e+01   1.8121712e+01   1.0611953e+01   6.5306821e-03   9.9331501e-01   1.1525035e-01
  -4.2789049e+01   1.5158192e+01   1.3927386e+01   4.1499963e-03   3.2201348e-01   9.4672599e-01
  -4.2609340e+01   1.2730125e+01   1.3951899e+01  -4.6172671e-03  -3.1109093e-01   9.5036894e-01
  -4.2651459e+01   1.0908216e+01   1.2747049e+01   5.1832974e-03  -7.4610155e-01   6.6581199e-01
  -4.2988754e+01   9.9926363e+00   1.0227357e+01   1.2134784e-02  -9.9902227e-01   4.2511791e-02
  -4.2540464e+01   1.0544197e+01   7.7128662e+00   8.2081016e-03  -8.3013963e-01  -5.5749513e-01
  -6.3799935e+01   1.4650329e+01   5.9325168e+00   5.0481357e-03   1.6195589e-01  -9.8678509e-01
  -4.3365131e+01   1.5086184e+01   6.2603928e+00   1.5169380e-02   2.4003138e-01  -9.7064660e-01
  -6.3838786e+01   1.6867966e+01   6.9970333e+00  -1.1054039e-02   7.0524765e-01  -7.0887486e-01
  -4.2915194e+01   1.7617384e+01   8.1107646e+00   9.1403202e-03   9.0755969e-01  -4.1982361e-01
  -4.1431116e+01   1.7459984e+01   1.1261672e+01   9.9287430e-01   1.1837359e-01   1.3722617e-02
  -4.1405537e+01   1.6623528e+01   1.2550306e+01   9.8284420e-01   1.3983116e-01   1.2026856e-01
  -4.1405784e+01   1.5735845e+01   1.3152367e+01   9.8518887e-01   5.5254713e-02   1.6232625e-01
  -4.1440966e+01   1.3716976e+01   1.3605650e+01   9.9577689e-01  -2.8520192e-02   8.7263835e-02
  -4.1343769e+01   1.2582453e+01   1.2129791e+01   9.9575373e-01  -2.8417336e-02   8.7561149e-02
  -4.1413241e+01   1.0811416e+01   1.1782382e+01   9.8837863e-01  -1.1341802e-01   1.0121287e-01
  -4.1380035e+01   1.0522460e+01   1.0368917e+01   9.7294417e-01  -2.3083196e-01   9.8110591e-03
  -4.1425976e+01   1.0605885e+01   8.6169309e+00   9.9094480e-01  -1.1144622e-01  -7.4887530e-02
  -4.1380967e+01   1.1991279e+01   7.9022692e+00   9.9618564e-01  -4.4343618e-02  -7.5151966e-02
  -4.1449555e+01   1.2646032e+01   6.6312673e+00   9.9598076e-01  -4.3487281e-02  -7.8301842e-02
  -4.1436882e+01   1.3901369e+01   6.6652209e+00   9.9531694e-01   2.3191821e-02  -9.3842022e-02
  -4.1148882e+01   1.5848259e+01   7.6705610e+00   9.1712987e-01  -3.6047629e-02  -3.9695511e-01
  -4.1183175e+01   1.7062284e+01   8.3010658e+00   8.7431057e-01   4.4055614e-01  -2.0369417e-01
  -4.1146378e+01   1.6937929e+01   9.8108609e+00   9.3880772e-01   2.9651946e-01   1.7526061e-01
  -4.0041489e+01   1.6149599e+01   1.0152149e+01  -4.0053469e-02   9.9317249e-01   1.0956331e-01
  -3.9355317e+01   1.5196498e+01   1.1326112e+01   4.9849710e-01   4.5793811e-01   7.3606612e-01
  -4.0141230e+01   1.3541926e+01   1.1511273e+01  -1.7772690e-01  -3.5208438e-01   9.1893946e-01
  -3.9215437e+01   1.2330753e+01   1.0582282e+01   4.0280964e-01  -7.7085223e-01   4.9348884e-01
  -3.9116830e+01   1.2381399e+01   9.3866476e+00   1.3869006e-01  -7.5642888e-01  -6.3920296e-01
  -4.0348421e+01   1.2846163e+01   8.4645714e+00   1.8980219e-01  -7.7757323e-01  -5.9946225e-01
  -4.0223548e+01   1.4329072e+01   8.0223133e+00   2.1782582e-01   3.3494653e-01  -9.1671300e-01
  -3.9270779e+01   1.5494152e+01   9.0439894e+00   4.8923970e-01   5.1709480e-01  -7.0232292e-01
  -1.1514557e+02   1.6197664e+01   1.0315539e+01  -2.2726180e-01   9.2336937e-01   3.0942057e-01
  -1.1597665e+02   1.4048999e+01   1.1350611e+01  -1.5530323e-01   1.6016149e-01   9.7479701e-01
  -1.1607755e+02   1.2244953e+01   1.0187470e+01  -2.0495621e-01  -9.7531676e-01   8.2159366e-02
  -1.1595698e+02   1.3266002e+01   8.2605249e+00  -2.1569137e-01  -3.7632920e-01  -9.0102917e-01
  -1.1605988e+02   1.5336092e+01   8.6495759e+00  -2.1940197e-01   6.6669599e-01  -7.1230557e-01
  -1.1309474e+02   1.4296854e+01   1.1992892e+01  -3.4382279e-01   2.2341011e-01   9.1207117e-01
  -1.1324562e+02   1.6310009e+01   9.9612252e+00   1.7491104e-01   9.8341257e-01   4.8019160e-02
  -1.1378322e+02   1.5619372e+01   8.3928658e+00  -1.0162218e-01   6.7205382e-01  -7.3349614e-01
  -1.1108917e+02   1.4393054e+01   7.7643002e+00   6.6295327e-02   1.4882070e-01  -9.8663941e-01
  -1.1361034e+02   1.3012219e+01   7.9490666e+00  -9.7210065e-02  -3.6247281e-01  -9.2691082e-01
  -8.2005840e+01   1.6493557e+01   9.7568340e+00  -9.9998607e-01  -3.9265785e-03  -3.5273584e-03
  -8.2005174e+01   1.5152811e+01   1.1331093e+01  -9.9998246e-01  -4.9597848e-03  -3.2383647e-03
  -8.2011597e+01   1.3940628e+01   1.2495202e+01  -9.9989862e-01   7.1579106e-04  -1.4221188e-02
  -8.2007097e+01   1.2868827e+01   1.1454993e+01  -9.9995719e-01   8.1287211e-03  -4.4214818e-03
  -8.2005845e+01   1.1462993e+01   1.0138347e+01  -9.9998185e-01   3.7626336e-04  -6.0132362e-03
  -8.2001257e+01   1.1436015e+01   8.5873966e+00  -9.9999939e-01   6.5158461e-04   8.9233216e-04
  -8.2002687e+01   1.2683539e+01   7.6785577e+00  -9.9999823e-01  -8.6312708e-04   1.6705193e-03
  -8.2002067e+01   1.4398514e+01   8.3111823e+00  -9.9999715e-01   4.9882917e-05   2.3884060e-03
  -8.2003820e+01   1.6074542e+01   8.2220156e+00  -9.9999406e-01  -2.0358817e-03   2.7821980e-03
  -8.0065273e+01   1.7429280e+01   1.0695335e+01  -1.5296215e-01   9.6177232e-01   2.2714884e-01
  -6.7994587e+01   1.9105990e+01   1.1445662e+01  -1.4078972e-01   9.5071975e-01   2.7624304e-01
  -6.7914856e+01   1.6960108e+01   5.5407248e+00  -1.1740180e-01   5.3943369e-01  -8.3380340e-01
  -6.8403621e+01   1.7923587e+01   1.3577144e+01  -1.0091209e-01   7.6760069e-01   6.3293438e-01
  -6.9280518e+01   1.5673204e+01   1.4829086e+01  -1.1377914e-01   2.7199489e-01   9.5554858e-01
  -7.9985666e+01   1.4086235e+01   1.3519464e+01  -1.5983585e-01   5.1817722e-02   9.8578265e-01
  -6.8108506e+01   1.2514396e+01   1.5103400e+01  -1.0781154e-01  -2.6257155e-01   9.5887061e-01
  -6.6927953e+01   1.0087089e+01   1.3724808e+01  -9.5119211e-02  -7.1645050e-01   6.9112301e-01
  -8.0163384e+01   1.0717221e+01   1.1452091e+01  -1.5129962e-01  -9.2928171e-01   3.3696281e-01
  -6.7089702e+01   8.6912693e+00   1.0495098e+01  -1.1055596e-01  -9.8917690e-01   9.6469876e-02
  -6.8090095e+01   9.1927128e+00   7.7226862e+00  -1.1717063e-01  -8.9393340e-01  -4.3261313e-01
  -8.0867497e+01   1.0767193e+01   8.0856150e+00  -1.2627054e-01  -8.6606616e-01  -4.8372013e-01
  -6.8881968e+01   1.0856416e+01   5.8014627e+00  -1.0849565e-01  -5.9932226e-01  -7.9312138e-01
  -8.0442709e+01   1.3031862e+01   6.4777682e+00  -1.4367479e-01  -2.5952445e-01  -9.5498933e-01
  -6.8857659e+01   1.3348002e+01   4.8234790e+00  -1.1863690e-01  -1.2988648e-01  -9.8440580e-01
  -6.7746536e+01   1.5297742e+01   4.7305826e+00  -1.0598997e-01   2.5347772e-01  -9.6151712e-01
  -8.0435276e+01   1.6459645e+01   7.2483417e+00  -1.4027742e-01   6.4917539e-01  -7.4759184e-01
  -6.7920761e+01   1.8517135e+01   7.0871922e+00  -1.0853023e-01   8.4048572e-01  -5.3085303e-01
  -6.7995247e+01   1.9273639e+01   9.0421558e+00  -1.0817622e-01   9.7585065e-01  -1.8977199e-01
  -6.6166800e+01   1.9383399e+01   1.0180680e+01   9.9533456e-02   9.9443326e-01   3.4577219e-02
  -6.6094264e+01   1.7880607e+01   6.2281906e+00   7.9191675e-02   7.1243751e-01  -6.9725281e-01
  -6.6079479e+01   1.4300232e+01   4.7109540e+00   1.2851002e-01  -7.5007302e-02  -9.8886757e-01
  -6.6938037e+01   1.2407060e+01   4.8342426e+00   3.2603372e-02  -1.4366977e-01  -9.8908848e-01
  -6.6864171e+01   1.0901452e+01   5.4758500e+00  -1.2327359e-01  -5.9899188e-01  -7.9120942e-01
  -6.6139932e+01   9.7319620e+00   6.6971702e+00   8.9163602e-02  -8.0685156e-01  -5.8398666e-01
  -6.6115868e+01   1.3794891e+01   1.5327602e+01   1.3270347e-01  -5.1100369e-02   9.8983763e-01
  -6.6828955e+01   1.5779578e+01   1.5121233e+01  -1.4360462e-01   2.6843157e-01   9.5253462e-01
  -6.6124600e+01   1.7380292e+01   1.4249371e+01   5.3087900e-02   6.6916739e-01   7.4121298e-01
  -6.5084614e+01   1.8800759e+01   1.0456027e+01   9.8652205e-01   1.6241657e-01   1.9877057e-02
  -6.5075565e+01   1.8283025e+01   1.2090013e+01   9.9348264e-01   1.0413560e-01   4.6346752e-02
  -6.5053816e+01   1.7459294e+01   1.3471772e+01   9.9346285e-01   1.0420348e-01   4.6617691e-02
  -6.4999987e+01   1.5820656e+01   1.4370149e+01   1.0000000e+00  -6.1764094e-05   3.4066425e-05
  -6.5028246e+01   1.4279311e+01   1.4769484e+01   9.9795529e-01  -3.1194863e-02   5.5786431e-02
  -6.5055407e+01   1.1877373e+01   1.4223484e+01   9.9632851e-01  -2.4946725e-02   8.1897244e-02
  -6.5161665e+01   1.0707396e+01   1.3778681e+01   9.7396681e-01  -2.1884598e-01   5.9119309e-02
  -6.5209842e+01   9.7726487e+00   1.2052390e+01   9.6250909e-01  -2.3967982e-01   1.2700331e-01
  -6.5231585e+01   9.0602544e+00   1.0467546e+01   9.4509322e-01  -3.1528953e-01   8.5972800e-02
  -6.5124510e+01   9.3865629e+00   8.9454711e+00   9.8349739e-01  -1.7577564e-01  -4.2846380e-02
  -6.5086094e+01   1.0010334e+01   7.2610582e+00   9.8357724e-01  -1.7546543e-01  -4.2281130e-02
  -6.5000097e+01   1.1563169e+01   6.0147951e+00   9.9999999e-01  -1.3826976e-05   1.1392799e-04
  -6.5019396e+01   1.3466576e+01   5.3138334e+00   9.9884844e-01   1.1938275e-02  -4.6467950e-02
  -6.5029511e+01   1.5561578e+01   5.5309568e+00   9.9845718e-01   8.7798985e-03  -5.4828554e-02
  -6.5026644e+01   1.6429877e+01   6.0122153e+00   9.9773140e-01   4.7582009e-02  -4.7623598e-02
  -6.5059413e+01   1.8076218e+01   7.3200421e+00   9.9535613e-01   7.5087432e-02  -6.0233324e-02
  -6.5046228e+01   1.8464989e+01   8.4597726e+00   9.9699078e-01   7.5810683e-02  -1.6190417e-02
