  -5.6978040e+01   1.0608059e+01   4.1558351e+01   7.1388518e-01   6.0200851e-01   3.5770617e-01
  -5.6423671e+01   9.3878633e+00   4.1191980e+01   9.7537574e-01   1.9020190e-01   1.1164857e-01
  -5.6750776e+01   9.5779239e+00   3.9670447e+01   8.0433533e-01  -4.5187744e-02  -5.9245485e-01
  -6.7802597e+01   5.8318965e+00   4.2643187e+01  -4.7447250e-01   8.5053592e-01  -2.2685788e-01
  -6.6980463e+01   3.2354127e+00   4.2760903e+01   3.6256407e-01  -9.2429569e-01  -1.1926768e-01
  -5.7386249e+01   8.1119783e+00   4.1932277e+01   4.4872273e-01  -5.9286991e-01   6.6869514e-01
  -6.7086617e+01   4.7979214e+00   4.4171993e+01   1.7452641e-01  -7.4159899e-02   9.8185581e-01
  -5.7803239e+01   9.9421734e+00   4.2395651e+01  -2.1890421e-02   5.0061562e-01   8.6539287e-01
  -5.7705188e+01   8.0656980e+00   4.0054877e+01   1.9834351e-01  -6.4432464e-01  -7.3858351e-01
  -5.7820316e+01   9.8956433e+00   3.9501284e+01  -3.2952936e-01   4.1213382e-01  -8.4944459e-01
  -5.7947031e+01   1.0699959e+01   4.1104668e+01  -4.1709842e-01   9.0875597e-01  -1.3838328e-02
  -6.7854954e+01   4.2199056e+00   4.1389370e+01  -1.0074743e-01  -2.3476943e-01  -9.6681605e-01
  -1.2034952e+02  -1.9841584e+01   5.4825670e+01   1.1909389e-01   2.4101540e-01   9.6318649e-01
  -1.1993823e+02  -2.0740874e+01   5.4530565e+01   9.7828632e-01   1.1799276e-01   1.7039247e-01
  -1.1986074e+02  -2.1572848e+01   5.3370620e+01   5.2317425e-01  -8.1337999e-01   2.5436527e-01
  -1.2002594e+02  -2.1427172e+01   5.2442944e+01   9.1161620e-01  -1.1412344e-02  -4.1088400e-01
  -1.2068638e+02  -2.0455588e+01   5.1498018e+01   2.7336136e-01  -3.1525237e-01  -9.0878463e-01
  -1.2097208e+02  -1.9876164e+01   5.1536816e+01   3.7533082e-01   6.6515715e-01  -6.4551742e-01
  -1.2092518e+02  -1.9011198e+01   5.4211660e+01   6.8015319e-01   7.3036434e-01  -6.2925092e-02
  -1.0853325e+02  -1.4293102e+01   5.1711180e+01   7.8183963e-02   3.5685073e-01   9.3088389e-01
  -1.0812610e+02  -1.5415615e+01   5.0728751e+01   4.1943300e-01  -8.8543079e-01  -2.0022059e-01
  -1.0886436e+02  -1.4210890e+01   5.0182210e+01  -3.6245176e-01   5.3137467e-01  -7.6568249e-01
  -1.1968200e+02  -1.8545384e+01   5.3432769e+01  -2.7059077e-01   7.6043249e-01   5.9035842e-01
  -1.2007080e+02  -1.8893102e+01   5.1943626e+01  -2.7152701e-01   3.7739711e-01  -8.8534994e-01
  -1.1909901e+02  -2.0374648e+01   5.2147612e+01   2.1216228e-01  -7.6235696e-01  -6.1139106e-01
  -1.1890165e+02  -2.0178250e+01   5.3872834e+01   3.5962825e-01  -5.4680540e-01   7.5608953e-01
  -1.3336351e+02  -2.4116433e+01   5.6582347e+01  -2.9338601e-01   8.0407355e-01   5.1709803e-01
  -1.3261947e+02  -2.5333170e+01   5.7387297e+01   3.2183467e-01   2.6169448e-01   9.0991123e-01
  -1.3278935e+02  -2.6887170e+01   5.7766159e+01   3.2449602e-01   8.0804705e-02   9.4242927e-01
  -1.3172083e+02  -2.6960740e+01   5.6679142e+01   6.8028520e-01  -7.1511335e-01   1.6070139e-01
  -1.3314647e+02  -2.8196309e+01   5.6374295e+01   6.0050605e-01  -7.9063694e-01   1.1952286e-01
  -1.3493376e+02  -2.8708864e+01   5.4863564e+01   2.3737363e-01  -8.0704282e-01  -5.4068072e-01
  -1.3314858e+02  -2.6618959e+01   5.3572853e+01   1.5743060e-01  -3.7866909e-01  -9.1204459e-01
  -1.3260298e+02  -2.5182330e+01   5.3531807e+01   7.1445539e-01   2.9477330e-01  -6.3455669e-01
  -1.3300032e+02  -2.4288425e+01   5.3908831e+01  -3.5029348e-01   6.6151422e-01  -6.6309383e-01
  -1.3296890e+02  -2.3726979e+01   5.5211943e+01   6.1550162e-01   7.7342321e-01  -1.5157274e-01
  -1.2173740e+02  -2.0296452e+01   5.5067162e+01   8.7979392e-02   2.2667634e-01   9.6998838e-01
  -1.2226651e+02  -1.9675730e+01   5.2027862e+01  -3.7366243e-01   5.6769791e-01  -7.3354991e-01
  -1.2223896e+02  -1.9046544e+01   5.3869711e+01  -3.9336546e-01   9.0673765e-01   1.5195545e-01
  -1.3134292e+02  -2.3462949e+01   5.5053915e+01  -4.5382099e-01   8.9090931e-01  -1.8086125e-02
  -1.3076506e+02  -2.5006228e+01   5.3661121e+01  -1.6684242e-01  -1.6231967e-01  -9.7253068e-01
  -1.2164815e+02  -2.1646222e+01   5.1942223e+01   4.4796110e-02  -4.3381768e-01  -8.9988640e-01
  -1.2126575e+02  -2.2208020e+01   5.3692401e+01   4.3288514e-01  -8.5873675e-01   2.7419272e-01
  -1.2998265e+02  -2.6101417e+01   5.5591763e+01   4.4472536e-01  -8.7049957e-01   2.1083133e-01
  -1.3060969e+02  -2.4751171e+01   5.6834458e+01   1.0332868e-01   1.6601000e-01   9.8069560e-01
  -9.2304563e+01  -3.0055992e+00   4.9407776e+01  -3.0612719e-01   8.3254451e-01   4.6168798e-01
  -9.1631180e+01  -5.9083730e+00   4.3588600e+01  -2.3010051e-01   6.7895808e-02  -9.7079551e-01
  -7.3129568e+01   2.8689156e+00   3.9782693e+01  -2.4668554e-01   9.5614624e-02  -9.6436720e-01
  -9.0527973e+01  -8.7373785e+00   4.4180963e+01   1.1552760e-01  -5.9976046e-01  -7.9179591e-01
  -8.9285338e+01  -9.8668178e+00   4.6616926e+01   3.6657248e-01  -9.0784797e-01  -2.0356000e-01
  -8.9127814e+01  -9.1734511e+00   4.9666411e+01   4.3369159e-01  -7.2232718e-01   5.3866042e-01
  -8.9894749e+01  -6.9536789e+00   5.1345186e+01   2.6447787e-01  -1.8317186e-01   9.4683659e-01
  -7.1890707e+01   3.4122604e+00   4.7830613e+01   9.5117451e-02   2.2278015e-01   9.7021733e-01
  -9.1146034e+01  -4.5476804e+00   5.1148309e+01  -5.2839922e-02   4.5851410e-01   8.8711485e-01
  -7.2873696e+01   5.1299423e+00   4.6870710e+01  -1.7006323e-01   6.7854359e-01   7.1460275e-01
  -7.1102351e+01   1.0996285e+00   4.7532630e+01   3.0334638e-01  -2.5782174e-01   9.1733796e-01
  -7.0391897e+01  -6.3876077e-01   4.5982896e+01   4.3786927e-01  -7.3280065e-01   5.2083943e-01
  -7.0496506e+01  -1.3729636e+00   4.3927949e+01   4.3183587e-01  -9.0148285e-01   2.9093764e-02
  -7.1582026e+01  -8.6596701e-01   4.1506065e+01   2.4987023e-01  -7.5804442e-01  -6.0243964e-01
  -7.2290898e+01   1.0530526e+00   3.9880420e+01  -2.6555059e-02  -3.1865264e-01  -9.4749951e-01
  -9.2878030e+01  -3.8135451e+00   4.4828257e+01  -4.1857280e-01   6.4157159e-01  -6.4279289e-01
  -7.4607592e+01   4.8419620e+00   4.1803046e+01  -4.2058783e-01   6.9517839e-01  -5.8295187e-01
  -9.2988805e+01  -2.7457647e+00   4.7041894e+01  -4.4487249e-01   8.9141428e-01  -8.6423628e-02
  -7.4043675e+01   5.9320332e+00   4.4723151e+01  -3.5851030e-01   8.9768174e-01   2.5619888e-01
  -7.1448213e+01   4.7745313e+00   4.6742875e+01   8.6521330e-01   4.9377634e-01  -8.7125629e-02
  -7.0733783e+01   3.4867287e+00   4.7181094e+01   8.9327268e-01   4.4943343e-01   8.5741514e-03
  -7.0300283e+01   2.5115655e+00   4.7073416e+01   9.3068728e-01   3.6556125e-01  -1.3643882e-02
  -6.9704536e+01   7.6146002e-01   4.6143496e+01   9.2934404e-01   3.4736332e-01  -1.2513343e-01
  -6.9944107e+01   7.3753641e-01   4.4295037e+01   9.2941609e-01   3.4727467e-01  -1.2484400e-01
  -6.9748161e+01  -4.2164452e-01   4.2923909e+01   9.4710570e-01   2.7400683e-01  -1.6706600e-01
  -7.0208590e+01   1.2190303e-01   4.1668900e+01   9.2361568e-01   2.2863529e-01  -3.0766862e-01
  -7.0955320e+01   1.0867879e+00   4.0407974e+01   8.7989126e-01   3.6921514e-01  -2.9911797e-01
  -7.1503811e+01   2.5088706e+00   4.0737999e+01   8.6952964e-01   4.2128635e-01  -2.5775184e-01
  -7.2209268e+01   3.6347762e+00   4.0205531e+01   8.6792038e-01   4.2349446e-01  -2.5955089e-01
  -7.2464057e+01   4.5529415e+00   4.1023601e+01   8.4639040e-01   4.8083862e-01  -2.2894872e-01
  -7.2246043e+01   5.5871586e+00   4.2964445e+01   6.7090355e-01   5.6391715e-01  -4.8154531e-01
  -7.2299582e+01   6.1411572e+00   4.4214563e+01   6.0240043e-01   7.9775039e-01  -2.6608768e-02
  -7.1646898e+01   5.2695957e+00   4.5268455e+01   8.4066084e-01   5.1833485e-01   1.5690231e-01
  -7.0351414e+01   4.9653112e+00   4.4835031e+01  -2.1384149e-01   6.6204485e-01   7.1830942e-01
  -6.9066392e+01   3.9263093e+00   4.4998194e+01   6.3169286e-01   1.5958477e-01   7.5861508e-01
  -6.9326948e+01   2.2749796e+00   4.4226971e+01   2.8015867e-01  -8.1870028e-01   5.0123943e-01
  -6.8595411e+01   2.2512464e+00   4.2598674e+01   7.2465304e-01  -6.6364333e-01  -1.8562192e-01
  -6.8987620e+01   2.9591554e+00   4.1711617e+01   4.1446738e-02  -1.6668423e-01  -9.8513884e-01
  -7.0551964e+01   3.2765008e+00   4.1524067e+01   1.0736571e-01  -1.8200766e-01  -9.7741793e-01
  -7.0944036e+01   4.6607488e+00   4.2107454e+01  -2.3968192e-01   8.2151044e-01  -5.1737140e-01
  -6.9952268e+01   5.3833750e+00   4.3450286e+01   4.6109795e-02   9.5668211e-01  -2.8745996e-01
  -1.3733139e+02  -2.6343214e+01   5.8030411e+01  -2.8700523e-01   4.2716877e-01   8.5741171e-01
  -1.3718886e+02  -2.8827006e+01   5.7595440e+01   2.0806286e-01  -4.5896417e-01   8.6374865e-01
  -1.3733355e+02  -2.9594382e+01   5.5593476e+01   6.6382318e-02  -8.5168884e-01  -5.1982643e-01
  -1.3820896e+02  -2.7772907e+01   5.4765178e+01  -4.6214345e-01   1.0545687e-01  -8.8051251e-01
  -1.3860903e+02  -2.6485664e+01   5.6386975e+01  -6.2360004e-01   7.7791662e-01  -7.7257484e-02
  -1.3441993e+02  -2.7781868e+01   5.7736441e+01   1.1203895e-03  -4.5751646e-01   8.8920045e-01
  -1.3579956e+02  -2.5282652e+01   5.7504306e+01  -4.3942868e-02   7.7666874e-01   6.2837464e-01
  -1.3674078e+02  -2.5192974e+01   5.5977280e+01  -5.2798058e-01   8.4206324e-01  -1.1029961e-01
  -1.3430978e+02  -2.4650109e+01   5.4258999e+01  -3.6092765e-01   6.5724274e-01  -6.6163677e-01
  -1.3618017e+02  -2.6820474e+01   5.3962075e+01  -3.6962967e-01   1.7866487e-01  -9.1184032e-01
  -1.0803783e+02  -1.2037056e+01   5.2041574e+01  -8.9303937e-01  -4.1723661e-01   1.6850608e-01
  -1.0712138e+02  -1.3859478e+01   5.2380364e+01  -8.9268998e-01  -4.1816082e-01   1.6806584e-01
  -1.0640071e+02  -1.5373642e+01   5.2492355e+01  -8.9818110e-01  -4.0814614e-01   1.6336291e-01
  -1.0656613e+02  -1.5618935e+01   5.1028357e+01  -8.9603964e-01  -4.0783217e-01   1.7545905e-01
  -1.0676850e+02  -1.5967755e+01   4.9144930e+01  -8.9495846e-01  -4.1276130e-01   1.6934425e-01
  -1.0736670e+02  -1.5169507e+01   4.7957006e+01  -8.9233761e-01  -4.1618528e-01   1.7470946e-01
  -1.0800211e+02  -1.3766776e+01   4.8061336e+01  -8.9169629e-01  -4.1771252e-01   1.7433871e-01
  -1.0813517e+02  -1.2827936e+01   4.9624097e+01  -8.9161517e-01  -4.1740612e-01   1.7548369e-01
  -1.0854474e+02  -1.1539051e+01   5.0618102e+01  -8.9099398e-01  -4.1915786e-01   1.7446035e-01
  -1.0614597e+02  -1.1029588e+01   5.3004944e+01  -2.6150805e-01   5.2987929e-01   8.0674747e-01
  -9.5451355e+01  -5.1575461e+00   5.2536335e+01  -2.2893004e-01   5.0091178e-01   8.3467264e-01
  -9.7218544e+01  -3.6073697e+00   4.6709379e+01  -5.5188361e-01   7.8996619e-01  -2.6716644e-01
  -9.4717263e+01  -7.3263721e+00   5.3466884e+01  -1.2677521e-02   1.9399098e-01   9.8092139e-01
  -9.4508000e+01  -1.0018823e+01   5.3139088e+01   2.1268456e-01  -3.4863262e-01   9.1280917e-01
  -1.0422316e+02  -1.4961612e+01   5.3005443e+01   2.3244349e-01  -5.4696779e-01   8.0423644e-01
  -9.2651243e+01  -1.2017496e+01   5.1142919e+01   3.3829970e-01  -7.4425217e-01   5.7588368e-01
  -9.1597974e+01  -1.2600243e+01   4.8361357e+01   3.4563946e-01  -9.3456634e-01   8.4374814e-02
  -1.0444275e+02  -1.6445355e+01   4.9343999e+01   2.0396313e-01  -9.2934013e-01  -3.0777582e-01
  -9.2698389e+01  -1.2002540e+01   4.5069343e+01   1.5933590e-01  -8.3020966e-01  -5.3419471e-01
  -9.4790266e+01  -1.0587863e+01   4.3468959e+01  -7.5281765e-02  -4.8386272e-01  -8.7189995e-01
  -1.0640270e+02  -1.4929426e+01   4.6958208e+01  -1.0965124e-01  -4.4008824e-01  -8.9123451e-01
  -9.6620886e+01  -8.6726699e+00   4.3210244e+01  -2.7450912e-01  -7.2065884e-02  -9.5888021e-01
  -1.0715824e+02  -1.2227223e+01   4.7105058e+01  -4.4502877e-01   2.5043299e-01  -8.5978643e-01
  -9.7537354e+01  -6.3004246e+00   4.4045455e+01  -4.6307483e-01   3.7245999e-01  -8.0426069e-01
  -9.7016053e+01  -4.3434594e+00   4.5016662e+01  -5.2813946e-01   6.4991569e-01  -5.4651469e-01
  -1.0761235e+02  -1.0088202e+01   4.9854959e+01  -5.6291439e-01   8.1643554e-01  -1.2868717e-01
  -9.6963836e+01  -3.2693571e+00   4.8862702e+01  -4.9215254e-01   8.5741530e-01   1.5041567e-01
  -9.6431941e+01  -3.7684409e+00   5.0829354e+01  -3.8819025e-01   7.7840149e-01   4.9335529e-01
  -9.4377869e+01  -3.5253216e+00   5.1440237e+01  -1.1894718e-01   7.6054203e-01   6.3830039e-01
  -9.5528848e+01  -2.5289898e+00   4.7494560e+01  -3.6136602e-01   9.2818846e-01  -8.8773731e-02
  -9.5313808e+01  -4.3788990e+00   4.4080923e+01  -2.5645390e-01   5.1835863e-01  -8.1580373e-01
  -9.5610359e+01  -6.2048018e+00   4.3124597e+01  -3.2685650e-01   4.2765106e-01  -8.4278076e-01
  -9.4957660e+01  -7.6280872e+00   4.2642719e+01  -2.8702418e-01  -7.8978659e-02  -9.5466198e-01
  -9.3571921e+01  -8.8366100e+00   4.2698016e+01   3.0124262e-02  -2.5374799e-01  -9.6680116e-01
  -9.1069812e+01  -1.0356756e+01   5.1776619e+01   5.1804575e-01  -5.0365354e-01   6.9134775e-01
  -9.2228974e+01  -9.0733887e+00   5.3001110e+01   1.8567589e-01  -3.6210125e-01   9.1345889e-01
  -9.2298556e+01  -7.1344895e+00   5.3234348e+01   1.8915075e-01   1.2811056e-01   9.7355518e-01
  -9.3174302e+01  -3.6518413e+00   5.1091220e+01   8.5215990e-01   5.2053874e-01  -5.3506304e-02
  -9.2410116e+01  -4.8919891e+00   5.1994603e+01   8.8171942e-01   4.6630385e-01  -7.1635062e-02
  -9.1665406e+01  -6.2209706e+00   5.2511793e+01   8.8179332e-01   4.6620277e-01  -7.1382852e-02
  -9.0900274e+01  -7.8863837e+00   5.2142891e+01   8.9256509e-01   4.1613324e-01  -1.7366832e-01
  -9.0425796e+01  -9.2511542e+00   5.1473353e+01   9.1953311e-01   3.6286154e-01  -1.5096480e-01
  -9.0129556e+01  -1.0755977e+01   4.9545685e+01   9.2693422e-01   3.5307046e-01  -1.2702049e-01
  -9.0138435e+01  -1.1433553e+01   4.8487954e+01   9.4120077e-01   2.1198742e-01  -2.6306359e-01
  -9.0650446e+01  -1.1238042e+01   4.6602277e+01   9.6223972e-01   1.5603242e-01  -2.2304396e-01
  -9.1132877e+01  -1.0941113e+01   4.4959472e+01   9.4743064e-01   1.1431566e-01  -2.9884296e-01
  -9.1706916e+01  -9.8534713e+00   4.3999177e+01   9.0012774e-01   3.0155586e-01  -3.1437893e-01
  -9.2472125e+01  -8.4884064e+00   4.3116637e+01   9.0035240e-01   3.0152147e-01  -3.1376800e-01
  -9.3229805e+01  -6.6453080e+00   4.3144495e+01   8.9258586e-01   4.1612711e-01  -1.7357624e-01
  -9.3945621e+01  -4.8731280e+00   4.3823931e+01   8.7062384e-01   4.4903314e-01  -2.0095614e-01
  -9.4335805e+01  -3.4382905e+00   4.5315676e+01   8.6770270e-01   4.5092634e-01  -2.0918284e-01
  -9.4337761e+01  -3.0466103e+00   4.6227895e+01   8.6124504e-01   4.7559808e-01  -1.7906269e-01
  -9.4220505e+01  -2.5279465e+00   4.8262383e+01   8.4805890e-01   5.0163698e-01  -1.7075257e-01
  -9.3848255e+01  -2.8340997e+00   4.9366017e+01   8.6663265e-01   4.7966965e-01  -1.3734945e-01
   1.9016223e+01   2.6382822e+01   1.9571779e+01  -2.8370711e-01  -5.0291038e-01   8.1645050e-01
   2.1600586e+01   2.7961523e+01   1.9039189e+01   2.9292858e-01  -8.6990005e-02  -9.5216889e-01
   1.6445933e+01   3.3971251e+01   6.9181220e+00   8.2007842e-01  -4.0585889e-01  -4.0342280e-01
   2.0103253e+01   5.0075599e+01   2.1260581e+01   1.5571444e-01   9.8190762e-01   1.0775177e-01
   2.3308710e+01   5.0493649e+01   1.9231409e+01  -7.1983569e-02   8.7349737e-01   4.8147763e-01
   1.9989358e+01   4.7839643e+01   2.2185644e+01   1.6499330e-01  -4.5697794e-01   8.7404140e-01
   1.8932791e+01   4.1372563e+01   2.0865142e+01  -2.1311046e-01   4.4208071e-02   9.7602745e-01
   2.6601470e+01   2.9886702e+01   1.1470886e+01   9.8505448e-01  -3.5764839e-02   1.6848901e-01
   2.5983636e+01   3.7820445e+01   1.6319496e+01   9.8324282e-01  -2.6418711e-02   1.8037631e-01
   2.6420643e+01   4.3597732e+01   8.4486517e+00   9.6511516e-01   9.6290433e-02  -2.4347664e-01
   2.4731381e+01   4.2245509e+01   1.2443278e+01  -9.9997164e-01  -6.9764072e-03   2.8373330e-03
   2.6489146e+01   3.7367804e+01   6.7014845e+00   9.6149818e-01   6.4262214e-02  -2.6719210e-01
   2.5925190e+01   3.0198602e+01   9.9534642e+00  -9.5760345e-01  -1.9967318e-01  -2.0766862e-01
   2.5995208e+01   4.9648614e+01   1.4317327e+01   1.3519254e-01   9.0961269e-01  -3.9284569e-01
   2.5595219e+01   5.0286657e+01   1.8069087e+01   7.1494274e-01   6.5325846e-01   2.4921930e-01
   2.6641716e+01   4.7149314e+01   1.6073295e+01   9.5174104e-01  -1.3909089e-01   2.7357398e-01
   2.1316782e+01   3.1176034e+01   2.0877922e+01   2.3620193e-02  -6.1475636e-02   9.9782906e-01
   1.6873886e+01   3.0117349e+01   1.9787259e+01  -9.8824301e-01  -4.4380325e-02  -1.4630839e-01
   1.6581912e+01   4.9223468e+01   1.4078692e+01   3.7388248e-01   8.0350644e-01  -4.6323783e-01
   1.6339486e+01   4.0537033e+01   5.8875884e+00  -9.3166988e-01   1.6826678e-01  -3.2198995e-01
   1.6662406e+01   4.7371001e+01   1.9545490e+01  -9.4001512e-01   1.3010798e-01   3.1534662e-01
   1.7242617e+01   5.0377304e+01   1.8122530e+01  -4.9821534e-01   8.5372102e-01   1.5146581e-01
   1.5609759e+01   4.3460235e+01   1.4847095e+01  -9.9253529e-01  -5.2583412e-02   1.1003946e-01
   1.6242190e+01   3.2954876e+01   1.4199496e+01  -9.8890679e-01  -7.7764676e-02   1.2655438e-01
   1.7742959e+01   4.0262136e+01   1.1818551e+01   9.9975106e-01  -1.9734347e-02   1.0410612e-02
   2.0756330e+01   4.8108526e+01   1.7877039e+01  -2.0331499e-03  -6.1506744e-03  -9.9997902e-01
   6.5076626e+01   3.7276746e+01   1.1486888e+01   9.9931319e-01  -2.6854299e-02   2.5534197e-02
   6.6418463e+01   2.5154911e+01   1.9071013e+01   4.5329821e-03  -7.0237621e-01   7.1179148e-01
   7.0592091e+01   2.6784070e+01   2.0163370e+01   9.1777346e-02  -5.9937026e-01   7.9519319e-01
   7.3365237e+01   2.7089968e+01   1.8027990e+01   9.0301412e-01  -3.7263446e-01   2.1379677e-01
   7.3355822e+01   2.7647051e+01   1.3985710e+01   6.6656929e-01  -6.3594121e-01  -3.8892693e-01
   6.3768759e+01   3.6674751e+01   1.6175980e+01  -9.9099690e-01  -5.1455145e-02   1.2360222e-01
   6.4454386e+01   2.6990127e+01   1.7944854e+01  -9.9041429e-01  -3.6545934e-02   1.3320632e-01
   6.4135278e+01   4.7952031e+01   1.2720569e+01   3.6193054e-01   6.6192927e-01  -6.5639617e-01
   6.3656887e+01   3.8660425e+01   5.7260366e+00  -7.9640808e-01   3.0322920e-01  -5.2324586e-01
   6.3166982e+01   4.4624532e+01   1.3912518e+01  -9.9373197e-01  -2.4866052e-02   1.0898831e-01
   6.9537889e+01   4.2927742e+01   2.1117546e+01   1.6735626e-02   4.2434174e-02   9.9895909e-01
   7.3871752e+01   3.1694952e+01   1.8775118e+01   9.8168524e-01   1.8675354e-02   1.8959249e-01
   7.4368772e+01   3.9994579e+01   1.3117643e+01   9.9292250e-01   4.4084812e-02   1.1027890e-01
   7.2946193e+01   4.8701042e+01   1.7444563e+01   9.5168120e-01   3.0617363e-01   2.3677115e-02
   7.3580904e+01   4.1679428e+01   6.5809548e+00  -7.8014457e-01   4.2198394e-01  -4.6184846e-01
   7.2129670e+01   3.5189293e+01   1.1574908e+01  -9.9999783e-01  -2.8577425e-05  -2.0849780e-03
   6.4134849e+01   4.8940247e+01   1.6926499e+01  -9.3079790e-01   2.9236152e-01   2.1940834e-01
   7.0929841e+01   5.0328686e+01   1.8753129e+01   7.3076165e-02   6.6789357e-01   7.4066055e-01
   6.8853869e+01   2.7203901e+01   1.7849498e+01   3.5497338e-03  -2.4387177e-03  -9.9999073e-01
   6.7132119e+01   4.8413451e+01   1.9807608e+01  -1.0275879e-01   4.5904883e-01   8.8244819e-01
   6.3904079e+01   3.5376601e+01   6.0642479e+00  -7.2989912e-01  -5.0923936e-01  -4.5598525e-01
   6.8059861e+01   3.1501805e+01   2.1379248e+01  -4.6363276e-02   5.3140197e-03   9.9891051e-01
   7.3785012e+01   3.5636008e+01   6.0348728e+00   9.3792447e-01  -2.1716854e-01  -2.7043579e-01
   6.8263786e+01   4.8713046e+01   1.7732967e+01   2.3217559e-02  -7.8748210e-03  -9.9969942e-01
   1.2483024e+01  -1.8416529e+01   1.3120045e+01  -9.6542104e-04  -2.5857598e-01   9.6599044e-01
   8.7830548e+00  -9.9547606e+00   1.5409971e+01   4.9362379e-03  -2.6165980e-01   9.6514754e-01
   3.2047400e+00  -1.0347937e+01   1.1988502e+01  -8.7982904e-01  -2.7527893e-01   3.8745629e-01
   4.5615885e+00  -1.7944965e+01   7.2749792e+00  -9.1564276e-01  -3.7694882e-01   1.3967079e-01
   1.2242356e+00  -9.1794413e+00   4.8067936e+00  -9.4700816e-01  -2.8288651e-01  -1.5215377e-01
   7.2459547e+00  -1.7307784e+01   2.8091474e+00   1.4995685e-02   1.9317184e-02  -9.9970094e-01
   1.8003215e+01  -7.0962735e+00   5.4803533e+00   9.8724275e-01  -4.8438242e-02  -1.5167562e-01
   1.7693529e+01  -1.2499026e+00   8.1583841e+00   9.7999671e-01   1.9600573e-01   3.4470301e-02
   1.6823489e+01  -3.0785136e+00   1.3938349e+01   9.3735158e-01  -1.0239546e-02   3.4823434e-01
   1.1909883e+01   9.5308851e+00   1.5412812e+01   3.0853951e-03   2.5531814e-01   9.6685217e-01
   9.5607924e+00   1.8286047e+01   1.3024451e+01  -1.6522194e-02   2.6957423e-01   9.6283786e-01
   4.6936706e+00   1.8179794e+01   7.0735103e+00  -9.1519237e-01   3.7861197e-01   1.3811551e-01
   6.8504712e-01   8.2506342e+00   4.5149343e+00  -9.4008539e-01   3.1744418e-01  -1.2437299e-01
   1.4669753e+01   8.9827235e+00   5.4517293e-01  -9.9190032e-01   9.3562522e-02  -8.5905763e-02
   5.1858171e+00   6.6736283e+00  -8.7404044e-01  -4.4185566e-03   9.9993667e-01  -1.0350472e-02
   1.7126919e+00   3.1122612e+00   2.3533577e+00  -9.0222491e-01   4.9740196e-02  -4.2838782e-01
   2.6702585e+00  -4.5771176e+00  -4.6699171e-01  -8.9624949e-01   4.2973436e-02  -4.4146364e-01
   7.4785646e+00  -3.2769969e+00  -2.6316135e+00  -1.8950924e-03   1.3942440e-04  -9.9999819e-01
   1.2565802e+01  -6.9602463e+00  -4.5350715e-01  -2.5397096e-03  -9.9998889e-01   3.9703132e-03
   4.6648255e+00  -6.9807403e+00   5.5873333e-01   6.2036827e-03  -9.9989752e-01  -1.2902388e-02
   1.4598047e+01  -9.1710846e+00   6.9907119e-01  -9.8761992e-01   1.7453078e-04  -1.5686574e-01
   1.5481516e+01  -1.9138143e+01   2.6822977e+00   1.3056784e-02  -4.0095804e-01  -9.1600337e-01
   5.1851223e-01  -5.4181735e+00   5.3614334e+00  -9.9159430e-01  -4.0333914e-02  -1.2293866e-01
   1.4736453e+00  -3.6952557e+00   1.0416933e+01  -9.3145450e-01  -1.2367226e-02   3.6364759e-01
   2.5566706e+00   2.5916111e+00   1.3579575e+01  -9.3679470e-01  -2.5253560e-02   3.4896697e-01
   9.2125083e-01   6.6756163e+00   3.1008899e+00  -2.4614197e-02  -9.9964512e-01  -1.0186761e-02
   1.1391541e+01   3.2397634e+00  -2.6646528e+00  -7.9224923e-03  -4.6635849e-03  -9.9995774e-01
   1.6186179e+01  -4.1854519e-01  -7.1408956e-01   8.4404318e-01   2.1947697e-02  -5.3582592e-01
   1.7123949e+01   7.4221665e+00   8.5799515e+00   9.9033395e-01  -3.6231741e-02   1.3388774e-01
   1.6562850e+01   1.9305571e+01   6.7099382e+00   9.1112229e-01   4.1213564e-01  -6.1944957e-04
   1.6953077e+01   1.6076074e+01   4.2393881e+00   9.1571918e-01   1.0287788e-01  -3.8842569e-01
   1.5927379e+01   7.1197727e+00  -1.9028528e-01   8.9230103e-01   1.0251539e-01  -4.3964698e-01
   1.2212319e+01   6.6949731e+00   6.6139801e-01  -2.4077031e-04   9.9999990e-01   3.7745548e-04
   1.0545246e+01   1.0772319e+01   2.7963350e+00  -7.8339855e-05  -2.1692557e-02  -9.9976469e-01
   7.5913396e+00   1.8018844e+01   2.7218462e+00  -1.7893864e-02  -3.0600050e-03  -9.9983521e-01
   2.9456166e+00   9.6922468e+00   1.1717442e+01  -8.8534006e-01   2.8166894e-01   3.6991293e-01
   8.7848738e+00   2.1379913e+01   5.6411696e+00  -1.1221800e-02   9.9867575e-01  -5.0207664e-02
   1.2998814e+01   2.1295150e+01   9.4956483e+00   7.5136321e-02   9.9672500e-01   2.9896710e-02
   7.1677877e+00   1.9743562e+00   1.6476539e+01   1.1342248e-02  -6.3681690e-03   9.9991540e-01
   1.6649264e+01   1.6147198e+01   1.0693513e+01   9.6361403e-01   8.0200674e-02   2.5498205e-01
   1.6403499e+01  -7.3375367e+00   9.1213752e-02   9.0052374e-01  -7.3173305e-02  -4.2860548e-01
   9.0007478e+00  -2.1385179e+01   6.3401732e+00  -8.5823129e-02  -9.9265585e-01  -8.5256934e-02
   1.3910743e+01  -2.0609855e+01   3.2270703e+00   5.9006937e-02  -3.5259702e-01  -9.3391302e-01
   1.0439532e+01  -1.0786924e+01   2.8880101e+00  -2.0847849e-03   1.1624098e-03  -9.9999715e-01
   1.2493479e+01  -2.4509342e+00   1.6469329e+01  -5.4728798e-03   1.0772020e-02   9.9992700e-01
   1.6947502e+01  -8.9374292e+00   1.2665838e+01   9.3208737e-01  -9.6141503e-02   3.4924195e-01
   1.6852278e+01  -1.8495628e+01   8.3488521e+00   9.7781696e-01  -1.4550150e-01   1.5067617e-01
   1.3677495e+01  -2.1694877e+01   9.8192128e+00   1.5340250e-02  -9.9914784e-01   3.8317941e-02
   8.1129496e+01  -2.1462879e+01   9.4140368e+00   9.0375017e-03  -9.8613197e-01  -1.6571683e-01
   8.3393149e+01  -1.1089037e+01   2.8064586e+00   2.8593434e-02  -1.7832505e-03  -9.9958953e-01
   8.6242282e+01  -1.1560503e+01   1.0658640e+01   9.5622336e-01  -2.3577079e-01   1.7334652e-01
   8.0742713e+01  -1.8778384e+01   1.2941581e+01   5.8589430e-03  -2.6712701e-01   9.6364352e-01
   7.8160235e+01  -1.0565539e+01   1.5200050e+01  -1.9337683e-05  -2.6231322e-01   9.6498278e-01
   7.3020124e+01  -8.9481856e+00   1.1022171e+01  -9.7917150e-01  -3.1336204e-02   2.0060215e-01
   7.2141012e+01  -1.4009451e+00   4.3707517e+00  -7.6163494e-01   5.6240943e-01   3.2188174e-01
   7.3687728e+01  -7.7504110e-02   1.2783307e+01  -9.9519622e-01   2.1374363e-03   9.7877012e-02
   7.3631635e+01  -1.7454522e+01   6.1348405e+00  -9.7281036e-01  -1.8644484e-01  -1.3739839e-01
   7.2789468e+01  -4.3347429e+00   4.6928946e-01  -8.7683697e-01  -1.6251416e-01  -4.5248877e-01
   7.4940670e+01  -7.8278559e+00   8.4851302e-01   9.1520624e-01  -6.9439824e-02  -3.9695800e-01
   7.7585897e+01  -5.0897140e+00  -5.0604671e-01  -3.0238989e-01  -7.1008895e-01  -6.3587266e-01
   8.2097688e+01  -7.5930090e-01  -2.6307798e+00   2.9939473e-03   4.4683431e-04  -9.9999542e-01
   7.2696897e+01   9.2114523e-01   3.4324507e-01  -8.8994411e-01   1.0556795e-01  -4.4368332e-01
   7.4841881e+01   7.2781843e+00   1.0448492e+00   8.9560848e-01   8.6331359e-02  -4.3638556e-01
   7.8081101e+01   1.7238043e+01   2.5743693e+00   5.9318274e-02  -3.5168755e-02  -9.9761942e-01
   8.3473042e+01   1.1031351e+01   2.8422947e+00   6.0447172e-03  -2.1881196e-03  -9.9997934e-01
   8.5229273e+01   1.8208587e+01   5.9616291e+00   9.3619251e-01   3.4648756e-01   5.9075931e-02
   8.8230983e+01   2.9287819e+00   2.4876156e+00   9.0658020e-01   2.7082320e-02  -4.2116373e-01
   8.7200442e+01  -4.6296389e+00  -4.3886118e-01   9.2059657e-01   4.3579180e-02  -3.8807579e-01
   8.8379406e+01  -3.2613425e+00   8.2670959e+00   9.7094014e-01  -1.5769469e-01   1.8002118e-01
   8.7516091e+01   2.6705544e+00   1.3187382e+01   9.2071142e-01  -9.5088169e-03   3.9012826e-01
   8.7081021e+01   9.7971588e+00   1.1738784e+01   8.8258585e-01   2.6424787e-01   3.8886410e-01
   8.0675835e+01   1.8345057e+01   1.2851265e+01   5.3820223e-02   2.9958924e-01   9.5254904e-01
   7.8152778e+01   9.6689241e+00   1.5410179e+01  -4.7937911e-03   2.5750497e-01   9.6626508e-01
   7.7483605e+01   2.3079964e+00   1.6468709e+01   4.6764541e-04   4.0734311e-03   9.9999159e-01
   7.3614681e+01   1.8858384e+01   1.0534606e+01  -9.7075295e-01   7.0195703e-02   2.2958937e-01
   7.2032701e+01   2.3038677e-01   3.4367480e+00  -3.5963502e-01  -1.0612574e-01   9.2703828e-01
   7.5203465e+01   2.0971229e+01   3.8278167e+00  -3.7554566e-04   9.8982909e-01  -1.4226115e-01
   7.5845835e+01   2.1378297e+01   1.0066895e+01  -5.7416331e-02   9.9802531e-01   2.5472528e-02
   8.0990552e+01   2.1305701e+01   6.9321107e+00   9.8236343e-03   9.9424242e-01  -1.0670285e-01
   8.9099689e+01   6.5881059e+00   3.1200717e+00   1.0260240e-01  -9.9229964e-01  -6.9384225e-02
   8.9298286e+01   8.1081834e+00   5.6624181e+00   9.0398706e-01   4.1835660e-01  -8.8233526e-02
   8.5036941e+01   6.6765224e+00   4.7912773e-01   7.1009072e-03   9.9993177e-01  -9.2754649e-03
   7.3248931e+01   1.9119195e+01   4.0355616e+00  -9.3273797e-01   1.1402101e-01  -3.4205130e-01
   7.7985424e+01   4.0865833e+00  -4.5291564e-01  -3.8863870e-01   5.6293221e-01  -7.2942943e-01
   7.3284261e+01   7.7097299e+00   9.3791590e+00  -9.9435992e-01  -1.4019552e-02   1.0512753e-01
   8.2329971e+01  -3.1639055e+00   1.6280516e+01   3.7708934e-02  -3.4569999e-02   9.9869062e-01
   8.5209108e+01  -7.0191403e+00   5.3448732e-01   5.4600571e-04  -9.9973183e-01  -2.3151071e-02
   7.8412370e+01  -1.6969018e+01   2.6542609e+00   3.3450088e-02   1.5658984e-03  -9.9943916e-01
   8.5282320e+01  -1.7827387e+01   5.9506812e+00   9.5483278e-01  -2.7899207e-01   1.0226329e-01
   7.7271807e+01  -2.0858135e+01   5.4397969e+00   1.5165612e-02  -9.8724809e-01  -1.5846519e-01
   1.2360308e+01   5.3578766e+01   7.0128994e+00   5.1356939e-03  -9.9994652e-01   8.9763750e-03
   7.9165036e+00   5.3697441e+01   1.0646175e+01  -2.0936196e-02  -9.9743040e-01   6.8514816e-02
   5.6855964e+00   5.5676762e+01   1.0911790e+01  -9.0699769e-01  -2.5983592e-01   3.3142192e-01
   2.5854531e+00   6.4926694e+01   1.0306682e+01  -8.8263329e-01  -2.8323110e-01   3.7515147e-01
   6.8162868e-01   6.6786569e+01   5.0333269e+00  -9.3076523e-01  -3.3659538e-01  -1.4275723e-01
   4.7293337e+00   5.5645074e+01   4.8272952e+00  -9.3210261e-01  -3.3522665e-01  -1.3714157e-01
   7.6827048e+00   5.7452119e+01   2.8356046e+00   6.5668130e-03   8.8755508e-03  -9.9993905e-01
   1.4997108e+01   5.6074299e+01   1.3737642e+00  -8.6280730e-01  -1.5539764e-01  -4.8105627e-01
   1.6075332e+01   6.7778930e+01  -5.1433311e-01   8.9329175e-01  -5.5319773e-02  -4.4606006e-01
   1.6253470e+01   7.5131996e+01  -6.6828956e-01   8.6531994e-01  -8.2311231e-03  -5.0115232e-01
   1.6874865e+01   6.2084454e+01   1.1050533e+01   9.5938919e-01  -8.4780215e-02   2.6904403e-01
   1.1906383e+01   7.9076680e+01   1.6155044e+01   5.2134586e-02   5.7623802e-02   9.9697617e-01
   7.4895568e+00   7.2600129e+01   1.6442328e+01  -8.7536800e-03  -6.0771770e-03   9.9994322e-01
   7.5501859e+00   7.1849507e+01  -2.6236443e+00  -4.4050631e-03  -1.7250384e-03  -9.9998881e-01
   1.4159661e+00   7.8573724e+01   1.0363229e+01  -9.3116247e-01   2.7427230e-03   3.6459421e-01
   2.6409881e+00   7.1970287e+01   1.3349397e+01  -9.2505985e-01  -1.0860750e-02   3.7966605e-01
   1.7271331e+00   7.1894496e+01   2.3147523e+00  -9.0147358e-01  -4.5314111e-02  -4.3045560e-01
   2.6777832e+00   7.9570544e+01  -4.5763720e-01  -8.9969209e-01  -4.3281529e-02  -4.3437409e-01
   4.8278798e+00   8.1969334e+01  -6.9132650e-01  -1.0895910e-03   9.9991742e-01  -1.2804967e-02
   1.2411383e+01   8.1962680e+01   7.2842286e-01   4.5202263e-03   9.9998875e-01   1.4374654e-03
   1.4793658e+01   8.4226603e+01   5.8075069e-01  -9.8443836e-01   7.2625644e-02  -1.6002070e-01
   1.6397254e+01   9.4227866e+01   4.2277252e+00   8.8283212e-01   1.1735290e-01  -4.5479198e-01
   1.6898592e+01   8.5654532e+01   8.9018837e+00   9.9267644e-01  -4.8553291e-03   1.2070587e-01
   1.6565647e+01   7.6256276e+01   1.1557589e+01   9.9320740e-01   1.6049352e-03   1.1634641e-01
   1.3240407e+01   9.3340207e+01   1.1026113e+01   4.1747984e-01   5.2352021e-01   7.4272281e-01
   1.4885631e+01   9.6318231e+01   5.7539525e+00  -6.4170849e-02   9.8536150e-01  -1.5793930e-01
   4.4399313e+00   9.2698603e+01   7.2165174e+00  -9.1658374e-01   3.7537403e-01   1.3772647e-01
   9.1916661e+00   8.6826173e+01   1.4931094e+01  -8.9956559e-03   2.6586100e-01   9.6396940e-01
   8.5415320e+00   9.5887858e+01   5.7309052e+00  -6.7460945e-02   9.8468339e-01  -1.6077202e-01
   1.1444871e+01   9.2003633e+01   2.7397312e+00  -2.3928614e-02  -2.1076375e-02  -9.9949147e-01
   6.3343471e+00   8.6040555e+01   2.8850182e+00  -3.3246047e-03  -6.3141858e-03  -9.9997454e-01
   5.0230239e-01   8.0306091e+01   5.3683816e+00  -9.8860874e-01   3.6419697e-02  -1.4603548e-01
   1.1950136e+00   8.4046316e+01   4.8109865e+00  -9.4679084e-01   2.7699694e-01  -1.6388959e-01
   3.1429275e+00   8.5214777e+01   1.1981705e+01  -8.7998006e-01   2.7690015e-01   3.8595518e-01
   1.3563559e+01   5.4558678e+01   2.0208418e+00  -1.3133990e-01   6.5478730e-01  -7.4431406e-01
   7.2099267e+00   5.3684271e+01   4.2090917e+00  -4.4581186e-02  -9.9662703e-01  -6.8899068e-02
   1.7402040e+01   6.8714594e+01   8.1646534e+00   9.8190563e-01   1.0734228e-01   1.5600954e-01
   1.6043669e+01   8.2355070e+01  -1.4728628e-01   9.3075969e-01   1.1903134e-01  -3.4571367e-01
   1.1456967e+01   7.8283845e+01  -2.6526150e+00  -4.5433102e-03  -1.8407991e-03  -9.9998798e-01
   1.7461134e+01   6.3471265e+01   3.6436306e+00   9.4939030e-01  -6.7409940e-02  -3.0677999e-01
   5.1900300e+00   6.8363251e+01  -8.2107345e-01  -1.3330653e-02  -9.9937765e-01  -3.2658885e-02
   1.2358057e+01   6.8299867e+01   7.0221385e-01   0.0000000e+00  -9.9999699e-01   2.4535199e-03
   1.4561331e+01   6.6093034e+01   6.9597873e-01  -9.8998975e-01   8.9263552e-04  -1.4113642e-01
   1.0384454e+01   6.4440897e+01   2.8778575e+00   0.0000000e+00   1.7235710e-03  -9.9999851e-01
   9.5900428e-01   6.8340082e+01   3.0831227e+00  -6.2199622e-02   9.9787313e-01  -1.9504348e-02
   8.7484912e+00   6.5130127e+01   1.5368264e+01   5.0965614e-03  -2.6108589e-01   9.6530212e-01
   1.2466296e+01   5.6966539e+01   1.3158528e+01   6.4224263e-04  -2.5862166e-01   9.6597848e-01
   1.6637867e+01   5.6801442e+01   6.4157827e+00   9.6765428e-01  -2.5224111e-01   4.4283522e-03
   8.5687080e+01   5.7652087e+01   6.8955750e+00   9.1829564e-01  -3.8262311e-01   1.0164974e-01
   7.7023783e+01   5.3550487e+01   9.4575118e+00  -3.4448766e-02  -9.9934610e-01   1.0984731e-02
   7.3453960e+01   5.5538042e+01   6.7120086e+00  -9.1656508e-01  -3.9979118e-01  -8.6872870e-03
   7.3047192e+01   5.8913627e+01   4.2630471e+00  -9.1589362e-01  -1.0061585e-01  -3.8860691e-01
   7.3720535e+01   7.5114848e+01  -6.6377433e-01  -8.6875278e-01   1.2924066e-02  -4.9507734e-01
   7.8434793e+01   7.8440372e+01  -2.6493056e+00   4.2559586e-03  -1.4688697e-03  -9.9998986e-01
   8.2215097e+01   7.1915285e+01  -2.6233657e+00   4.3146813e-03  -1.5164906e-03  -9.9998954e-01
   8.4776397e+01   6.8366308e+01  -8.1309172e-01   1.2283697e-02  -9.9940176e-01  -3.2329999e-02
   7.7560890e+01   6.8304161e+01   7.1647986e-01   0.0000000e+00  -9.9999988e-01   4.8936327e-04
   7.9465357e+01   6.4220985e+01   2.7972853e+00   0.0000000e+00   2.1353506e-02  -9.9977199e-01
   7.5121552e+01   6.6006162e+01   5.6329955e-01   9.8024021e-01  -8.9051390e-02  -1.7663231e-01
   8.9030169e+01   6.8289304e+01   3.0875929e+00  -1.7054311e-02   9.9921886e-01   3.5648467e-02
   8.7372868e+01   7.2334180e+01   1.3547139e+01   9.3802749e-01   4.0852972e-02   3.4414455e-01
   8.6768941e+01   8.6032261e+01   1.0921737e+01   8.9440953e-01   2.5984031e-01   3.6402556e-01
   8.0450275e+01   9.3531920e+01   1.3085730e+01   5.2256541e-03   2.6437775e-01   9.6440505e-01
   7.7994841e+01   8.5103044e+01   1.5340996e+01  -8.2221347e-03   2.5472599e-01   9.6697832e-01
   7.7460076e+01   7.7762275e+01   1.6378677e+01  -1.0790470e-02   1.0221260e-02   9.9988954e-01
   8.2707612e+01   7.3009494e+01   1.6470995e+01  -8.2313723e-03   7.6433225e-03   9.9993691e-01
   7.8039392e+01   6.5344040e+01   1.5398324e+01  -1.2314447e-04  -2.5810948e-01   9.6611567e-01
   8.0589925e+01   5.6644267e+01   1.3037705e+01   8.5027980e-03  -2.6427043e-01   9.6441114e-01
   7.3311728e+01   5.8748919e+01   1.0656455e+01  -9.6377697e-01  -9.0821594e-02   2.5076961e-01
   7.2539066e+01   8.6962948e+01   4.0985457e+00  -9.2962861e-01   8.7557215e-02  -3.5794466e-01
   7.5178057e+01   8.4261457e+01   4.9597654e-01   9.8528947e-01   1.0034992e-01  -1.3832769e-01
   7.8347295e+01   9.2587342e+01   2.6158722e+00   5.0784956e-02  -3.7615301e-02  -9.9800099e-01
   8.4141253e+01   8.6642171e+01   3.1547513e+00   5.4545611e-02  -4.0112649e-02  -9.9770524e-01
   8.8997625e+01   7.7726553e+01   8.6828131e+00   9.3387865e-01   3.0319935e-02   3.5630235e-01
   8.8801672e+01   7.9375541e+01   1.9535542e+00   7.8315168e-01  -1.5710810e-01  -6.0165646e-01
   8.7190245e+01   7.1721541e+01   4.3042419e-01   9.0196056e-01  -6.0374996e-03  -4.3177621e-01
   8.5101618e+01   8.2109712e+01   7.5210770e-01  -3.0907772e-02   9.9763241e-01  -6.1435267e-02
   7.7447143e+01   8.1959211e+01  -5.0378537e-01   5.5961001e-03   9.9997108e-01   5.1507836e-03
   8.1319648e+01   9.6342331e+01   5.6686059e+00   8.0677312e-02   9.9348554e-01  -8.0483842e-02
   7.6970918e+01   9.6586069e+01   9.5038578e+00  -3.1035544e-02   9.9931117e-01   2.0346356e-02
   7.3404973e+01   9.3582842e+01   6.8658001e+00  -9.6740180e-01   2.5308179e-01   9.1309695e-03
   7.3130291e+01   8.8226099e+01   1.1067979e+01  -9.5964935e-01   8.4561505e-02   2.6818365e-01
   7.2596274e+01   8.1773015e+01   8.1700472e+00  -9.8086312e-01  -1.0908040e-01   1.6127309e-01
   7.3460208e+01   7.5220164e+01   1.2343175e+01  -9.9381355e-01   1.3913416e-02   1.1018644e-01
   7.2825824e+01   6.7467638e+01   8.5896127e+00  -9.9223864e-01   3.6030290e-02   1.1901383e-01
   8.5644437e+01   9.3112332e+01   6.2415865e+00   9.0559519e-01   4.0148563e-01   1.3677225e-01
   8.7075334e+01   6.5186018e+01   1.1702471e+01   8.8942434e-01  -2.6947754e-01   3.6919670e-01
   7.3909258e+01   8.2429433e+01  -2.1360272e-01  -9.0934855e-01   8.6730396e-02  -4.0689440e-01
   8.1441966e+01   5.4158020e+01   5.7161751e+00   1.5517403e-01  -9.7372843e-01  -1.6665522e-01
   8.9270510e+01   6.6721578e+01   4.4605521e+00   9.3695866e-01  -3.1301523e-01  -1.5533810e-01
   8.2958054e+01   5.7863336e+01   2.7139281e+00   1.2547307e-02   8.4281929e-03  -9.9988576e-01
   7.3838942e+01   6.7888642e+01  -1.4718670e-01  -9.2928757e-01  -1.0076787e-01  -3.5534553e-01
   6.4083611e+01   5.5775279e+01   2.5813821e+01  -5.7670652e-01  -1.1742183e-01  -8.0846874e-01
   6.4754890e+01   5.5701348e+01   2.7276023e+01  -8.9638784e-02   1.6785344e-02   9.9583289e-01
   6.6677340e+01   5.7232033e+01   2.5887947e+01   9.0141486e-01  -1.4521621e-01  -4.0787682e-01
   6.7583181e+01   5.9742225e+01   2.8505789e+01   9.9238405e-01   1.7551111e-02   1.2192564e-01
   6.6495630e+01   5.8497143e+01   2.8859177e+01  -2.0897590e-01  -7.7963649e-01  -5.9033551e-01
   6.4696226e+01   5.5673300e+01   2.9733167e+01   8.9573108e-03   2.1269563e-03  -9.9995762e-01
   6.2737570e+01   5.7104381e+01   3.1348033e+01  -8.9885996e-01  -1.0653088e-01   4.2509051e-01
   6.5088694e+01   5.8186792e+01   3.2584021e+01   3.2126576e-01  -1.1379830e-01   9.4012672e-01
   6.7044589e+01   5.7323813e+01   3.0853521e+01   9.3450845e-01  -1.0526535e-01   3.4001934e-01
   6.7316557e+01   6.3766392e+01   3.1125076e+01   9.9177710e-01  -3.9590627e-03   1.2791604e-01
   6.6099291e+01   8.5445297e+01   3.1295494e+01   7.1162400e-01   7.3123026e-02   6.9874480e-01
   6.5261651e+01   6.4075473e+01   3.2853063e+01   1.7029765e-01   7.6866564e-03   9.8536269e-01
   6.2839922e+01   8.6993443e+01   3.0981068e+01  -9.5214384e-01   2.4247061e-02   3.0468702e-01
   6.4007697e+01   8.5309859e+01   2.9034206e+01   1.0854993e-01   3.9541333e-01  -9.1206645e-01
   6.5974629e+01   8.3120992e+01   2.8039318e+01  -7.0871466e-03   5.1815693e-01  -8.5525620e-01
   6.2263980e+01   8.1715990e+01   2.8274300e+01  -9.9266110e-01   6.3949721e-04   1.2092778e-01
   6.1932112e+01   5.9798202e+01   2.8476018e+01  -9.8808594e-01   2.5197575e-02  -1.5182640e-01
   6.4457831e+01   8.8451966e+01   3.0473870e+01   1.1139970e-01   4.0611532e-01  -9.0700631e-01
   6.2630636e+01   6.0760093e+01   3.1532534e+01  -8.9829335e-01   9.0397628e-03   4.3930324e-01
   6.7455977e+01   8.1593369e+01   2.8522692e+01   9.9583914e-01  -4.2128944e-03  -9.1031059e-02
   6.6550486e+01   7.7759187e+01   2.5501275e+01   9.0312145e-01   1.0979538e-02  -4.2924481e-01
   6.3132928e+01   5.8403732e+01   2.8139264e+01   2.2074438e-01  -7.9584782e-01   5.6382459e-01
   6.3749517e+01   7.7445112e+01   2.5496591e+01  -7.4302454e-01   1.0814156e-02  -6.6917680e-01
   6.4325370e+01   6.0328345e+01   2.5206255e+01  -5.9962445e-01  -3.4425785e-02  -7.9954073e-01
   6.6768729e+01   6.0728020e+01   2.5527241e+01   9.0287697e-01   1.0845320e-02  -4.2976221e-01
   6.5133642e+01   8.0853160e+01   2.6118684e+01  -2.4685318e-03   7.5087882e-01  -6.6043539e-01
   6.4530140e+01  -1.4281701e-01   2.8769301e+01  -9.6016359e-01   5.5362930e-03  -2.7938364e-01
   6.4711958e+01   1.0324159e+01   2.8725633e+01  -9.1314931e-01   4.1184122e-02  -4.0553939e-01
   6.4674298e+01   1.1971012e+01   2.8889819e+01  -9.1705730e-01  -6.2649978e-04  -3.9875497e-01
   6.4782564e+01   5.8755524e+01   2.8964077e+01  -9.7494970e-01   5.9215793e-03  -2.2234660e-01
   6.4782564e+01   5.8755524e+01   2.8964077e+01   9.7494970e-01  -5.9215793e-03   2.2234660e-01
   6.4674298e+01   1.1971012e+01   2.8889819e+01   9.1705730e-01   6.2649978e-04   3.9875497e-01
   6.4711958e+01   1.0324159e+01   2.8725633e+01   9.1314931e-01  -4.1184122e-02   4.0553939e-01
   6.4530140e+01  -1.4281701e-01   2.8769301e+01   9.6016359e-01  -5.5362930e-03   2.7938364e-01
   4.2821782e+01   5.4161807e+01   2.5607010e+01   1.0288366e-03   6.4155829e-04   9.9999926e-01
   4.7178543e+01   4.6616154e+01   2.5601590e+01   2.4400611e-03  -5.5800213e-04   9.9999687e-01
   6.2191417e+01   5.6261189e+01   1.4872607e+01   9.9716225e-01   7.5191350e-02  -3.7037153e-03
   6.2290917e+01   5.2474937e+01   1.7492079e+01   9.9377674e-01   1.6738162e-02   1.1012547e-01
   5.9086206e+01   5.5206234e+01   2.0638436e+01   4.8313477e-01   1.5406257e-02   8.7541044e-01
   5.6590592e+01   6.1863922e+01   2.1430047e+01   4.7673132e-01   1.3907303e-01   8.6797808e-01
   5.6165348e+01   7.3771657e+01   1.9856741e+01   4.5857365e-01   1.2550872e-01   8.7974869e-01
   6.1156322e+01   6.3368079e+01   1.4101790e+01   9.8342890e-01   1.8129276e-01  -7.3381415e-04
   6.0613896e+01   6.0298126e+01   5.3904676e+00   4.2894146e-01   3.2265412e-01  -8.4374376e-01
   5.6839709e+01   6.1720584e+01   4.4533932e+00   3.0300731e-01   3.4084186e-01  -8.8995135e-01
   5.5110764e+01   7.3438487e+01   7.9547673e+00   4.0127411e-01   2.9254733e-01  -8.6798338e-01
   5.2670933e+01   5.8952669e+01   4.1346905e+00  -9.8413368e-01  -1.7641215e-04  -1.7742847e-01
   5.5932163e+01   5.6094165e+01   3.2335765e+00   3.1504737e-01  -1.9777582e-02  -9.4886985e-01
   5.6720789e+01   2.8307928e+01   4.1706542e+00   3.4430415e-01  -2.5374358e-02  -9.3851521e-01
   5.7373058e+01   2.4741164e+01   6.9986705e+00   5.9511638e-01  -7.8181931e-01  -1.8599747e-01
   5.3604945e+01   2.1754511e+01   7.1086986e+00   6.2123360e-01  -7.5650390e-01  -2.0437873e-01
   5.2309678e+01   1.9942436e+01   1.1909610e+01   5.6154597e-01  -8.1996328e-01  -1.1102404e-01
   5.0064491e+01   2.3368494e+01   1.7724010e+01   2.9690101e-01  -4.0356178e-01   8.6544074e-01
   4.0173163e+01   2.3405446e+01   1.7759978e+01  -2.9089628e-01  -4.1245979e-01   8.6328227e-01
   3.7789064e+01   1.9968760e+01   1.1882540e+01  -5.4585119e-01  -8.3261941e-01  -9.3762454e-02
   4.2414983e+01   1.7779118e+01   9.5931644e+00  -3.7502324e-01  -8.8026612e-01  -2.9067013e-01
   3.7431502e+01   2.5616236e+01   4.7575857e+00   9.8313326e-01  -7.2077208e-04  -1.8288926e-01
   3.7471542e+01   5.9005242e+01   4.9164496e+00   9.8404354e-01  -1.2543437e-05  -1.7792784e-01
   4.4129012e+01   2.6526036e+01   7.5739831e+00  -1.0553414e-05  -2.5045099e-06  -1.0000000e+00
   4.5870984e+01   7.0333175e+01   7.5739222e+00   0.0000000e+00   1.4434267e-07  -1.0000000e+00
   4.9099217e+01   7.9189348e+01   8.8155516e+00   0.0000000e+00   4.2044968e-01  -9.0731586e-01
   4.9167088e+01   8.3804153e+01   1.5865210e+01   0.0000000e+00   1.0000000e+00   0.0000000e+00
   4.8495235e+01   8.1120329e+01   2.0098964e+01   0.0000000e+00   4.4686975e-01   8.9459903e-01
   5.3578055e+01   7.9368260e+01   1.9787390e+01   4.2014889e-01   3.3903258e-01   8.4174332e-01
   4.7449178e+01   6.4463973e+01   2.2912086e+01   3.2222437e-04   5.0800335e-02   9.9870878e-01
   4.1365334e+01   7.2249783e+01   2.2532735e+01   3.0228432e-03   4.8471710e-02   9.9881998e-01
   4.0784285e+01   7.9056474e+01   2.1049697e+01  -1.2624677e-02   4.2855690e-01   9.0342659e-01
   3.6156332e+01   8.2008953e+01   1.3518358e+01  -7.0180965e-01   7.1236453e-01   0.0000000e+00
   3.2883697e+01   7.8780089e+01   1.6112484e+01  -7.0244506e-01   7.1173705e-01   1.1446438e-03
   3.0635965e+01   7.4300073e+01   1.3002645e+01  -9.8818323e-01   1.4163052e-01   5.8606223e-02
   3.4893933e+01   7.3728754e+01   2.0930966e+01  -5.2346795e-01   1.0071768e-01   8.4607166e-01
   3.1753667e+01   6.2651769e+01   2.0558494e+01  -4.7225630e-01   1.2068781e-01   8.7316003e-01
   3.0493905e+01   4.1941405e+01   2.0639510e+01  -3.7929218e-01   3.1529296e-02   9.2473961e-01
   3.2458664e+01   5.5607923e+01   2.1392762e+01  -4.6910687e-01  -4.0369237e-03   8.8313218e-01
   3.8860346e+01   3.8554273e+01   2.2999724e+01  -5.5815529e-02  -1.6341057e-02   9.9830737e-01
   3.0445172e+01   3.8773866e+01   1.8577181e+01  -4.2954420e-01  -9.0236623e-01  -3.5028030e-02
   3.2263703e+01   3.4417840e+01   1.7878335e+01  -8.5501538e-01  -1.1987387e-02   5.1846407e-01
   3.0560285e+01   2.9001759e+01   1.1336648e+01  -9.9988113e-01  -1.4571662e-02   5.0398300e-03
   3.0502375e+01   3.9548774e+01   9.3519406e+00  -9.9992590e-01  -4.0175151e-06  -1.2173739e-02
   3.3436408e+01   5.6195636e+01   3.4604450e+00  -3.2577640e-01  -1.1848990e-02  -9.4537259e-01
   3.0529192e+01   5.0735694e+01   1.2119841e+01  -9.9993505e-01   9.5498092e-03   6.2200459e-03
   2.9255150e+01   5.3205880e+01   1.4265350e+01  -2.3707044e-01  -8.1430707e-01  -5.2981280e-01
   2.9057332e+01   5.8546899e+01   6.1538584e+00  -2.4120944e-01  -8.1290287e-01  -5.3010087e-01
   2.9404436e+01   6.0437097e+01   5.4649299e+00  -4.3104145e-01   3.2258889e-01  -8.4269786e-01
   3.3728253e+01   7.3660867e+01   8.4503282e+00  -3.9851247e-01   3.2727420e-01  -8.5678434e-01
   2.7806014e+01   5.6412047e+01   1.4838038e+01  -9.9742559e-01   7.1642667e-02  -3.0867750e-03
   2.7716126e+01   5.2499162e+01   1.7600816e+01  -9.9412533e-01   1.6301598e-02   1.0700040e-01
   2.8782823e+01   4.1691540e+01   1.7099069e+01  -8.6731610e-01  -1.5165407e-01  -4.7409263e-01
   2.9224280e+01   5.1083066e+01   1.5403785e+01  -2.6187774e-01   8.7626884e-03  -9.6506128e-01
   2.8830786e+01   6.3525521e+01   1.4274050e+01  -9.8320454e-01   1.8250262e-01  -1.2758617e-03
   3.5760964e+01   7.8817871e+01   9.6588636e+00  -3.8613235e-01   3.8898506e-01  -8.3641642e-01
   4.0920174e+01   8.1126421e+01   9.7131903e+00   0.0000000e+00   4.2044968e-01  -9.0731586e-01
   3.5667533e+01   7.8845452e+01   1.9938918e+01  -4.4471595e-01   3.9826214e-01   8.0225619e-01
   4.5137885e+01   5.2331199e+01   2.3199402e+01  -2.1932524e-03   1.3160004e-03   9.9999673e-01
   5.1051147e+01   3.8652840e+01   2.3221715e+01   2.3088978e-04   4.8229954e-04   9.9999986e-01
   5.7735642e+01   4.2090776e+01   2.1492977e+01   4.6065229e-01   2.9877974e-03   8.8757565e-01
   5.3840868e+01   8.2055502e+01   1.6071352e+01   7.0066711e-01   7.1348833e-01  -0.0000000e+00
   4.0871662e+01   8.3804153e+01   1.3847181e+01   0.0000000e+00   1.0000000e+00   0.0000000e+00
   3.4485475e+01   6.1903420e+01   3.9422961e+00  -3.1097847e-01   2.9818083e-01  -9.0243038e-01
   3.4041403e+01   2.9029446e+01   3.6331331e+00  -3.1448852e-01  -1.4399625e-02  -9.4915205e-01
   3.5548124e+01   2.3980842e+01   4.7397939e+00  -4.3132478e-01  -7.1475533e-01  -5.5053043e-01
   4.3956791e+01   1.9077867e+01   7.7223658e+00   1.3539769e-05  -1.1596402e-01  -9.9325341e-01
   3.3019004e+01   2.3918228e+01   8.9985189e+00  -6.1134729e-01  -7.6741659e-01  -1.9320005e-01
   3.7411595e+01   3.1672421e+01   2.0980287e+01  -2.6595791e-01  -4.5008642e-01   8.5246033e-01
   5.2323922e+01   3.1844121e+01   2.1224509e+01   2.5716519e-01  -4.6380018e-01   8.4779447e-01
   5.7622803e+01   3.4489216e+01   1.7983533e+01   8.5353902e-01  -5.5863811e-03   5.2099898e-01
   5.9422679e+01   2.8858543e+01   1.1463753e+01   9.9997391e-01  -5.9984364e-03   4.0257088e-03
   5.9563317e+01   3.8882383e+01   1.8386186e+01   3.8989081e-01  -9.2082186e-01  -8.5003966e-03
   6.0765503e+01   5.1083195e+01   1.5408054e+01   2.6241489e-01   3.8357793e-03  -9.6494752e-01
   6.0744391e+01   5.3191513e+01   1.4256664e+01   2.3519545e-01  -8.2110766e-01  -5.2006279e-01
   5.9445536e+01   5.0695712e+01   1.2100363e+01   9.9999633e-01   2.2950400e-03   1.4375754e-03
   4.6642481e+01   1.7552829e+01   1.0032001e+01   2.6611018e-01  -8.7311785e-01  -4.0847348e-01
   5.9450878e+01   3.9408988e+01   9.4941155e+00   9.9999484e-01  -1.5707528e-04  -3.2101810e-03
   5.2459098e+01   2.3776726e+01   5.3192023e+00  -9.8378378e-01  -5.5873655e-06  -1.7935850e-01
   5.4293016e+01   7.8717422e+01   9.6368215e+00   3.8808005e-01   3.8695011e-01  -8.3645889e-01
   5.7330469e+01   7.8593598e+01   1.3518387e+01   7.0494910e-01   7.0921565e-01  -7.7413018e-03
   5.9511926e+01   7.4180689e+01   1.2884403e+01   9.8799711e-01   1.0381476e-01   1.1438618e-01
   6.1193293e+01   4.1578753e+01   1.6945397e+01   8.3202972e-01  -1.4720679e-01  -5.3484269e-01
   6.0930540e+01   5.8439466e+01   6.0686110e+00   2.4137395e-01  -8.1902213e-01  -5.2052028e-01
   6.1097650e+01   6.4948371e+01   1.3406546e+01   9.8497643e-01   1.7268876e-01   1.4020320e-04
   5.9600220e+01   7.1990355e+01   1.6477039e+01   9.7082138e-01   2.1967132e-01   9.6178743e-02
   5.9239894e+01   6.2876784e+01   2.0194214e+01   4.0811307e-01   1.2628799e-01   9.0415434e-01
   5.8863568e+01   5.7600608e+01   2.0743477e+01   4.5298760e-01   2.4406462e-03   8.9151348e-01
   3.0750911e+01   6.2875752e+01   2.0216846e+01  -4.0969041e-01   1.1863586e-01   9.0447736e-01
   3.0940245e+01   5.7622968e+01   2.0656153e+01  -4.5079023e-01   4.9555733e-03   8.9261616e-01
   2.9024499e+01   6.4813909e+01   1.5680656e+01  -9.7729945e-01   2.1186171e-01   6.3583328e-04
   3.0366200e+01   7.2141773e+01   1.4247415e+01  -9.8562331e-01   1.4573674e-01   8.5483907e-02
   4.4877418e+01   4.8984255e+01   3.4272376e+01  -4.1531785e-02  -9.9218508e-01   1.1765997e-01
   4.7879908e+01   5.1303971e+01   3.4283715e+01   2.6544907e-01  -5.9033116e-02   9.6231590e-01
   4.5103190e+01   6.5468106e+01   3.4964715e+01   2.7922498e-02   2.9153376e-05   9.9961009e-01
   4.7609030e+01   6.9882009e+01   3.6318129e+01   2.5647448e-01  -9.6261325e-01  -8.7158377e-02
   4.8911335e+01   7.2066780e+01   3.6203989e+01   7.9585575e-01   2.0804093e-01   5.6862342e-01
   5.2442605e+01   7.6906525e+01   3.2693180e+01   4.5364720e-01   1.4192015e-01   8.7980844e-01
   5.2416611e+01   8.7945481e+01   3.0795746e+01   4.7449218e-01   1.6148944e-01   8.6531978e-01
   5.1096330e+01   8.2979030e+01   2.5909750e+01   7.6072206e-04   3.2725086e-01  -9.4493719e-01
   5.2383002e+01   7.2288125e+01   2.4113545e+01  -2.0979481e-03  -2.0189966e-03  -9.9999576e-01
   5.7576583e+01   6.1382451e+01   2.5987080e+01   9.9072439e-01  -1.2663985e-01   4.9270063e-02
   5.5538760e+01   5.0653394e+01   2.6833087e+01   9.2995784e-01  -1.9991822e-01   3.0856300e-01
   4.8842255e+01   3.9506589e+01   2.8230384e+01  -2.8459363e-03  -9.6169178e-02   9.9536093e-01
   4.8577599e+01   3.5870094e+01   2.6310182e+01   1.0220243e-01  -9.0473318e-01   4.1353663e-01
   5.5045523e+01   4.9356445e+01   2.4129744e+01  -2.3535373e-03  -1.4398110e-04  -9.9999722e-01
   4.5977502e+01   4.3615230e+01   2.4133078e+01   6.5077258e-04  -1.0212208e-03  -9.9999927e-01
   4.0310582e+01   5.6044730e+01   2.4125818e+01  -2.4057166e-04  -5.8672230e-05  -9.9999997e-01
   3.1965465e+01   7.0036921e+01   2.7775251e+01  -9.9945415e-01  -3.0913099e-02   1.1652226e-02
   3.8151002e+01   8.6204420e+01   2.7288798e+01  -3.1022541e-02   3.7606060e-01  -9.2607561e-01
   3.9859055e+01   8.6648044e+01   3.2100821e+01  -4.5136677e-01   1.6386084e-01   8.7716456e-01
   4.3982909e+01   7.5325995e+01   3.5784022e+01  -3.3440690e-01   1.3136219e-01   9.3322880e-01
   3.4470967e+01   6.7462663e+01   3.2512343e+01  -2.3270554e-01  -6.3986747e-01   7.3240546e-01
   3.5113246e+01   4.8946498e+01   2.7422080e+01  -9.2727452e-01  -2.0468438e-01   3.1347450e-01
   3.6753621e+01   4.2152901e+01   2.6592426e+01  -8.4740161e-01  -3.0742841e-01   4.3289523e-01
   3.8337714e+01   5.1304002e+01   3.2064935e+01  -7.3850566e-01  -1.7892054e-02   6.7400984e-01
   3.4725849e+01   7.2879840e+01   3.1739934e+01  -3.6689935e-01   6.9998912e-01   6.1269902e-01
   3.8386688e+01   7.0445207e+01   3.4587289e+01  -1.4209423e-01   7.2811799e-02   9.8717155e-01
   3.5879589e+01   6.1707842e+01   3.0969678e+01  -5.6337032e-01  -1.0346601e-01   8.1970035e-01
   3.4971219e+01   8.0187502e+01   2.8624214e+01  -7.9777490e-01  -3.1168696e-02   6.0214925e-01
   4.5312844e+01   9.1240620e+01   3.1230565e+01  -6.8711734e-02   9.6473134e-01  -2.5411047e-01
   3.2173047e+01   6.4825341e+01   2.8268248e+01  -9.9709867e-01  -6.6781619e-02   3.6530226e-02
   3.2513658e+01   6.1435433e+01   2.6154246e+01  -9.8589929e-01  -1.5841391e-01   5.3922464e-02
   4.0931304e+01   3.7410941e+01   2.5802468e+01  -3.0420142e-01  -6.1046716e-01  -7.3129429e-01
   4.2145890e+01   4.3576368e+01   2.8688885e+01   8.9543721e-03  -1.1000170e-01   9.9389106e-01
   4.0541943e+01   4.8628592e+01   3.1302589e+01  -3.2685534e-02  -9.8052591e-01   1.9365071e-01
   4.9570378e+01   4.8443517e+01   3.2056240e+01  -3.9851433e-02  -9.8414157e-01   1.7285035e-01
   5.1914438e+01   5.0803314e+01   3.1746455e+01   7.4306825e-01  -4.1050325e-02   6.6795542e-01
   5.5784620e+01   7.1861945e+01   3.2876896e+01   1.9117145e-01   5.0604306e-01   8.4105523e-01
   5.7834630e+01   6.4757487e+01   2.8276907e+01   9.9769514e-01  -5.9738285e-02   3.2182898e-02
   5.7897314e+01   7.4794402e+01   2.9327236e+01   9.9996058e-01   7.7958989e-03  -4.2505631e-03
   5.5764998e+01   6.8333520e+01   3.2573294e+01   2.3336067e-02  -6.5605898e-01   7.5434875e-01
   5.4577475e+01   6.2484578e+01   3.0740749e+01   5.6346707e-01  -1.0964687e-01   8.1882991e-01
   5.1026111e+01   3.7812408e+01   2.6701954e+01   9.4635530e-01  -2.5356495e-01  -2.0029096e-01
   5.4271243e+01   4.6304465e+01   2.6282610e+01   8.8521351e-01  -4.0044531e-01   2.3672894e-01
   3.7366545e+01   6.8419692e+01   2.4132694e+01  -2.2713737e-04   1.2201127e-03  -9.9999923e-01
   5.7891572e+01   6.9908978e+01   2.7749244e+01   9.9994184e-01  -2.4590537e-05  -1.0784612e-02
   5.7370458e+01   7.9243623e+01   2.7273964e+01   9.8002321e-01   1.9065218e-01   5.6623748e-02
   4.1985023e+01   7.0280285e+01   3.5556788e+01  -3.7276427e-01   2.2689479e-02   9.2764863e-01
   4.2167563e+01   5.1337677e+01   3.4424716e+01  -2.4401603e-01  -5.9651896e-02   9.6793483e-01
   2.5194578e+01  -2.7546649e+00   2.8767449e+01   5.3383960e-01  -4.3143213e-01   7.2724247e-01
   2.5157781e+01   1.0408744e+01   2.8894852e+01  -6.6447922e-01   5.6764794e-02  -7.4514772e-01
   2.5241287e+01   1.1984300e+01   2.8874682e+01  -6.6048766e-01  -4.3299626e-03  -7.5082442e-01
   2.5295631e+01   5.8814368e+01   2.8948244e+01   8.9094098e-01   4.5325114e-03   4.5409649e-01
   2.5228776e+01   1.1984232e+01   2.8898892e+01   6.6149390e-01  -7.9922730e-03   7.4990796e-01
   2.4786119e+01   2.7845196e+00   3.0452520e+01  -9.0975375e-01   3.3484714e-02   4.1379571e-01
   2.5232152e+01   1.0473294e+01   2.9143548e+01   6.1396799e-01   2.6872879e-01   7.4217798e-01
   2.5275403e+01   5.8814313e+01   2.8966267e+01  -8.9092289e-01   7.8198961e-03  -4.5408727e-01
   2.5264078e+01  -2.4372004e+00   2.8125132e+01  -5.3755656e-01   3.6498858e-02  -8.4243740e-01
   2.5832090e+01   2.9445186e+00   2.9660324e+01   9.8009434e-01   2.9677108e-02   1.9630169e-01
   2.4784586e+01   6.0564721e+01   2.5166008e+01  -5.8661293e-01  -6.6622134e-02  -8.0712252e-01
   2.4590238e+01   5.5903631e+01   2.5835618e+01  -5.6873813e-01  -1.1793000e-01  -8.1402055e-01
   2.5071867e+01   5.5816399e+01   2.7253345e+01  -8.7564020e-02   1.8730259e-02   9.9598279e-01
   2.3614715e+01   5.8246062e+01   2.8113623e+01   2.3463687e-01  -8.3805236e-01   4.9255841e-01
   2.2486696e+01   5.9565217e+01   2.8473403e+01  -9.9328293e-01   1.6909939e-02  -1.1446865e-01
   2.2723979e+01   8.1612751e+01   2.8304833e+01  -9.9926490e-01   2.3530359e-03   3.8263914e-02
   2.4178439e+01   8.3167021e+01   2.8041202e+01   8.7780405e-03   5.0198232e-01  -8.6483334e-01
   2.5992413e+01   8.5473876e+01   2.9078297e+01  -1.1209187e-01   3.9076369e-01  -9.1364060e-01
   2.3384698e+01   8.6057106e+01   3.1078829e+01  -9.0751514e-01   6.2336163e-02   4.1536788e-01
   2.4565073e+01   6.7764694e+01   3.3014268e+01  -2.3008423e-01   1.0865065e-02   9.7311006e-01
   2.6999059e+01   6.0640549e+01   3.1739659e+01   8.9376175e-01  -1.0110449e-02   4.4842804e-01
   2.7083507e+01   8.3147665e+01   3.1447697e+01   9.5214744e-01   1.3755576e-02   3.0532938e-01
   2.7831973e+01   5.9970326e+01   2.8614372e+01   9.9199174e-01   1.4291793e-02  -1.2549154e-01
   2.5178510e+01   5.6240654e+01   2.9715731e+01   9.7229335e-04   1.1472708e-03  -9.9999887e-01
   2.2903284e+01   5.8675845e+01   3.0779797e+01  -8.8208884e-01  -1.0197214e-01   4.5991409e-01
   2.6639819e+01   8.7833142e+01   3.1446499e+01   8.8285200e-01   1.6633117e-01   4.3921099e-01
   2.5161178e+01   8.8690399e+01   3.0223675e+01  -7.4007012e-02   2.4464602e-01  -9.6678399e-01
   2.6915413e+01   5.6784712e+01   3.1451395e+01   8.8990498e-01  -9.5321248e-02   4.4607508e-01
   2.5147671e+01   8.3839349e+01   3.2836413e+01  -3.1969653e-01   3.2314812e-02   9.4696879e-01
   2.4780258e+01   5.8512058e+01   3.2638085e+01  -5.2192266e-01  -1.0891967e-01   8.4601019e-01
   2.2648112e+01   6.7765602e+01   3.1149526e+01  -9.9300789e-01   1.6488442e-02   1.1689079e-01
   2.7630408e+01   8.1731948e+01   2.8306641e+01   9.9949177e-01   1.6323633e-03   3.1835956e-02
   2.6597018e+01   7.7455471e+01   2.5437160e+01   8.7480138e-01  -9.2959000e-05  -4.8448172e-01
   2.6980114e+01   6.0674940e+01   2.5471606e+01   9.5038310e-01   4.7018108e-02  -3.0750814e-01
   2.6975955e+01   5.7418210e+01   2.5883209e+01   9.4193615e-01  -1.2701762e-01  -3.1084210e-01
   2.6915639e+01   5.8846469e+01   2.8780137e+01  -1.8800710e-02  -9.9360725e-01  -1.1131561e-01
   2.3953383e+01   7.7373507e+01   2.5355507e+01  -8.2654456e-01   8.6600951e-03  -5.6280467e-01
   2.5254028e+01   8.0855763e+01   2.6125997e+01   4.3034564e-03   7.5023784e-01  -6.6115404e-01
   2.0834823e+01   2.7672019e+01   2.8825709e+00  -9.9710167e-01  -6.7252993e-02  -3.5570979e-02
   2.0834823e+01   2.7672019e+01   2.8825709e+00   9.9710167e-01   6.7252993e-02   3.5570979e-02
   2.2870550e+01  -1.1421341e+00   5.4628341e+00   8.2377681e-01  -3.5511558e-01   4.4191028e-01
   2.1009899e+01   2.0012696e+00   9.1217042e+00   5.4856293e-01  -2.0413155e-01   8.1080764e-01
   1.9271369e+01  -1.0861498e+00   6.6927641e+00  -9.9609806e-01  -8.1310228e-02   3.4311829e-02
   2.2389805e+01  -1.0625724e-01   2.6055749e+00   2.8027161e-01   5.9360205e-01  -7.5437685e-01
   2.1147650e+01   3.2030274e+00   7.2346382e+00  -4.6233205e-01   8.1694727e-01  -3.4474082e-01
   2.1203368e+01  -2.4694120e+00   2.9455196e+00  -2.4262179e-01  -8.3538576e-01  -4.9321932e-01
   2.1640978e+01   1.8638207e+01   5.1116571e+00  -9.9424156e-01  -1.0553886e-01  -1.8581681e-02
   2.1270189e+01   5.2935779e+00   3.4684981e+00  -1.3840238e-05  -6.1320799e-02  -9.9811811e-01
   2.1943138e+01   1.5434701e+01   4.4450833e+00   9.9703183e-01   7.6709649e-02   6.5702358e-03
   2.1640978e+01   1.8638207e+01   5.1116571e+00   9.9424156e-01   1.0553886e-01   1.8581681e-02
   2.1533750e+01   1.5451605e+01   4.4435050e+00  -9.8303572e-01   1.5933604e-01   9.0844921e-02
   2.1287665e+01   5.2469832e+00   3.8635150e+00  -3.5675174e-05  -2.1250136e-01   9.7716077e-01
   6.8796631e+01  -2.4694046e+00   9.6462429e+00   2.4262088e-01  -8.3538565e-01   4.9321995e-01
   6.7230650e+01  -1.3721495e+00   6.5416754e+00  -8.0723696e-01  -4.3428675e-01  -3.9970428e-01
   6.8916628e+01   1.9858681e+00   2.9152607e+00  -3.2984083e-01  -2.4961487e-01  -9.1043805e-01
   6.8859887e+01   3.0983853e+00   4.4572715e+00   2.9700765e-01   8.7975289e-01   3.7124292e-01
   6.7635711e+01  -3.0893157e-01   9.7270396e+00  -3.0576141e-01   6.9629197e-01   6.4937466e-01
   7.0728632e+01  -1.0861490e+00   5.8989978e+00   9.9609808e-01  -8.1310089e-02  -3.4311674e-02
   6.8499837e+01   2.7670281e+01   2.8838280e+00  -9.9711137e-01  -6.7101067e-02  -3.5586119e-02
   6.8499837e+01   2.7670281e+01   2.8838280e+00   9.9711137e-01   6.7101067e-02   3.5586119e-02
   6.8876289e+01   5.2930282e+00   3.4685337e+00  -1.4710764e-05  -6.1320757e-02  -9.9811811e-01
   6.8899769e+01   1.5331388e+01   4.4234557e+00   8.9413189e-01   8.5961134e-02   4.3947565e-01
   6.8679401e+01   5.2455457e+00   3.8631909e+00  -1.4442035e-05  -2.1250505e-01   9.7715997e-01
   6.8620144e+01   1.8743726e+01   5.1612343e+00  -9.2222185e-01   1.1276222e-01  -3.6985340e-01
   6.8620144e+01   1.8743726e+01   5.1612343e+00   9.2222185e-01  -1.1276222e-01   3.6985340e-01
   6.8450268e+01   1.5318215e+01   4.4458820e+00  -9.2273581e-01   1.3184401e-01  -3.6218196e-01
   2.1426089e+01   4.6177334e+01   2.3645797e+00  -9.9927406e-01  -3.7411908e-02  -7.1904432e-03
   2.1426089e+01   4.6177334e+01   2.3645797e+00   9.9927406e-01   3.7411908e-02   7.1904432e-03
   2.0589614e+01   4.0235873e+01   1.1261683e+01   6.7356981e-01  -7.2659477e-01   1.3551295e-01
   2.0742843e+01   5.6348932e+01   5.1130566e+00  -9.8463960e-01  -1.5145542e-01  -8.6868334e-02
   2.1118602e+01   6.9423111e+01   4.3983837e+00  -2.9913970e-01   1.8630702e-01   9.3584461e-01
   2.0847995e+01   5.9561155e+01   4.6022474e+00   9.6032601e-01  -1.7395960e-01   2.1797249e-01
   2.0742843e+01   5.6348932e+01   5.1130566e+00   9.8463960e-01   1.5145542e-01   8.6868334e-02
   2.1178565e+01   6.9386095e+01   3.9735876e+00   3.3930999e-01   8.8176920e-02  -9.3653273e-01
   2.0427643e+01   5.9580009e+01   4.4459685e+00  -9.8980088e-01  -8.2233178e-02  -1.1632683e-01
   2.2534138e+01   7.3044221e+01   3.1919913e+00  -1.2315655e-01  -9.7884186e-01  -1.6340462e-01
   1.9490845e+01   7.5295079e+01   5.7488667e+00  -9.8612164e-01   1.5978441e-01   4.5089374e-02
   2.1408798e+01   7.3292666e+01   9.6235219e+00  -7.6123566e-02   3.7346300e-01   9.2451641e-01
   2.1034016e+01   7.1893300e+01   8.4492566e+00   7.6280147e-02  -9.5961102e-01  -2.7079150e-01
   2.1311850e+01   7.5076838e+01   2.4133037e+00   1.7704709e-01   6.2732915e-01  -7.5836170e-01
   2.3183881e+01   7.4871564e+01   6.1186226e+00   8.9340087e-01   4.4379025e-01   6.9893469e-02
   6.8767248e+01   4.6188859e+01   2.3626705e+00   9.9374277e-01   1.2016691e-03  -1.1168643e-01
   6.8767248e+01   4.6188859e+01   2.3626705e+00  -9.9374277e-01  -1.2016691e-03   1.1168643e-01
   6.7777151e+01   7.4840613e+01   9.6016592e+00  -3.2151517e-01   7.2932537e-01   6.0391431e-01
   6.8669803e+01   7.2865904e+01   9.4364632e+00   2.6035871e-01  -8.8108919e-01   3.9483564e-01
   6.9138242e+01   7.4624287e+01   5.8621165e+00   8.8678595e-01   3.7249644e-01  -2.7360023e-01
   6.7345541e+01   7.4049166e+01   5.7157241e+00  -8.4835280e-01  -3.7075277e-01  -3.7794168e-01
   6.8359019e+01   5.6361674e+01   5.1116629e+00  -9.9424154e-01  -1.0553840e-01   1.8585283e-02
   6.8359019e+01   5.6361674e+01   5.1116629e+00   9.9424154e-01   1.0553840e-01  -1.8585283e-02
   6.8475040e+01   5.9550693e+01   4.6069848e+00   9.8020720e-01  -1.7291567e-01   9.6405452e-02
   6.8743724e+01   6.9387079e+01   3.9728321e+00   3.3883841e-01   8.3506039e-02  -9.3713141e-01
   6.8743149e+01   6.9420794e+01   4.4000531e+00  -3.0032135e-01   1.8015715e-01   9.3666989e-01
   6.8056852e+01   5.9565235e+01   4.4450948e+00  -9.9703181e-01  -7.6709632e-02   6.5728577e-03
   6.8095526e+01   4.0235873e+01   1.1261683e+01   6.7356919e-01  -7.2659528e-01   1.3551330e-01
