   1.8806924e+01   3.4813355e+01   1.8918448e+02  -3.8302449e-01  -3.2138905e-01   8.6602616e-01
  -5.1541476e+01   3.6393330e-01   1.4528639e+02  -3.8302280e-01  -3.2139336e-01   8.6602531e-01
   1.5741996e+01   1.6205141e+01   1.8092317e+02  -3.8302231e-01  -3.2139403e-01   8.6602528e-01
   8.2803861e+01   8.5651982e+01   4.8182973e+01   8.4325086e-01   2.6109600e-01   4.6984770e-01
   9.2313097e+01   6.2766449e+01   4.3834012e+01   8.4325057e-01   2.6109582e-01   4.6984833e-01
   9.1283793e+01   6.0539962e+01   4.6918613e+01   8.4325194e-01   2.6109605e-01   4.6984574e-01
   9.2427764e+01   6.1039170e+01   4.4588073e+01   8.4325058e-01   2.6109770e-01   4.6984727e-01
   2.0783143e+01   3.3610390e+01   1.8841384e+02   8.4325653e-01   2.6110036e-01   4.6983511e-01
   3.2118790e+01   1.0894622e+01   1.8069255e+02   8.4324979e-01   2.6110463e-01   4.6984484e-01
   3.1258092e+01   9.7117153e+00   1.8289466e+02   8.4324955e-01   2.6110626e-01   4.6984435e-01
   3.0251541e+01   1.0690637e+01   1.8415717e+02   8.4325680e-01   2.6110065e-01   4.6983447e-01
   8.1622561e+01   8.7521934e+01   4.7156265e+01   3.8302218e-01   3.2139380e-01  -8.6602542e-01
   7.8557637e+01   6.8913726e+01   3.8894967e+01   3.8302225e-01   3.2139362e-01  -8.6602546e-01
   1.1274170e+01   5.3072519e+01   3.2582226e+00   3.8302224e-01   3.2139364e-01  -8.6602546e-01
   3.3345732e+00   3.8953704e+01  -2.4605009e+00  -8.4325135e-01  -2.6109620e-01  -4.6984672e-01
   3.1263116e+00   3.4516226e+01   3.7920783e-01  -8.4325135e-01  -2.6109688e-01  -4.6984633e-01
  -5.7145453e+01  -1.1795062e+01   1.3428677e+02  -8.4325131e-01  -2.6109642e-01  -4.6984666e-01
  -5.4589150e+01  -1.4078294e+01   1.3096768e+02  -8.4325163e-01  -2.6109617e-01  -4.6984623e-01
  -3.7094537e+00   5.4902126e+01   1.3190599e+00  -8.4325163e-01  -2.6109627e-01  -4.6984618e-01
  -6.2148788e+00   5.7062557e+01   4.6150811e+00  -8.4325156e-01  -2.6109632e-01  -4.6984627e-01
  -6.4032100e+01   8.7136434e+00   1.3524969e+02  -8.4325145e-01  -2.6109657e-01  -4.6984632e-01
  -6.4189484e+01   4.1533644e+00   1.3806633e+02  -8.4325145e-01  -2.6109645e-01  -4.6984639e-01
   2.9600132e+01   8.4219889e+00   1.8089891e+02   3.7712089e-01  -9.1023956e-01  -1.7100815e-01
  -5.1143472e+01  -1.5815383e+01   1.3184697e+02   3.7712165e-01  -9.1023886e-01  -1.7101018e-01
  -4.9510084e+01  -1.6095175e+01   1.3693827e+02   3.7712176e-01  -9.1023887e-01  -1.7100985e-01
   9.0249800e+01   5.9313098e+01   4.3768123e+01   3.7712220e-01  -9.1023848e-01  -1.7101097e-01
   1.1223522e+01   3.4866373e+01  -3.8236754e-01   3.7712166e-01  -9.1023897e-01  -1.7100955e-01
   6.5091059e+00   3.2621108e+01   1.1720315e+00   3.7712234e-01  -9.1023865e-01  -1.7100976e-01
   7.0127457e+01   6.8845690e+01   1.2700585e+02  -3.7712324e-01   9.1023754e-01   1.7101370e-01
   6.9384157e+01   6.8103510e+01   1.2931710e+02  -3.7712120e-01   9.1023999e-01   1.7100514e-01
   6.8348775e+01   6.7336128e+01   1.3111839e+02  -3.7712419e-01   9.1023780e-01   1.7101018e-01
   6.4915679e+01   6.6845312e+01   1.2615994e+02  -3.7712241e-01   9.1023823e-01   1.7101185e-01
   6.4951848e+01   6.7194762e+01   1.2437970e+02  -3.7712311e-01   9.1023793e-01   1.7101189e-01
   6.4098871e+01   6.7103148e+01   1.2298630e+02  -3.7712097e-01   9.1024025e-01   1.7100426e-01
   5.3012266e+01   7.4463204e+01   5.9361930e+01  -3.7712177e-01   9.1023883e-01   1.7101006e-01
   6.0473890e+01   6.5958472e+01   1.2108507e+02  -3.7712220e-01   9.1023869e-01   1.7100989e-01
   6.2063716e+01   6.6641883e+01   1.2095343e+02  -3.7711835e-01   9.1024000e-01   1.7101139e-01
   6.7874488e+01   6.9313387e+01   1.1954804e+02  -3.7712295e-01   9.1023841e-01   1.7100971e-01
   6.3865577e+01   6.6093490e+01   1.2784593e+02  -3.7712159e-01   9.1023926e-01   1.7100817e-01
   6.2543753e+01   6.5451669e+01   1.2834722e+02  -3.7711965e-01   9.1024054e-01   1.7100565e-01
   5.9767955e+01   6.4329039e+01   1.2820133e+02  -3.7712123e-01   9.1023897e-01   1.7101050e-01
   6.2228925e+01   6.4337331e+01   1.3358428e+02  -3.7712200e-01   9.1023877e-01   1.7100989e-01
   5.8554740e+01   6.4052691e+01   1.2699676e+02  -3.7712817e-01   9.1023709e-01   1.7100520e-01
   5.7713110e+01   6.4136220e+01   1.2469609e+02  -3.7712222e-01   9.1023911e-01   1.7100759e-01
   5.8579365e+01   6.4973350e+01   1.2215063e+02  -3.7712952e-01   9.1023484e-01   1.7101423e-01
  -1.1116862e+00   4.6237212e+01   9.0243524e+01  -3.7712173e-01   9.1023883e-01   1.7101017e-01
   1.0112800e+01   3.8317308e+01   1.5715190e+02  -3.7712182e-01   9.1023885e-01   1.7100986e-01
   1.5424910e+01   2.1316702e+01   1.8037044e+02   3.8302191e-01   3.2139493e-01  -8.6602513e-01
  -4.7335456e+01  -1.6953239e+00   1.4407299e+02   3.8302248e-01   3.2139125e-01  -8.6602624e-01
   1.2633687e+01   5.2900204e+01   6.1049554e+00  -3.8302217e-01  -3.2139381e-01   8.6602543e-01
   7.8022863e+01   6.9567197e+01   4.1210357e+01  -3.8302205e-01  -3.2139398e-01   8.6602542e-01
  -5.1545536e-01   5.6100131e+01   3.4343509e+00   8.4325132e-01   2.6109616e-01   4.6984680e-01
  -2.3424872e+00   5.7382610e+01   6.0007152e+00   8.4325177e-01   2.6109580e-01   4.6984617e-01
  -6.0357017e+01   5.8871125e+00   1.3873802e+02   8.4325118e-01   2.6109672e-01   4.6984674e-01
  -6.0425459e+01   8.7130928e+00   1.3729044e+02   8.4325118e-01   2.6109719e-01   4.6984647e-01
   6.2481162e+00   3.9308736e+01   6.2658241e-01   8.4325152e-01   2.6109645e-01   4.6984627e-01
   6.2956878e+00   3.6533116e+01   2.0836330e+00   8.4325152e-01   2.6109648e-01   4.6984625e-01
  -5.1745532e+01  -1.2237148e+01   1.3335445e+02   8.4324990e-01   2.6110053e-01   4.6984692e-01
  -5.3593439e+01  -1.0904292e+01   1.3593028e+02   8.4325247e-01   2.6109854e-01   4.6984341e-01
   8.9934566e+01   6.1076058e+01   4.5384419e+01  -3.7712190e-01   9.1023877e-01   1.7101007e-01
   7.8332306e+00   3.5275951e+01   1.6562886e+00  -3.7711741e-01   9.1024018e-01   1.7101251e-01
   1.0133295e+01   3.6377708e+01   8.6418723e-01  -3.7712267e-01   9.1023809e-01   1.7101199e-01
   3.0015648e+01   1.0798111e+01   1.8086298e+02  -3.7712218e-01   9.1023850e-01   1.7101094e-01
  -4.9825512e+01  -1.3933718e+01   1.3643305e+02  -3.7712065e-01   9.1023972e-01   1.7100780e-01
  -5.0669365e+01  -1.3805408e+01   1.3388918e+02  -3.7711641e-01   9.1024049e-01   1.7101305e-01
   5.9337704e+01   6.3154952e+01   1.2180664e+02   3.7712438e-01  -9.1023750e-01  -1.7101138e-01
   5.3972472e+01   7.2465120e+01   6.0419496e+01   3.7712190e-01  -9.1023877e-01  -1.7101007e-01
   6.9103014e+01   6.5515652e+01   1.3077630e+02   3.7712218e-01  -9.1023831e-01  -1.7101191e-01
   7.0138425e+01   6.6283039e+01   1.2897507e+02   3.7712049e-01  -9.1023955e-01  -1.7100907e-01
   6.5669916e+01   6.5024832e+01   1.2581795e+02   3.7712054e-01  -9.1023947e-01  -1.7100935e-01
   6.4619813e+01   6.4273013e+01   1.2750392e+02   3.7712142e-01  -9.1023874e-01  -1.7101132e-01
   6.3298002e+01   6.3631191e+01   1.2800521e+02   3.7712348e-01  -9.1023738e-01  -1.7101399e-01
   6.2966596e+01   6.2514111e+01   1.3322026e+02   3.7712144e-01  -9.1023892e-01  -1.7101030e-01
   5.9306664e+01   6.2231633e+01   1.2665275e+02   3.7712398e-01  -9.1023822e-01  -1.7100845e-01
   6.0519422e+01   6.2507873e+01   1.2785684e+02   3.7711864e-01  -9.1023966e-01  -1.7101256e-01
   2.1009170e+01   3.4855546e+01   1.8791204e+02   3.7712574e-01  -9.1023795e-01  -1.7100600e-01
   7.0881711e+01   6.7025211e+01   1.2666385e+02   3.7712296e-01  -9.1023745e-01  -1.7101477e-01
   6.5706094e+01   6.5374282e+01   1.2403770e+02   3.7712263e-01  -9.1023844e-01  -1.7101024e-01
   6.4853117e+01   6.5282673e+01   1.2264429e+02   3.7712518e-01  -9.1023567e-01  -1.7101935e-01
   1.1982793e+01   3.7084086e+01   1.5614461e+02   3.7712190e-01  -9.1023879e-01  -1.7100999e-01
   5.8468386e+01   6.2315303e+01   1.2435876e+02   3.7712169e-01  -9.1023867e-01  -1.7101111e-01
   1.9244770e+00   4.5122875e+01   9.1175167e+01   3.7712189e-01  -9.1023877e-01  -1.7101011e-01
   6.1225555e+01   6.4137087e+01   1.2074221e+02   3.7711906e-01  -9.1023973e-01  -1.7101123e-01
   6.2814816e+01   6.4820279e+01   1.2061051e+02   3.7712377e-01  -9.1023813e-01  -1.7100941e-01
   6.8600902e+01   6.7481613e+01   1.1920481e+02   3.7712182e-01  -9.1023880e-01  -1.7101011e-01
   8.2324121e+01   8.6304907e+01   4.9276941e+01   3.7710055e-01  -9.1024674e-01  -1.7101479e-01
   3.1661772e+01   1.0639855e+01   1.7954783e+02   3.8302597e-01   3.2138444e-01  -8.6602722e-01
  -4.8878310e+01  -1.4318876e+01   1.3466438e+02   3.8302671e-01   3.2138257e-01  -8.6602759e-01
   9.7163444e+00   3.4873036e+01   2.1660097e+00  -3.8302194e-01  -3.2139424e-01   8.6602537e-01
   9.0271901e+01   5.9794437e+01   4.7042457e+01  -3.8302279e-01  -3.2139229e-01   8.6602572e-01
   8.5026294e+00   3.4291941e+01   2.5607095e+00   8.4325086e-01   2.6109800e-01   4.6984659e-01
  -4.9333797e+01  -1.4254616e+01   1.3333962e+02   8.4325033e-01   2.6109931e-01   4.6984682e-01
  -6.0870214e+01   4.7812494e+00   1.3644899e+02   3.8302454e-01   3.2139501e-01  -8.6602393e-01
  -5.5214080e+01  -9.8030487e+00   1.3353812e+02   3.8302395e-01   3.2139467e-01  -8.6602432e-01
  -2.6102010e+00   5.3848482e+01   3.7563266e+00  -3.8302257e-01  -3.2139417e-01   8.6602512e-01
   3.7306926e+00   3.9476218e+01   1.2270036e+00  -3.8302218e-01  -3.2139413e-01   8.6602530e-01
  -6.0941015e+01   7.0051393e+00   1.3496377e+02   3.7712140e-01  -9.1023894e-01  -1.7101030e-01
  -3.8947649e+00   5.4895963e+01   5.8561472e+00   3.7712252e-01  -9.1023860e-01  -1.7100964e-01
   3.5031921e+00   3.7159963e+01   2.5460108e+00  -3.7712218e-01   9.1023868e-01   1.7100995e-01
  -5.3631213e+01  -1.0758167e+01   1.3160451e+02  -3.7712090e-01   9.1023908e-01   1.7101062e-01
   8.2326747e+01   8.7550339e+01   4.8573112e+01   9.1677813e-01   3.4065927e-01   2.0849249e-01
   7.1899109e+01   6.8847374e+01   1.2498438e+02   9.1677578e-01   3.4066503e-01   2.0849341e-01
   6.8157125e+01   6.5737636e+01   1.3342833e+02   7.0223961e-01   1.6061001e-01   6.9358774e-01
   2.0246726e+01   3.5428855e+01   1.8895483e+02   7.0222954e-01   1.6063556e-01   6.9359202e-01
   6.9726238e+01   6.7141344e+01   1.3130130e+02   7.4519758e-01   1.8854727e-01   6.3963309e-01
   6.9250363e+01   6.6044271e+01   1.3217910e+02   7.4519758e-01   1.8854727e-01   6.3963309e-01
   7.1505762e+01   6.8757439e+01   1.2662355e+02   9.0445570e-01   3.2221577e-01   2.7952976e-01
   7.1494140e+01   6.7804121e+01   1.2776005e+02   9.0445618e-01   3.2221341e-01   2.7953092e-01
   7.0854288e+01   6.8026095e+01   1.2907955e+02   8.4325435e-01   2.6110421e-01   4.6983688e-01
   7.0599449e+01   6.6991606e+01   1.3011179e+02   8.4325616e-01   2.6108057e-01   4.6984676e-01
   6.3276221e+01   6.6281145e+01   1.2227411e+02  -6.0508267e-01  -3.8193355e-01   6.9857120e-01
   6.4107337e+01   6.5593579e+01   1.2261809e+02  -6.0508732e-01  -3.8193056e-01   6.9856881e-01
   6.4646905e+01   6.5642858e+01   1.2354561e+02  -8.8811757e-01  -4.0778932e-01   2.1202608e-01
   6.4501850e+01   6.6393123e+01   1.2438099e+02  -8.8811779e-01  -4.0778723e-01   2.1202914e-01
   6.0744573e+01   6.4237774e+01   1.2756758e+02   3.8302959e-01   3.2138848e-01  -8.6602412e-01
   6.0476490e+01   6.3250491e+01   1.2708262e+02   3.8303178e-01   3.2139330e-01  -8.6602136e-01
   5.9391247e+01   6.3880095e+01   1.2648683e+02   7.7811298e-01   4.1153633e-01  -4.7452928e-01
   5.9365747e+01   6.3046009e+01   1.2572167e+02   7.7811204e-01   4.1153107e-01  -4.7453539e-01
   6.2381911e+01   6.4884137e+01   1.2773782e+02  -1.3367724e-01   1.2920544e-01  -9.8256621e-01
   6.2061645e+01   6.3802691e+01   1.2763918e+02  -1.3367787e-01   1.2920410e-01  -9.8256630e-01
   6.4835917e+01   6.5394141e+01   1.2528628e+02  -8.8917382e-01  -3.0417729e-01  -3.4182758e-01
   6.4319446e+01   6.5995622e+01   1.2609452e+02  -8.8917830e-01  -3.0417320e-01  -3.4181957e-01
   6.4115347e+01   6.4812540e+01   1.2679293e+02  -6.0795070e-01  -1.0400372e-01  -7.8713352e-01
   6.3286019e+01   6.5328717e+01   1.2736527e+02  -6.0794860e-01  -1.0400458e-01  -7.8713502e-01
   6.0733297e+01   6.5335345e+01   1.2170061e+02   3.8645489e-01  -1.3139162e-02   9.2221471e-01
   6.0466302e+01   6.4239333e+01   1.2179689e+02   3.8645679e-01  -1.3134404e-02   9.2221399e-01
   6.1717744e+01   6.5757931e+01   1.2162224e+02  -1.2991232e-01  -2.3479783e-01   9.6332381e-01
   6.2702461e+01   6.5199249e+01   1.2161886e+02  -1.2990916e-01  -2.3479906e-01   9.6332394e-01
   5.8750135e+01   6.4055562e+01   1.2413909e+02   9.2616163e-01   3.7101054e-01   6.7644729e-02
   5.9083518e+01   6.3123241e+01   1.2468811e+02   9.2615980e-01   3.7101592e-01   6.7640352e-02
   5.9383723e+01   6.4610233e+01   1.2258398e+02   7.8015418e-01   2.1270452e-01   5.8831644e-01
   5.9360526e+01   6.3555927e+01   1.2299592e+02   7.8015376e-01   2.1270125e-01   5.8831818e-01
