  -2.0775930e+01  -3.9876694e+01   7.3425524e+01   5.1021503e-02   3.1626346e-01   9.4729839e-01
  -2.1124234e+01  -3.9940559e+01   7.3460104e+01   2.4205629e-02   3.0650197e-01   9.5156220e-01
  -2.1843420e+01  -3.8774910e+01   6.4704120e+01   7.8120187e-02   9.5322991e-01  -2.9197599e-01
  -2.1701101e+01  -3.8716522e+01   6.4911474e+01   6.3836038e-02   9.4089284e-01  -3.3263436e-01
  -2.1800225e+01  -3.8415008e+01   6.5751293e+01   3.7860118e-02   9.4407230e-01  -3.2755777e-01
  -2.1670081e+01  -3.8234595e+01   6.6276430e+01   5.4032010e-02   9.3835643e-01  -3.4142020e-01
  -2.2095970e+01  -3.8690279e+01   6.4996735e+01  -1.1303336e-01   9.3890616e-01  -3.2508257e-01
  -2.1657135e+01  -3.7712219e+01   6.7761123e+01   5.3403684e-02   9.4451176e-01  -3.2410736e-01
  -2.1870591e+01  -3.8046524e+01   6.6815337e+01  -4.8005463e-02   9.4631990e-01  -3.1964686e-01
  -2.2150887e+01  -3.8426129e+01   6.5790094e+01  -1.2936756e-01   9.3541623e-01  -3.2902965e-01
  -2.1826960e+01  -3.7661620e+01   6.7913649e+01   1.9926409e-03   9.9845478e-01  -5.5534446e-02
  -2.2120400e+01  -3.8278602e+01   6.6200291e+01  -1.2469124e-01   9.3740513e-01  -3.2515185e-01
  -2.1866724e+01  -3.7930560e+01   6.7145751e+01  -5.3497440e-02   9.3841760e-01  -3.4133625e-01
  -2.2420881e+01  -3.8377501e+01   6.6078333e+01  -1.9462063e-01   9.1045856e-01  -3.6494934e-01
  -2.2217001e+01  -3.8035462e+01   6.6961637e+01  -1.8268945e-01   9.3305345e-01  -3.0989648e-01
  -2.2376032e+01  -3.8304441e+01   6.6252131e+01  -2.0336540e-01   9.2865254e-01  -3.1023697e-01
  -2.1946157e+01  -3.7695004e+01   6.7822649e+01  -1.1077506e-01   9.3912555e-01  -3.2522620e-01
  -2.1236593e+01  -3.9484013e+01   7.3204323e+01  -2.7080838e-01   9.4985422e-01   1.5633228e-01
  -2.1095141e+01  -3.9555182e+01   7.3295524e+01  -6.8386600e-03   5.2212465e-01   8.5284177e-01
  -1.9863905e+01  -4.2117171e+01   6.5713253e+01   8.2003682e-01  -5.4699878e-01   1.6832096e-01
  -1.9742292e+01  -4.1963047e+01   6.5420635e+01   9.0044167e-01  -4.3074076e-01   6.0557439e-02
  -1.9796061e+01  -4.1935778e+01   6.5974822e+01   8.2043591e-01  -5.4742512e-01   1.6495655e-01
  -1.9761679e+01  -4.2091187e+01   6.5077999e+01   9.0136616e-01  -4.0447328e-01   1.5472689e-01
  -1.9635829e+01  -4.1637504e+01   6.5621659e+01   9.5570459e-01  -2.7630146e-01   1.0142108e-01
  -1.9645063e+01  -4.1823788e+01   6.4884205e+01   9.5681809e-01  -2.9044064e-01  -1.1973578e-02
  -1.9667350e+01  -4.1621749e+01   6.6208984e+01   9.3592328e-01  -3.4266060e-01   8.1432994e-02
  -1.9622066e+01  -4.1517652e+01   6.5954968e+01   9.5748492e-01  -2.8819201e-01   1.2961314e-02
  -1.9732832e+01  -4.1579046e+01   6.6814329e+01   8.5628240e-01  -5.0080016e-01   1.2641067e-01
  -1.9558687e+01  -4.1354586e+01   6.5459141e+01   9.8700412e-01  -1.5948290e-01   1.9699278e-02
  -1.9659346e+01  -4.1549751e+01   6.6408589e+01   9.3678460e-01  -3.3820844e-01   8.9719959e-02
  -1.9584068e+01  -4.1560582e+01   6.5065940e+01   9.8697542e-01  -1.5961682e-01   2.0049547e-02
  -1.9760051e+01  -4.1358356e+01   6.7739373e+01   8.5017751e-01  -5.1173067e-01   1.2381409e-01
  -1.9627859e+01  -4.1238986e+01   6.7260442e+01   9.4053514e-01  -3.3711143e-01   4.1827529e-02
  -1.9714869e+01  -4.1359564e+01   6.7467268e+01   8.4477294e-01  -5.1030654e-01   1.6107735e-01
  -1.9569831e+01  -4.1441060e+01   6.4721513e+01   9.9532879e-01  -9.3019917e-02  -2.5843681e-02
  -1.9608496e+01  -4.1332614e+01   6.6625557e+01   9.4929304e-01  -2.9944704e-01   9.5782016e-02
  -1.9655838e+01  -4.1361333e+01   6.7042302e+01   9.2985926e-01  -3.5200965e-01   1.0700916e-01
  -1.9571683e+01  -4.1246672e+01   6.4429119e+01   9.9828046e-01   3.2704987e-02  -4.8646844e-02
  -1.9533645e+01  -4.1156961e+01   6.5731388e+01   9.8846447e-01  -1.4965097e-01   2.3293267e-02
  -1.9580203e+01  -4.1143313e+01   6.6996131e+01   9.5685966e-01  -2.8543018e-01   5.4306606e-02
  -1.9550220e+01  -4.1005572e+01   6.5004362e+01   9.9850763e-01   2.4367820e-02  -4.8874549e-02
  -1.9557148e+01  -4.1223825e+01   6.6073249e+01   9.8432033e-01  -1.7002474e-01   4.6958327e-02
  -1.9529087e+01  -4.1016957e+01   6.6458960e+01   9.8580541e-01  -1.6785259e-01  -3.6340920e-03
  -1.9698655e+01  -4.1198999e+01   6.7975105e+01   8.5054117e-01  -5.1095445e-01   1.2452015e-01
  -1.9626505e+01  -4.0842508e+01   6.8704685e+01   8.3999914e-01  -5.0570134e-01   1.9664080e-01
  -1.9573722e+01  -4.0729770e+01   6.4949895e+01   9.8715187e-01   1.3418788e-01  -8.6745604e-02
  -1.9532650e+01  -4.0925261e+01   6.5369687e+01   9.9826285e-01   1.7560549e-02  -5.6239748e-02
  -1.9508322e+01  -4.0815304e+01   6.5840348e+01   9.9836796e-01   1.6308597e-02  -5.4730749e-02
  -1.9531515e+01  -4.0932078e+01   6.7140276e+01   9.6327326e-01  -2.5382570e-01   8.7619322e-02
  -1.9564625e+01  -4.0997961e+01   6.7406437e+01   9.7109465e-01  -2.3593025e-01   3.6222862e-02
  -1.9756263e+01  -4.0801290e+01   6.9609599e+01   8.2453440e-01  -5.3639273e-01   1.8007185e-01
  -1.9665363e+01  -4.1006055e+01   6.8437154e+01   8.4993166e-01  -4.9729847e-01   1.7409882e-01
  -1.9564063e+01  -4.0769306e+01   6.8391871e+01   9.5456588e-01  -2.9162233e-01   6.1322047e-02
  -1.9492962e+01  -4.0721844e+01   6.6720861e+01   9.9761452e-01  -6.5921840e-02   2.0483860e-02
  -1.9488887e+01  -4.0697323e+01   6.7014329e+01   9.9557286e-01  -8.7124344e-02  -3.5270762e-02
  -1.9516737e+01  -4.0759235e+01   6.7698228e+01   9.7090442e-01  -2.3719455e-01   3.2914277e-02
  -1.9579546e+01  -4.0909070e+01   6.8055217e+01   9.5038797e-01  -2.9618620e-01   9.5060134e-02
  -1.9663646e+01  -4.0742932e+01   6.9260941e+01   8.6897496e-01  -4.8502366e-01   9.8155897e-02
  -1.9561564e+01  -4.0638646e+01   6.5243579e+01   9.8812764e-01   1.3216702e-01  -7.8330381e-02
  -1.9459302e+01  -4.0468103e+01   6.7466842e+01   9.9833504e-01  -5.7025231e-02   8.6757452e-03
  -1.9548126e+01  -4.0590124e+01   6.8929722e+01   9.2513257e-01  -3.5619951e-01   1.3134548e-01
  -1.9784923e+01  -4.0759284e+01   6.9913327e+01   8.2126055e-01  -5.5818694e-01   1.1814586e-01
  -1.9842130e+01  -4.0583787e+01   7.0780705e+01   7.9725342e-01  -5.7126678e-01   1.9504168e-01
  -1.9495679e+01  -4.0615185e+01   6.6190750e+01   9.9788663e-01   4.1212704e-02  -5.0237308e-02
  -1.9487558e+01  -4.0506756e+01   6.6536184e+01   9.9955625e-01   2.4355147e-02  -1.7149948e-02
  -1.9462263e+01  -4.0464233e+01   6.7210027e+01   9.9613153e-01  -8.0735365e-02  -3.4695420e-02
  -1.9530460e+01  -4.0394737e+01   6.5977068e+01   9.8849823e-01   1.2090320e-01  -9.0849734e-02
  -1.9445405e+01  -4.0312624e+01   6.8021416e+01   9.9058799e-01  -1.3684153e-01  -3.1351098e-03
  -1.9511833e+01  -4.0556847e+01   6.8634250e+01   9.5163484e-01  -3.0309738e-01   5.0230472e-02
  -1.9694638e+01  -4.0572748e+01   7.0056534e+01   8.5955269e-01  -4.7885140e-01   1.7852310e-01
  -1.9553570e+01  -4.0447481e+01   6.5639974e+01   9.8929685e-01   1.2033065e-01  -8.2536557e-02
  -1.9477917e+01  -4.0419566e+01   6.6810893e+01   9.9781709e-01  -3.2799560e-02  -5.7317096e-02
  -1.9530162e+01  -4.0479659e+01   6.9170043e+01   9.3184909e-01  -3.5619101e-01   6.9175348e-02
  -1.9734810e+01  -4.0560176e+01   7.0320068e+01   8.6391466e-01  -4.8556151e-01   1.3372165e-01
  -1.9435606e+01  -4.0247007e+01   6.8577554e+01   9.8792843e-01  -1.5426411e-01   1.4142468e-02
  -1.9677186e+01  -4.0283784e+01   6.4976006e+01   9.3557238e-01   3.2828350e-01  -1.3013175e-01
  -1.9644192e+01  -4.0238952e+01   6.5293710e+01   9.3233631e-01   3.2606563e-01  -1.5630165e-01
  -1.9513356e+01  -4.0349968e+01   6.9608942e+01   9.3225597e-01  -3.5503504e-01   6.9634247e-02
  -1.9557582e+01  -4.0374370e+01   6.9868881e+01   8.9956087e-01  -3.9941870e-01   1.7679066e-01
  -1.9594833e+01  -4.0314916e+01   7.0381427e+01   8.2457585e-01  -5.4854306e-01   1.3847446e-01
  -1.9434282e+01  -4.0245422e+01   6.8269588e+01   9.8983553e-01  -1.4185035e-01  -1.0202754e-02
  -1.9857382e+01  -4.0120328e+01   6.4354892e+01   8.8854141e-01   4.2109756e-01  -1.8212908e-01
  -1.9799402e+01  -4.0121723e+01   6.4640659e+01   8.9039888e-01   4.2005537e-01  -1.7533772e-01
  -1.9468755e+01  -4.0182008e+01   6.7095713e+01   9.9559609e-01   7.4902171e-02  -5.6374505e-02
  -1.9456960e+01  -4.0159711e+01   6.7374805e+01   9.9620443e-01   7.7291960e-02  -4.0033651e-02
  -1.9544326e+01  -4.0283625e+01   7.0126849e+01   8.5125141e-01  -5.2162420e-01   5.7264559e-02
  -1.9574688e+01  -4.0193550e+01   7.0775374e+01   8.0884611e-01  -5.7476906e-01   1.2413093e-01
  -1.9834518e+01  -3.9936458e+01   6.4898255e+01   8.9678764e-01   4.0456076e-01  -1.7917178e-01
  -1.9614159e+01  -4.0070892e+01   6.5801092e+01   9.3963760e-01   3.0037078e-01  -1.6388586e-01
  -1.9558077e+01  -4.0111780e+01   6.6178366e+01   9.7791277e-01   1.9434610e-01  -7.6916919e-02
  -1.9525966e+01  -4.0094855e+01   6.6555173e+01   9.7868280e-01   1.7688159e-01  -1.0436894e-01
  -1.9454967e+01  -3.9945036e+01   6.7639944e+01   9.9837084e-01   1.7624766e-02  -5.4268237e-02
  -1.9429122e+01  -4.0077156e+01   6.9404139e+01   9.8313282e-01  -1.7609331e-01   4.9406472e-02
  -1.9458052e+01  -3.9965029e+01   7.0656000e+01   9.6789469e-01  -2.4324611e-01   6.3333997e-02
  -1.9605664e+01  -4.0163786e+01   7.1029672e+01   7.9755726e-01  -5.6563838e-01   2.0965602e-01
  -1.9426947e+01  -4.0048065e+01   6.8106717e+01   9.9817332e-01   1.2548805e-02  -5.9097835e-02
  -1.9445903e+01  -4.0027297e+01   7.0028845e+01   9.7898739e-01  -1.9955547e-01   4.1967798e-02
  -1.9417399e+01  -4.0091009e+01   6.8982949e+01   9.8820711e-01  -1.5238098e-01   1.5058114e-02
  -1.9403667e+01  -3.9877089e+01   6.9712309e+01   9.7975003e-01  -1.9775819e-01   3.1330249e-02
  -1.9451170e+01  -3.9881692e+01   7.0951082e+01   9.6376959e-01  -2.6440310e-01   3.5201997e-02
  -1.9537370e+01  -3.9978320e+01   7.1281566e+01   7.8656433e-01  -5.8227960e-01   2.0558945e-01
  -1.9864052e+01  -3.9839395e+01   6.5003666e+01   8.7851693e-01   4.6473248e-01  -1.1059711e-01
  -1.9498500e+01  -3.9833199e+01   6.7243811e+01   9.7887179e-01   1.7019792e-01  -1.1332559e-01
  -1.9691975e+01  -3.9820203e+01   6.5878869e+01   9.1047342e-01   3.7671369e-01  -1.7066034e-01
  -1.9824939e+01  -3.9821304e+01   6.5245038e+01   8.7588494e-01   4.3903333e-01  -2.0018819e-01
  -1.9543714e+01  -3.9808911e+01   6.6874879e+01   9.7849442e-01   1.7798862e-01  -1.0425313e-01
  -1.9434015e+01  -3.9764259e+01   6.8215192e+01   9.9700846e-01   6.3761087e-02  -4.3688069e-02
  -1.9632651e+01  -3.9637600e+01   6.6588455e+01   9.1564895e-01   3.6558925e-01  -1.6712719e-01
  -1.9420180e+01  -3.9859352e+01   7.0331013e+01   9.7698466e-01  -2.1217190e-01   2.2001203e-02
  -1.9671893e+01  -3.9722062e+01   6.6197035e+01   9.1190832e-01   3.7123753e-01  -1.7494545e-01
  -1.9879135e+01  -3.9560308e+01   6.5646421e+01   8.3026983e-01   5.2501812e-01  -1.8710420e-01
  -1.9489643e+01  -3.9584400e+01   6.7791083e+01   9.6979791e-01   2.1845128e-01  -1.0849445e-01
  -1.9387103e+01  -3.9717962e+01   6.9157405e+01   9.9972638e-01  -3.0980269e-03  -2.3185551e-02
  -1.9362381e+01  -3.9495170e+01   7.0698340e+01   9.8755351e-01  -1.5709245e-01  -7.7471449e-03
  -1.9384809e+01  -3.9591273e+01   7.1015050e+01   9.7945265e-01  -1.9835468e-01   3.6440705e-02
  -1.9517313e+01  -3.9606898e+01   6.7489737e+01   9.7024132e-01   2.1943625e-01  -1.0236946e-01
  -1.9866580e+01  -3.9481658e+01   6.5895260e+01   8.3521804e-01   5.0179365e-01  -2.2497546e-01
  -1.9415026e+01  -3.9703385e+01   6.8605888e+01   9.9604369e-01   5.4436843e-02  -7.0239636e-02
  -1.9377064e+01  -3.9645278e+01   6.9448128e+01   9.9898549e-01  -1.1210580e-02  -4.3615494e-02
  -1.9362948e+01  -3.9532687e+01   7.0390414e+01   9.8997042e-01  -1.3609983e-01   3.7886694e-02
  -1.9481095e+01  -3.9367409e+01   6.8258903e+01   9.7615214e-01   1.8433188e-01  -1.1466802e-01
  -1.9370286e+01  -3.9363010e+01   6.9687921e+01   9.9901010e-01   2.5478250e-02  -3.6464849e-02
  -1.9352644e+01  -3.9281793e+01   7.1511148e+01   9.8402617e-01  -1.7750885e-01  -1.3531595e-02
  -1.9450363e+01  -3.9340256e+01   6.8628102e+01   9.8411656e-01   1.6030723e-01  -7.6263941e-02
  -1.9355541e+01  -3.9347494e+01   7.0051018e+01   9.9863617e-01   2.2571110e-02  -4.7078052e-02
  -1.9351377e+01  -3.9336627e+01   7.1189415e+01   9.8752196e-01  -1.3730431e-01   7.7122602e-02
  -1.9406728e+01  -3.9139550e+01   6.9415202e+01   9.8484187e-01   1.3365112e-01  -1.1056162e-01
  -1.9435241e+01  -3.9185184e+01   6.9073783e+01   9.8709414e-01   1.3186975e-01  -9.0859919e-02
  -1.9336624e+01  -3.9160337e+01   7.0402144e+01   9.9756073e-01  -2.4722256e-02  -6.5279410e-02
  -1.9331475e+01  -3.9223741e+01   7.0656568e+01   9.9799033e-01  -6.3175112e-02   4.9206054e-03
  -1.9369432e+01  -3.9300817e+01   7.2075478e+01   9.7567171e-01  -2.1715364e-01   3.0149696e-02
  -1.9321710e+01  -3.9138028e+01   7.0950550e+01   9.9564999e-01  -9.0226025e-02  -2.3245534e-02
  -1.9310104e+01  -3.8976018e+01   7.1521966e+01   9.9588618e-01  -8.6592125e-02   2.6693051e-02
  -1.9566857e+01  -3.9026526e+01   6.8306799e+01   9.3762742e-01   3.1406539e-01  -1.4905621e-01
  -1.9323195e+01  -3.9067244e+01   7.2221172e+01   9.7719301e-01  -2.1011187e-01   3.0770439e-02
  -2.2582844e+01  -3.9050290e+01   7.2241055e+01   8.8344374e-01   4.1492608e-01  -2.1763157e-01
  -1.9344899e+01  -3.9097674e+01   7.2536102e+01   9.7591312e-01  -2.0791656e-01   6.6062763e-02
  -1.9389417e+01  -3.8992442e+01   7.2930638e+01   9.1384338e-01  -5.9064382e-02   4.0174828e-01
  -2.2669205e+01  -3.8960654e+01   7.1889596e+01   9.8542993e-01   7.0761308e-02  -1.5466316e-01
  -1.9420308e+01  -3.8884703e+01   6.9699719e+01   9.7536471e-01   1.9949538e-01  -9.4155637e-02
  -1.9305421e+01  -3.8952352e+01   7.1802906e+01   9.9403722e-01  -1.0238661e-01  -3.7509954e-02
  -1.9312489e+01  -3.8818993e+01   7.2671775e+01   9.8285625e-01  -1.2369125e-01   1.3672624e-01
  -2.2629713e+01  -3.8815538e+01   7.2351195e+01   9.5599945e-01   2.6747976e-01  -1.2049740e-01
  -1.9486816e+01  -3.8721386e+01   6.9476967e+01   9.4566303e-01   2.9042525e-01  -1.4620056e-01
  -1.9409536e+01  -3.8735232e+01   7.0107881e+01   9.7361058e-01   2.0303435e-01  -1.0420887e-01
  -1.9331054e+01  -3.8874956e+01   7.0778586e+01   9.9022348e-01   1.3319894e-01  -4.1418633e-02
  -1.9308285e+01  -3.8755205e+01   7.1397679e+01   9.9726071e-01   6.6041865e-02  -3.3309781e-02
  -1.9345153e+01  -3.8888204e+01   7.0508164e+01   9.8776648e-01   1.3717916e-01  -7.4156976e-02
  -2.2704577e+01  -3.8625194e+01   7.1898248e+01   9.9525976e-01   1.3766990e-02  -9.6272951e-02
  -1.9265486e+01  -3.8660396e+01   7.2291967e+01   9.9866634e-01  -3.2277975e-02  -4.0294930e-02
  -2.2714508e+01  -3.8612557e+01   7.1553392e+01   9.8966339e-01  -1.3602013e-01   4.5441215e-02
  -1.9326871e+01  -3.8728018e+01   7.1103702e+01   9.9411574e-01   7.9218802e-02  -7.3880092e-02
  -1.9270679e+01  -3.8585322e+01   7.2565071e+01   9.8650816e-01  -1.0236301e-01   1.2776332e-01
  -1.9369107e+01  -3.8587279e+01   7.2826225e+01   5.1472716e-01   2.8683379e-01   8.0794946e-01
  -2.2673992e+01  -3.8461027e+01   7.2155453e+01   9.9127489e-01  -5.2713679e-02  -1.2081128e-01
  -1.9430330e+01  -3.8418234e+01   7.0606595e+01   9.6501356e-01   2.2366022e-01  -1.3683908e-01
  -1.9456265e+01  -3.8487112e+01   7.0246382e+01   9.5208138e-01   2.9390968e-01  -8.4605794e-02
  -1.9301198e+01  -3.8632899e+01   7.1651435e+01   9.9703420e-01   3.6002407e-02  -6.8019360e-02
  -2.2671681e+01  -3.8422085e+01   7.1477014e+01   9.5747454e-01  -2.8287250e-01   5.6794919e-02
  -2.2667224e+01  -3.8447029e+01   7.2456688e+01   9.9566707e-01   7.5502783e-02   5.4280971e-02
  -1.9291285e+01  -3.8317624e+01   7.2058262e+01   9.9431882e-01   7.9876045e-02  -7.0355530e-02
  -1.9385113e+01  -3.8424045e+01   7.0961544e+01   9.7207614e-01   2.1055360e-01  -1.0361057e-01
  -1.9318033e+01  -3.8411513e+01   7.2658673e+01   8.7090722e-01   3.2902585e-01   3.6505151e-01
  -2.2678730e+01  -3.8390571e+01   7.1864179e+01   9.3511039e-01  -3.5324132e-01   2.8091308e-02
  -1.9395401e+01  -3.8221653e+01   7.1266329e+01   9.7265884e-01   2.0598965e-01  -1.0725225e-01
  -1.9358280e+01  -3.8172510e+01   7.1647971e+01   9.6694562e-01   2.1561078e-01  -1.3611819e-01
  -1.9302001e+01  -3.8123640e+01   7.2294279e+01   9.8866916e-01   1.4778209e-01  -2.6338889e-02
  -1.9389626e+01  -3.8108249e+01   7.2621365e+01   8.1020786e-01   1.6886369e-01   5.6129161e-01
  -2.2638799e+01  -3.8137372e+01   7.2511341e+01   9.6651807e-01  -2.4671150e-01   7.0542652e-02
  -1.9358670e+01  -3.7915371e+01   7.2476816e+01   9.2355104e-01   2.1840387e-01   3.1520348e-01
  -1.9493834e+01  -3.7967028e+01   7.1091040e+01   9.1495279e-01   3.7218123e-01  -1.5602089e-01
  -2.2498889e+01  -3.8024717e+01   7.1668653e+01   8.1303013e-01  -5.5345191e-01   1.8075673e-01
  -2.2586894e+01  -3.8143916e+01   7.1976870e+01   9.3144083e-01  -3.6282900e-01   2.7804473e-02
  -2.2544265e+01  -3.7935242e+01   7.2280491e+01   9.1894153e-01  -3.3104822e-01   2.1436777e-01
  -1.9344093e+01  -3.8005956e+01   7.2037775e+01   9.6251820e-01   2.4027836e-01  -1.2579752e-01
  -1.9396449e+01  -3.7764633e+01   7.2420577e+01   8.3908642e-01   4.6434468e-01   2.8340431e-01
  -2.3253285e+01  -4.1974574e+01   6.7570555e+01  -6.3516174e-01  -7.2091689e-01   2.7721544e-01
  -2.2976914e+01  -4.0471157e+01   7.2117536e+01  -5.5597517e-01  -7.9354926e-01   2.4732807e-01
  -2.2836922e+01  -4.0492758e+01   7.2331845e+01  -5.4450682e-01  -7.8120905e-01   3.0532727e-01
  -2.3273680e+01  -4.2238247e+01   6.6809830e+01  -6.1863877e-01  -7.3795644e-01   2.6964117e-01
  -2.3216090e+01  -4.2136187e+01   6.7221936e+01  -6.1938667e-01  -7.3762918e-01   2.6881844e-01
  -2.2830237e+01  -4.0629823e+01   7.1976453e+01  -5.8220091e-01  -7.5849323e-01   2.9279705e-01
  -2.2669922e+01  -4.0345896e+01   7.3002624e+01  -4.7155432e-01  -8.1852592e-01   3.2810341e-01
  -2.2591746e+01  -4.0261722e+01   7.3180743e+01  -2.8302275e-01  -5.9969917e-01   7.4850453e-01
  -2.2934341e+01  -4.1886267e+01   6.8459405e+01  -5.3488772e-01  -7.9147754e-01   2.9573372e-01
  -2.2706037e+01  -4.1268272e+01   7.0532879e+01  -5.1978979e-01  -8.0612665e-01   2.8280451e-01
  -2.2568169e+01  -4.1106206e+01   7.1122469e+01  -3.5213130e-01  -8.7692832e-01   3.2710897e-01
  -2.2982369e+01  -4.2294526e+01   6.7280921e+01  -5.4649526e-01  -7.8686007e-01   2.8669523e-01
  -2.2945420e+01  -4.2144424e+01   6.7753755e+01  -5.3303471e-01  -7.9177718e-01   2.9826649e-01
  -2.2766522e+01  -4.1747717e+01   6.9116877e+01  -5.0189358e-01  -8.0857810e-01   3.0709004e-01
  -2.2738940e+01  -4.1654769e+01   6.9403607e+01  -4.9806058e-01  -8.0857307e-01   3.1328142e-01
  -2.2694995e+01  -4.1537990e+01   6.9792583e+01  -4.6633215e-01  -8.3667222e-01   2.8725236e-01
  -2.2620349e+01  -4.0690161e+01   7.2148283e+01  -3.9821789e-01  -8.3339648e-01   3.8323990e-01
  -2.2496116e+01  -4.0661112e+01   7.2396668e+01  -3.2942513e-01  -9.3283849e-01   1.4591585e-01
  -2.2522812e+01  -4.0933023e+01   7.1659834e+01  -3.4151081e-01  -8.9145658e-01   2.9778435e-01
  -2.2559487e+01  -4.0562093e+01   7.2624910e+01  -5.0171003e-01  -8.0921257e-01   3.0571567e-01
  -2.2358255e+01  -4.0591649e+01   7.2854862e+01  -4.8931019e-01  -7.9013841e-01   3.6912984e-01
  -2.2473028e+01  -4.0466651e+01   7.2984932e+01  -4.7300188e-01  -8.1751238e-01   3.2854638e-01
  -2.2715705e+01  -4.2182542e+01   6.8024906e+01  -4.3024421e-01  -8.4788206e-01   3.0981595e-01
  -2.2609992e+01  -4.1245493e+01   7.0728566e+01  -4.1263137e-01  -8.3180259e-01   3.7126784e-01
  -2.2533419e+01  -4.1802694e+01   6.9294807e+01  -3.6281724e-01  -8.7392729e-01   3.2344202e-01
  -2.2481777e+01  -4.1507747e+01   7.0170251e+01  -3.4516957e-01  -8.8758647e-01   3.0503806e-01
  -2.2384713e+01  -4.0781607e+01   7.2181754e+01  -3.6347263e-01  -8.5277431e-01   3.7505148e-01
  -2.2264100e+01  -4.0917652e+01   7.1973615e+01  -3.4054219e-01  -8.7228882e-01   3.5091769e-01
  -2.2324401e+01  -4.0494460e+01   7.3156684e+01  -5.0230814e-01  -8.2846301e-01   2.4766018e-01
  -2.2613725e+01  -4.2539883e+01   6.7183730e+01  -3.7401814e-01  -8.3972991e-01   3.9365480e-01
  -2.2647399e+01  -4.2355289e+01   6.7654819e+01  -4.4937745e-01  -8.3654950e-01   3.1344033e-01
  -2.2637231e+01  -4.2062253e+01   6.8457990e+01  -4.1697375e-01  -8.5528256e-01   3.0761117e-01
  -2.2503903e+01  -4.1898658e+01   6.9069542e+01  -3.6241383e-01  -8.7324449e-01   3.2573038e-01
  -2.2351719e+01  -4.1461661e+01   7.0422950e+01  -2.9241011e-01  -8.9171361e-01   3.4546080e-01
  -2.2370073e+01  -4.1347988e+01   7.0703182e+01  -2.9284836e-01  -8.9331414e-01   3.4092474e-01
  -2.2192871e+01  -4.1093821e+01   7.1548664e+01  -3.3408241e-01  -8.9763531e-01   2.8747137e-01
  -2.2552722e+01  -4.2464349e+01   6.7454632e+01  -3.8476491e-01  -8.8996503e-01   2.4478195e-01
  -2.2640387e+01  -4.2142270e+01   6.8235379e+01  -4.1995091e-01  -8.4951270e-01   3.1932648e-01
  -2.2345322e+01  -4.1129546e+01   7.1286914e+01  -3.3104104e-01  -8.6920162e-01   3.6728786e-01
  -2.2323055e+01  -4.0739508e+01   7.2394673e+01  -4.6306069e-01  -8.6606546e-01   1.8842882e-01
  -2.2469406e+01  -4.1654597e+01   6.9770484e+01  -3.7138775e-01  -8.7191173e-01   3.1912547e-01
  -2.2088621e+01  -4.0800394e+01   7.2443864e+01  -1.6520882e-01  -9.4958236e-01   2.6645711e-01
  -2.2003448e+01  -4.0724747e+01   7.2714746e+01  -1.0132061e-01  -9.3119698e-01   3.5015186e-01
  -2.2167316e+01  -4.0642978e+01   7.2889503e+01  -9.7271582e-02  -9.3723281e-01   3.3486251e-01
  -2.2132415e+01  -4.0535686e+01   7.3230605e+01  -8.8843259e-02  -9.5461095e-01   2.8429706e-01
  -2.2337334e+01  -4.2672873e+01   6.7104573e+01  -2.6362925e-01  -9.1941615e-01   2.9184509e-01
  -2.2304280e+01  -4.2104042e+01   6.8693144e+01  -2.6540615e-01  -9.0895258e-01   3.2150393e-01
  -2.2212843e+01  -4.1869562e+01   6.9419169e+01  -2.5165885e-01  -9.1012604e-01   3.2914801e-01
  -2.2187758e+01  -4.1243657e+01   7.1141942e+01  -3.1221333e-01  -8.8967636e-01   3.3316484e-01
  -2.2425162e+01  -4.2390053e+01   6.7774322e+01  -2.3126912e-01  -8.9564602e-01   3.7991158e-01
  -2.1986123e+01  -4.0489376e+01   7.3388300e+01  -5.8398468e-02  -9.0885917e-01   4.1299471e-01
  -2.2345053e+01  -3.7716014e+01   7.2093483e+01   6.9440190e-01  -6.6362379e-01   2.7822556e-01
  -2.2273970e+01  -4.2531789e+01   6.7535658e+01  -2.3114200e-01  -8.9171804e-01   3.8911735e-01
  -2.2455953e+01  -4.2241226e+01   6.8170645e+01  -3.2141105e-01  -9.0035553e-01   2.9335109e-01
  -2.2111176e+01  -4.2328047e+01   6.8169655e+01  -1.2270572e-01  -8.7258155e-01   4.7280518e-01
  -2.1890793e+01  -4.0900866e+01   7.2235252e+01  -1.8733983e-01  -9.3342935e-01   3.0596313e-01
  -2.2225253e+01  -4.2391520e+01   6.7941150e+01  -3.2800687e-01  -9.1418715e-01   2.3806167e-01
  -2.1972087e+01  -4.0990916e+01   7.1982467e+01  -1.0190806e-01  -8.8678875e-01   4.5079980e-01
  -2.2016303e+01  -4.0604608e+01   7.3050752e+01  -1.1054776e-01  -9.4387425e-01   3.1125648e-01
  -2.2188481e+01  -4.1982629e+01   6.9125009e+01  -2.5153468e-01  -9.1026329e-01   3.2886327e-01
  -2.2012135e+01  -4.1704818e+01   6.9970064e+01  -1.7521211e-01  -9.1570734e-01   3.6163625e-01
  -2.2107952e+01  -4.1556961e+01   7.0326962e+01  -1.8018520e-01  -9.3838814e-01   2.9489150e-01
  -2.1889762e+01  -4.1318423e+01   7.1113284e+01  -1.0477492e-01  -9.4265637e-01   3.1689300e-01
  -2.1809878e+01  -4.0518283e+01   7.3355495e+01  -8.6813218e-02  -9.0770080e-01   4.1053956e-01
  -2.1817032e+01  -4.0687669e+01   7.2831353e+01   5.8632470e-02  -9.2363497e-01   3.7876202e-01
  -2.1816239e+01  -4.0620890e+01   7.3014174e+01   1.1101053e-01  -9.4564504e-01   3.0566669e-01
  -2.1688699e+01  -4.0590804e+01   7.3155891e+01  -1.3326720e-01  -9.7740791e-01   1.6405374e-01
  -2.2094218e+01  -3.7562882e+01   7.1991457e+01   4.6192765e-01  -8.5744032e-01   2.2675745e-01
  -2.2072795e+01  -3.7441833e+01   7.2239005e+01   5.7002932e-01  -6.7605184e-01   4.6692664e-01
  -2.1874219e+01  -4.1508221e+01   7.0581677e+01  -1.3846162e-01  -9.2953027e-01   3.4176288e-01
  -2.1926929e+01  -4.1200766e+01   7.1447675e+01  -9.7806620e-02  -9.4035124e-01   3.2584262e-01
  -2.1784955e+01  -4.1113496e+01   7.1733111e+01  -8.3161846e-02  -9.3898344e-01   3.3375771e-01
  -2.2174456e+01  -4.2634948e+01   6.7333613e+01  -1.5323566e-01  -9.3054442e-01   3.3257467e-01
  -2.2150106e+01  -4.2214987e+01   6.8453450e+01  -2.0679795e-01  -9.4929480e-01   2.3679948e-01
  -2.1609363e+01  -4.0727636e+01   7.2780148e+01  -1.5120134e-01  -8.9917886e-01   4.1062822e-01
  -2.1780193e+01  -4.1911076e+01   6.9473185e+01  -1.0301681e-02  -9.5116006e-01   3.0852620e-01
  -2.1556694e+01  -4.0967033e+01   7.2166285e+01  -3.2153178e-02  -9.2764272e-01   3.7208219e-01
  -2.1532044e+01  -4.0857069e+01   7.2470950e+01  -6.3159357e-02  -9.4563609e-01   3.1903491e-01
  -2.1541655e+01  -4.0651326e+01   7.3018261e+01  -2.4578483e-01  -9.3224625e-01   2.6553105e-01
  -2.1880840e+01  -4.2605023e+01   6.7481041e+01  -1.0280526e-02  -9.5194950e-01   3.0608243e-01
  -2.1849588e+01  -4.2233544e+01   6.8542767e+01  -7.0364912e-02  -9.3503346e-01   3.4750715e-01
  -2.1944241e+01  -4.2133557e+01   6.8808206e+01  -6.9638336e-02  -9.4686042e-01   3.1401569e-01
  -2.1757715e+01  -4.2024161e+01   6.9143225e+01  -1.8471275e-03  -9.3994620e-01   3.4131764e-01
  -2.1538584e+01  -4.0492549e+01   7.3410708e+01   2.7765030e-02  -8.4239933e-01   5.3813797e-01
  -2.1342219e+01  -4.0538532e+01   7.3327602e+01   3.3562272e-02  -8.4354482e-01   5.3600906e-01
  -2.1904727e+01  -3.7565891e+01   7.1732415e+01   2.6980735e-01  -9.0343097e-01   3.3319135e-01
  -2.1786302e+01  -4.2698516e+01   6.7211828e+01  -4.7950889e-02  -9.3874236e-01   3.4126749e-01
  -2.1980499e+01  -4.2433805e+01   6.7968410e+01  -8.3094250e-02  -9.3359796e-01   3.4855444e-01
  -2.1492657e+01  -4.1795351e+01   6.9792106e+01   8.6941175e-02  -9.4378236e-01   3.1892961e-01
  -2.1444636e+01  -4.1666601e+01   7.0157342e+01   9.0616370e-02  -9.4225435e-01   3.2240566e-01
  -2.1492800e+01  -4.1540620e+01   7.0529750e+01   8.1113586e-02  -9.3869391e-01   3.3507363e-01
  -2.1461918e+01  -4.1061600e+01   7.1911800e+01   3.3928908e-02  -9.4668071e-01   3.2038175e-01
  -2.1847329e+01  -3.7363214e+01   7.2210737e+01   1.0215885e-01  -8.8918857e-01   4.4599019e-01
  -2.1777104e+01  -4.2514131e+01   6.7764551e+01  -8.7130196e-03  -9.5039134e-01   3.1093469e-01
  -2.1498862e+01  -4.1256744e+01   7.1346660e+01   5.0425038e-02  -9.4392068e-01   3.2629903e-01
  -2.1368090e+01  -4.0623347e+01   7.3156990e+01   7.9804858e-02  -9.3505966e-01   3.4539053e-01
  -2.1735302e+01  -3.7439436e+01   7.1973931e+01   2.0093825e-01  -9.3265072e-01   2.9964387e-01
  -2.1568917e+01  -4.2146128e+01   6.8781999e+01   7.2212968e-02  -9.4343280e-01   3.2360444e-01
  -2.1447723e+01  -4.1345228e+01   7.1079967e+01   5.2949394e-02  -9.4573327e-01   3.2060092e-01
  -2.1579175e+01  -4.2322918e+01   6.8283321e+01   1.2087729e-01  -9.2950415e-01   3.4844041e-01
  -2.1207761e+01  -4.0838805e+01   7.2466075e+01   1.8062131e-01  -9.2878485e-01   3.2362733e-01
  -2.1178034e+01  -4.0466839e+01   7.3421219e+01   7.4228028e-02  -8.3344634e-01   5.4759236e-01
  -2.1503498e+01  -4.2214152e+01   6.8566200e+01   7.2246028e-02  -9.4619159e-01   3.1543934e-01
  -2.1147104e+01  -4.0634242e+01   7.3018563e+01   2.0027964e-01  -9.3124550e-01   3.0441730e-01
  -2.1714954e+01  -4.2994393e+01   6.6377313e+01   3.3689969e-02  -9.4765980e-01   3.1749943e-01
  -2.1523325e+01  -4.2900298e+01   6.6606220e+01   1.0862633e-01  -9.3296541e-01   3.4318488e-01
  -2.1572370e+01  -4.2820959e+01   6.6840564e+01   1.1327380e-01  -9.3525890e-01   3.3535032e-01
  -2.1513817e+01  -4.2419609e+01   6.7995446e+01   1.1858409e-01  -9.3526187e-01   3.3350121e-01
  -2.1319061e+01  -4.1886984e+01   6.9443206e+01   1.4562939e-01  -9.4490160e-01   2.9317752e-01
  -2.1134641e+01  -4.1568125e+01   7.0285845e+01   2.5637465e-01  -9.1953558e-01   2.9786971e-01
  -2.1424114e+01  -3.7454991e+01   7.1892223e+01  -8.8404767e-02  -9.2786740e-01   3.6227984e-01
  -2.1469791e+01  -4.2712133e+01   6.7110732e+01   1.1125991e-01  -9.3610634e-01   3.3365574e-01
  -2.1490069e+01  -4.2607405e+01   6.7433628e+01   1.5127663e-01  -9.4650410e-01   2.8503573e-01
  -2.1119777e+01  -4.1318180e+01   7.1007012e+01   2.2263510e-01  -9.1850793e-01   3.2676719e-01
  -2.0968289e+01  -4.1187053e+01   7.1268948e+01   2.2515021e-01  -9.1541213e-01   3.3365852e-01
  -2.1126506e+01  -4.1117248e+01   7.1578609e+01   2.3287830e-01  -9.1902637e-01   3.1805381e-01
  -2.1081053e+01  -4.0920681e+01   7.2139801e+01   1.9894226e-01  -9.3472461e-01   2.9446879e-01
  -2.1038481e+01  -4.0713497e+01   7.2722838e+01   1.9059063e-01  -9.2276820e-01   3.3492397e-01
  -2.0988944e+01  -4.0515033e+01   7.3250876e+01   2.3506894e-01  -9.0837130e-01   3.4583836e-01
  -2.1259542e+01  -3.7377849e+01   7.2139482e+01  -1.1123464e-01  -9.3268824e-01   3.4310275e-01
  -2.1352287e+01  -4.2510390e+01   6.7666704e+01   1.5313937e-01  -9.3656760e-01   3.1526094e-01
  -2.1379800e+01  -4.2000914e+01   6.9131177e+01   1.3529604e-01  -9.3194800e-01   3.3640437e-01
  -2.0984615e+01  -4.1625791e+01   6.9966654e+01   2.7247331e-01  -9.1891634e-01   2.8522106e-01
  -2.1184619e+01  -4.2198824e+01   6.8448744e+01   2.2315774e-01  -9.1265441e-01   3.4243620e-01
  -2.0993910e+01  -4.2058169e+01   6.8714651e+01   2.1843251e-01  -9.2623449e-01   3.0720824e-01
  -2.1102239e+01  -4.1997253e+01   6.8983282e+01   2.2574621e-01  -9.2887636e-01   2.9364494e-01
  -2.1043347e+01  -4.1462837e+01   7.0529613e+01   2.5813143e-01  -9.1744409e-01   3.0276148e-01
  -2.1100477e+01  -4.2360321e+01   6.7931548e+01   2.6711026e-01  -9.0765662e-01   3.2374616e-01
  -2.1077574e+01  -4.1761531e+01   6.9648586e+01   2.7121490e-01  -9.0252257e-01   3.3450783e-01
  -2.0779208e+01  -4.0718750e+01   7.2475151e+01   3.7169312e-01  -8.8579951e-01   2.7785511e-01
  -2.0696515e+01  -4.0841572e+01   7.1997380e+01   3.9066057e-01  -8.6958955e-01   3.0199062e-01
  -2.0787204e+01  -4.0286227e+01   7.3441516e+01   5.8996694e-01  -6.2018057e-02   8.0504209e-01
  -2.1153721e+01  -4.2651886e+01   6.7105070e+01   2.5958302e-01  -9.2256453e-01   2.8546689e-01
  -2.0876573e+01  -4.1865727e+01   6.9160597e+01   3.3404490e-01  -8.7939519e-01   3.3923164e-01
  -2.0740443e+01  -4.1293048e+01   7.0727390e+01   3.6811305e-01  -8.8632770e-01   2.8091989e-01
  -2.0724245e+01  -4.0433403e+01   7.3246272e+01   3.3398341e-01  -8.7751413e-01   3.4412793e-01
  -2.1221368e+01  -4.3078930e+01   6.5940811e+01   2.6121535e-01  -8.9169412e-01   3.6965948e-01
  -2.1260406e+01  -4.2807710e+01   6.6725113e+01   2.3067375e-01  -9.1467992e-01   3.3188894e-01
  -2.0778488e+01  -4.1453072e+01   7.0285800e+01   3.4917018e-01  -8.8738995e-01   3.0103034e-01
  -2.0527847e+01  -4.0228775e+01   7.3342017e+01   2.1032284e-01  -5.4988543e-01   8.0832563e-01
  -2.1136243e+01  -4.2961380e+01   6.6194199e+01   2.6301945e-01  -9.1157699e-01   3.1598759e-01
  -2.0992065e+01  -4.2511290e+01   6.7387880e+01   3.0398690e-01  -9.0348300e-01   3.0217616e-01
  -2.0938249e+01  -4.2406554e+01   6.7649063e+01   3.0456821e-01  -9.0483047e-01   2.9752316e-01
  -2.0972596e+01  -4.2230690e+01   6.8200375e+01   2.6617635e-01  -9.1582383e-01   3.0069397e-01
  -2.0522656e+01  -4.0522753e+01   7.2694592e+01   4.3872248e-01  -8.4765796e-01   2.9832629e-01
  -2.0808043e+01  -4.1738593e+01   6.9451746e+01   3.3354411e-01  -8.9908178e-01   2.8354944e-01
  -2.0562134e+01  -4.1470691e+01   6.9922397e+01   4.4339256e-01  -8.5597066e-01   2.6592720e-01
  -2.0762605e+01  -4.1181635e+01   7.1097986e+01   3.8915970e-01  -8.7164121e-01   2.9798713e-01
  -2.0545665e+01  -4.0423037e+01   7.3039160e+01   4.3916774e-01  -8.6479786e-01   2.4342630e-01
  -2.0818661e+01  -4.2721309e+01   6.6537537e+01   4.2600717e-01  -8.5341922e-01   3.0032237e-01
  -2.0751712e+01  -4.2007116e+01   6.8606585e+01   4.7894191e-01  -8.1363751e-01   3.2955826e-01
  -2.0683043e+01  -4.1876040e+01   6.8888995e+01   4.0986504e-01  -8.7217096e-01   2.6707391e-01
  -2.0522509e+01  -4.0900912e+01   7.1546090e+01   4.5255073e-01  -8.5538760e-01   2.5201168e-01
  -2.0368144e+01  -4.0278519e+01   7.3173294e+01   5.1851434e-01  -8.0077585e-01   2.9983483e-01
  -2.0170107e+01  -3.9894154e+01   7.3337043e+01   1.7355218e-01  -9.3864872e-02   9.8034128e-01
  -2.0512834e+01  -4.1034873e+01   7.1133989e+01   4.7362962e-01  -8.2204379e-01   3.1609965e-01
  -2.0315271e+01  -4.0620930e+01   7.2055627e+01   5.3478810e-01  -8.0429571e-01   2.5905615e-01
  -2.0754830e+01  -4.2848004e+01   6.6055284e+01   4.7748692e-01  -8.3853621e-01   2.6241811e-01
  -2.0676591e+01  -4.2235158e+01   6.7794143e+01   4.8336844e-01  -8.2746554e-01   2.8575466e-01
  -2.0706907e+01  -4.2143193e+01   6.8122053e+01   4.7768215e-01  -8.3649536e-01   2.6850562e-01
  -2.0389693e+01  -4.1722797e+01   6.8842515e+01   5.5412102e-01  -7.8718233e-01   2.7072842e-01
  -2.0427319e+01  -4.1608747e+01   6.9271980e+01   5.3368186e-01  -8.0849119e-01   2.4804367e-01
  -2.0574457e+01  -4.1577686e+01   6.9623251e+01   4.4263222e-01  -8.4171576e-01   3.0917841e-01
  -2.0337299e+01  -4.1167860e+01   7.0423399e+01   5.5692454e-01  -7.8516521e-01   2.7083323e-01
  -2.0844314e+01  -4.2567041e+01   6.7040278e+01   3.7464832e-01  -8.8691322e-01   2.7022875e-01
  -2.0278439e+01  -4.0703257e+01   7.1727655e+01   5.3792525e-01  -8.0036414e-01   2.6467653e-01
  -2.0208359e+01  -4.0270278e+01   7.2878433e+01   6.2670413e-01  -7.3327286e-01   2.6372876e-01
  -2.0554735e+01  -4.2623135e+01   6.6383284e+01   5.3223143e-01  -8.0679895e-01   2.5652516e-01
  -2.0559221e+01  -4.2279368e+01   6.7462815e+01   4.8729826e-01  -8.2740096e-01   2.7919178e-01
  -2.0312940e+01  -4.1035870e+01   7.0772356e+01   5.5290524e-01  -7.9549391e-01   2.4796216e-01
  -2.0040512e+01  -4.0064766e+01   7.3034030e+01   6.4466563e-01  -7.1678323e-01   2.6575934e-01
  -2.0601249e+01  -4.2432665e+01   6.7075883e+01   4.8081954e-01  -8.3325269e-01   2.7295151e-01
  -2.0536636e+01  -4.1999953e+01   6.8279110e+01   4.5634429e-01  -8.5245077e-01   2.5510307e-01
  -2.0150490e+01  -4.0350875e+01   7.2507816e+01   6.1564475e-01  -7.4614610e-01   2.5347098e-01
  -2.0445152e+01  -4.2664432e+01   6.5972804e+01   6.0393938e-01  -7.6777070e-01   2.1397520e-01
  -2.0525742e+01  -4.2542373e+01   6.6583432e+01   5.3045162e-01  -8.1221466e-01   2.4275177e-01
  -2.0352485e+01  -4.2360561e+01   6.6790353e+01   5.7499061e-01  -7.8365038e-01   2.3511247e-01
  -2.0313512e+01  -4.1881627e+01   6.8183829e+01   6.0689180e-01  -7.5360024e-01   2.5252528e-01
  -2.0187273e+01  -4.1442389e+01   6.9212109e+01   6.5298626e-01  -7.1552576e-01   2.4825761e-01
  -2.0096283e+01  -4.0820102e+01   7.0923270e+01   6.3680738e-01  -7.2876808e-01   2.5174084e-01
  -1.9857260e+01  -3.9997963e+01   7.2740597e+01   6.8416938e-01  -6.9049189e-01   2.3480464e-01
  -2.0282580e+01  -4.1779855e+01   6.8424031e+01   6.0500827e-01  -7.6123467e-01   2.3342402e-01
  -2.0190215e+01  -4.1189471e+01   7.0027734e+01   6.2066687e-01  -7.4954752e-01   2.3011116e-01
  -2.0133705e+01  -4.0750392e+01   7.1236056e+01   6.2632964e-01  -7.4556972e-01   2.2767735e-01
  -1.9875749e+01  -4.0279193e+01   7.1836389e+01   7.1976476e-01  -6.6228081e-01   2.0814138e-01
  -1.9975398e+01  -4.0296213e+01   7.2137683e+01   7.2526639e-01  -6.5966736e-01   1.9704732e-01
  -2.0035336e+01  -3.9930020e+01   7.3255330e+01   6.5336002e-01  -4.4945205e-01   6.0919089e-01
  -1.9889044e+01  -3.9766536e+01   7.3189261e+01   7.0821281e-01  -2.8559653e-01   6.4565412e-01
  -2.0261613e+01  -4.2218900e+01   6.6968594e+01   6.5299583e-01  -6.9647945e-01   2.9751104e-01
  -2.0270463e+01  -4.2118567e+01   6.7280091e+01   6.6927459e-01  -7.1201946e-01   2.1236716e-01
  -2.0134641e+01  -4.1924513e+01   6.7520368e+01   6.4975145e-01  -7.3347981e-01   1.9957561e-01
  -1.9836642e+01  -4.0314709e+01   7.1598583e+01   7.1852107e-01  -6.5726382e-01   2.2744613e-01
  -2.0346198e+01  -4.2464087e+01   6.6415183e+01   5.9929336e-01  -7.7157533e-01   2.1335175e-01
  -2.0070608e+01  -4.2073040e+01   6.6810240e+01   7.4458566e-01  -6.4403677e-01   1.7552444e-01
  -2.0090663e+01  -4.1568186e+01   6.8522829e+01   7.1471913e-01  -6.6149192e-01   2.2716734e-01
  -2.0980041e+01  -3.7612034e+01   7.1849064e+01  -5.6194962e-01  -7.8335936e-01   2.6563271e-01
  -2.0678364e+01  -3.7687979e+01   7.2270054e+01  -6.0233296e-01  -6.3560560e-01   4.8290841e-01
  -2.0751867e+01  -3.7728904e+01   7.2055801e+01  -6.7025213e-01  -6.9942890e-01   2.4811549e-01
  -2.0824395e+01  -3.8062245e+01   7.0978264e+01  -6.5905298e-01  -6.9804409e-01   2.7997076e-01
  -2.0776008e+01  -3.7919819e+01   7.1469134e+01  -6.8915162e-01  -6.7801565e-01   2.5566547e-01
  -2.0573100e+01  -3.8095190e+01   7.1725537e+01  -8.6079585e-01  -4.6185385e-01   2.1382592e-01
  -2.0525824e+01  -3.7968604e+01   7.2187392e+01  -8.5921205e-01  -4.6368198e-01   2.1622597e-01
  -2.0429069e+01  -3.8179299e+01   7.2297590e+01  -9.6633958e-01  -2.2649617e-01   1.2201353e-01
  -2.0570201e+01  -3.8304014e+01   7.1263888e+01  -8.4437059e-01  -4.9485739e-01   2.0531555e-01
  -2.0752476e+01  -3.8187455e+01   7.0855078e+01  -6.7754652e-01  -6.5903362e-01   3.2650481e-01
  -2.0286656e+01  -3.7933823e+01   7.2642259e+01  -3.9905523e-01   1.3904611e-01   9.0632284e-01
  -2.0225903e+01  -3.8385265e+01   7.2774752e+01  -6.7919243e-01   1.7474729e-01   7.1285414e-01
  -2.0603467e+01  -3.8340751e+01   7.0962264e+01  -8.1828533e-01  -5.6458283e-01   1.0795990e-01
  -2.0372151e+01  -3.8289156e+01   7.2525000e+01  -9.6290448e-01  -2.2137630e-01   1.5429677e-01
  -2.0487859e+01  -3.8535202e+01   7.1129870e+01  -9.5865974e-01  -2.6454476e-01   1.0482165e-01
  -2.0408190e+01  -3.8378050e+01   7.2150352e+01  -9.8036540e-01  -1.4318819e-01   1.3557591e-01
  -2.0460208e+01  -3.8354273e+01   7.1763036e+01  -9.7663859e-01  -1.8483848e-01   1.0959839e-01
  -2.3442602e+01  -3.8766560e+01   6.8895658e+01  -1.3759823e-01   5.2461899e-01   8.4014382e-01
  -2.0456666e+01  -3.8556498e+01   7.1361783e+01  -9.5867702e-01  -2.6460734e-01   1.0450515e-01
  -2.0378266e+01  -3.8469416e+01   7.2424061e+01  -9.9720166e-01   3.7693043e-02   6.4560623e-02
  -2.3679891e+01  -3.8918658e+01   6.8914993e+01  -4.0335434e-01   4.6179508e-01   7.8996872e-01
  -2.0406261e+01  -3.8739348e+01   7.1760448e+01  -9.9906603e-01  -1.8572518e-02   3.9014555e-02
  -2.3837463e+01  -3.9398629e+01   6.9086013e+01  -5.7530284e-01   3.8342125e-01   7.2250591e-01
  -2.3832993e+01  -3.9576706e+01   6.9205089e+01  -5.5639507e-01   5.1960065e-01   6.4841321e-01
  -2.3674551e+01  -3.9244101e+01   7.2675475e+01  -9.3402638e-01  -3.0248833e-01   1.8998822e-01
  -2.3957235e+01  -3.9760182e+01   6.8949626e+01  -9.9402210e-01  -4.8365945e-02   9.7881538e-02
  -2.3898308e+01  -3.9797363e+01   6.9222194e+01  -9.2818541e-01   2.0540167e-02   3.7155074e-01
  -2.3695836e+01  -3.9384097e+01   7.2176569e+01  -8.6499747e-01  -4.6039827e-01   1.9953150e-01
  -2.3637570e+01  -3.9404256e+01   7.2457541e+01  -8.7937887e-01  -4.6690477e-01   9.3234877e-02
  -2.3711206e+01  -3.9497754e+01   7.1844004e+01  -8.6338352e-01  -4.6481802e-01   1.9624756e-01
  -2.3518932e+01  -3.9666032e+01   7.2374014e+01  -9.3406155e-01  -3.5625994e-01   2.4655230e-02
  -2.3676717e+01  -3.9720049e+01   7.1459571e+01  -8.5681567e-01  -4.7754614e-01   1.9446490e-01
  -2.3521713e+01  -3.9545272e+01   7.2742399e+01  -8.3894893e-01  -5.0310118e-01   2.0749433e-01
  -2.3457111e+01  -3.9896526e+01   7.2111040e+01  -8.8335710e-01  -4.1718385e-01   2.1363023e-01
  -2.3527986e+01  -3.9861588e+01   7.1846527e+01  -9.1092826e-01  -3.7451476e-01   1.7305604e-01
  -2.3371185e+01  -3.9729113e+01   7.2845686e+01  -7.8571260e-01  -5.6752344e-01   2.4611555e-01
  -2.3646767e+01  -4.0008211e+01   7.0940626e+01  -9.0616760e-01  -3.6542691e-01   2.1289308e-01
  -2.3576482e+01  -4.0061655e+01   7.1172614e+01  -9.1744405e-01  -3.5699019e-01   1.7565428e-01
  -2.3776432e+01  -4.0294996e+01   6.9678217e+01  -9.1083899e-01  -3.7353938e-01   1.7561508e-01
  -2.3749195e+01  -4.0226727e+01   6.9972682e+01  -9.1143426e-01  -3.7576918e-01   1.6758611e-01
  -2.3670192e+01  -4.0129548e+01   7.0590695e+01  -9.0311882e-01  -3.8873329e-01   1.8238102e-01
  -2.3238915e+01  -4.0045041e+01   7.2523210e+01  -7.7216082e-01  -5.8530165e-01   2.4736541e-01
  -2.3074129e+01  -3.9834746e+01   7.3293171e+01  -7.1519367e-01  -5.6512093e-01   4.1126189e-01
  -2.3757944e+01  -4.0492347e+01   6.9343838e+01  -9.0861967e-01  -3.8102370e-01   1.7097147e-01
  -2.3549731e+01  -4.0498911e+01   7.0366140e+01  -8.7532257e-01  -4.4263460e-01   1.9464069e-01
  -2.2983333e+01  -4.0005683e+01   7.3216950e+01  -7.1600131e-01  -5.6307100e-01   4.1266593e-01
  -2.3086963e+01  -4.0055344e+01   7.2915937e+01  -7.2252011e-01  -6.2272535e-01   3.0029625e-01
  -2.3468412e+01  -4.0404541e+01   7.0888344e+01  -8.2348319e-01  -5.1405623e-01   2.4004505e-01
  -2.3467436e+01  -4.0308918e+01   7.1109845e+01  -8.2710173e-01  -5.1961850e-01   2.1424132e-01
  -2.3376704e+01  -4.0070472e+01   7.1993950e+01  -7.7667615e-01  -5.9794348e-01   1.9808522e-01
  -2.2650852e+01  -3.9901717e+01   7.3444520e+01  -3.7413615e-02   1.2509848e-01   9.9143865e-01
  -2.2361674e+01  -3.9960279e+01   7.3478795e+01  -1.8624673e-01   3.7410762e-02   9.8179050e-01
  -2.3417797e+01  -4.0635631e+01   7.0526925e+01  -7.6052382e-01  -6.0165634e-01   2.4415809e-01
  -2.3149206e+01  -4.0320134e+01   7.2083207e+01  -7.4209686e-01  -6.1623320e-01   2.6372125e-01
  -2.3140337e+01  -4.0244387e+01   7.2320769e+01  -7.5091482e-01  -6.3304542e-01   1.8809686e-01
  -2.3307088e+01  -4.0287254e+01   7.1679603e+01  -7.6493660e-01  -5.8945182e-01   2.5965081e-01
  -2.3596047e+01  -4.0787836e+01   6.9452238e+01  -8.5937164e-01  -4.7389673e-01   1.9209967e-01
  -2.3566465e+01  -4.0654440e+01   6.9917179e+01  -8.6188646e-01  -4.7089969e-01   1.8816272e-01
  -2.3245720e+01  -4.0598063e+01   7.1111108e+01  -7.2274761e-01  -6.4489398e-01   2.4849072e-01
  -2.3623624e+01  -4.1041300e+01   6.8723508e+01  -8.6904592e-01  -4.5448379e-01   1.9545758e-01
  -2.3455915e+01  -4.0976031e+01   6.9547936e+01  -7.7103751e-01  -5.9257892e-01   2.3313383e-01
  -2.3422675e+01  -4.0704661e+01   7.0339869e+01  -7.5995934e-01  -6.0377762e-01   2.4065406e-01
  -2.3279715e+01  -4.0686433e+01   7.0794568e+01  -7.1348691e-01  -6.4714049e-01   2.6859936e-01
  -2.3186095e+01  -4.0913534e+01   7.0453704e+01  -6.8229500e-01  -6.8016360e-01   2.6805040e-01
  -2.3208615e+01  -4.1113856e+01   6.9893244e+01  -6.7788131e-01  -6.8258862e-01   2.7303793e-01
  -2.3442665e+01  -4.1175581e+01   6.9092734e+01  -7.6271206e-01  -5.9926008e-01   2.4322351e-01
  -2.3199184e+01  -4.1347663e+01   6.9328790e+01  -6.7225038e-01  -6.8889418e-01   2.7111665e-01
  -2.3518933e+01  -4.1341745e+01   6.8446648e+01  -7.6978748e-01  -5.8943964e-01   2.4492477e-01
  -2.0342952e+01  -3.7644153e+01   6.9089774e+01   6.1030630e-01   7.3262670e-01  -3.0130439e-01
  -2.0273070e+01  -3.7166632e+01   7.0497444e+01   5.4798821e-01   7.8188238e-01  -2.9726901e-01
  -2.0500242e+01  -3.7313802e+01   6.9744224e+01   4.1104235e-01   8.5052184e-01  -3.2811094e-01
  -2.0352778e+01  -3.6771231e+01   7.1452361e+01   5.2032459e-01   8.0315670e-01  -2.9017517e-01
  -2.0180014e+01  -3.6790657e+01   7.1760388e+01   5.8292992e-01   7.7382722e-01  -2.4775823e-01
  -2.0847253e+01  -3.7325155e+01   6.9262271e+01   3.2065905e-01   8.9535558e-01  -3.0905689e-01
  -2.0539210e+01  -3.7410172e+01   6.9408557e+01   4.2501387e-01   8.6434825e-01  -2.6882210e-01
  -2.0640275e+01  -3.7159805e+01   6.9972583e+01   4.0469891e-01   8.5585738e-01  -3.2206666e-01
  -2.0552441e+01  -3.7090725e+01   7.0269483e+01   4.0740022e-01   8.5650387e-01  -3.1690091e-01
  -2.0316663e+01  -3.6890586e+01   7.1177707e+01   5.2830040e-01   8.0444632e-01  -2.7159679e-01
  -2.0408194e+01  -3.6565194e+01   7.2033399e+01   5.8138627e-01   8.1280050e-01  -3.6679152e-02
  -2.0896821e+01  -3.7107602e+01   6.9822521e+01   3.2448445e-01   8.8613781e-01  -3.3086195e-01
  -2.0583425e+01  -3.6800199e+01   7.1038372e+01   3.7882472e-01   8.6876309e-01  -3.1897105e-01
  -2.0730626e+01  -3.6617099e+01   7.1357653e+01   3.8284816e-01   8.6523870e-01  -3.2371172e-01
  -2.0579843e+01  -3.6548963e+01   7.1734737e+01   4.0538671e-01   8.6335404e-01  -3.0046865e-01
  -2.0566993e+01  -3.6480918e+01   7.1979041e+01   4.0668788e-01   8.9209844e-01  -1.9688917e-01
  -2.1136973e+01  -3.7295922e+01   6.9075708e+01   1.9963979e-01   9.3478992e-01  -2.9378863e-01
  -2.0943873e+01  -3.7180754e+01   6.9574182e+01   3.3310099e-01   8.8834463e-01  -3.1604991e-01
  -2.1012464e+01  -3.6984083e+01   7.0071392e+01   2.6810073e-01   9.1770269e-01  -2.9316167e-01
  -2.1034233e+01  -3.6886573e+01   7.0316216e+01   2.5168830e-01   8.8646234e-01  -3.8837807e-01
  -2.0777563e+01  -3.6922782e+01   7.0466845e+01   3.6285662e-01   8.8531101e-01  -2.9079115e-01
  -2.0832803e+01  -3.6793442e+01   7.0767145e+01   3.7413147e-01   8.6614558e-01  -3.3138720e-01
  -2.1216645e+01  -3.7226147e+01   6.9217926e+01   2.3704893e-01   8.9711614e-01  -3.7281421e-01
  -2.1180412e+01  -3.7155985e+01   6.9428071e+01   2.5862964e-01   9.0825141e-01  -3.2892262e-01
  -2.1222094e+01  -3.6571189e+01   7.1069566e+01   2.2194377e-01   9.1871316e-01  -3.2666052e-01
  -2.1109035e+01  -3.6460346e+01   7.1441486e+01   2.0046879e-01   9.1690465e-01  -3.4510598e-01
  -2.1100564e+01  -3.6688241e+01   7.0808608e+01   2.2331393e-01   9.2933452e-01  -2.9405482e-01
  -2.0930245e+01  -3.6344239e+01   7.1944157e+01   3.0058054e-01   9.5372169e-01   8.1414773e-03
  -2.1405838e+01  -3.7073419e+01   6.9542797e+01   1.3206008e-01   9.6202656e-01  -2.3888287e-01
  -2.1209130e+01  -3.6794961e+01   7.0452309e+01   1.2277726e-01   9.3016688e-01  -3.4599902e-01
  -2.1311476e+01  -3.6691102e+01   7.0687092e+01   1.1531552e-01   9.2187895e-01  -3.6992099e-01
  -2.1267527e+01  -3.6994284e+01   6.9871162e+01   1.5695276e-01   9.3119617e-01  -3.2899777e-01
  -2.1274353e+01  -3.6303642e+01   7.1748986e+01   2.1682409e-01   9.0693154e-01  -3.6119593e-01
  -2.1200905e+01  -3.6258973e+01   7.1943159e+01   3.0012144e-01   9.5387490e-01   7.0561591e-03
  -2.1542780e+01  -3.6880451e+01   7.0055502e+01   1.6592557e-01   9.2747641e-01  -3.3504657e-01
  -2.1460960e+01  -3.6783954e+01   7.0370326e+01   1.6758384e-01   9.3258795e-01  -3.1968011e-01
  -2.1667516e+01  -3.9534001e+01   7.2783983e+01   1.7263458e-01   9.3172102e-01  -3.1952032e-01
  -2.1640847e+01  -3.9476368e+01   7.2978730e+01   1.8454752e-01   9.4674306e-01  -2.6385564e-01
  -2.1801228e+01  -3.6968765e+01   6.9765182e+01  -9.5395382e-02   9.2585481e-01  -3.6563998e-01
  -2.1664009e+01  -3.6693905e+01   7.0556979e+01   1.1583281e-01   9.5314230e-01  -2.7946826e-01
  -2.1489031e+01  -3.6435622e+01   7.1330350e+01   6.2321739e-02   9.3960326e-01  -3.3654378e-01
  -2.1518291e+01  -3.6638176e+01   7.0767374e+01   7.5948756e-02   9.2873337e-01  -3.6288582e-01
  -2.2093612e+01  -3.7512096e+01   6.8459287e+01  -5.5646319e-01   8.0318629e-01  -2.1269816e-01
  -2.1814805e+01  -3.7052446e+01   6.9541140e+01  -7.2805860e-02   9.4318211e-01  -3.2420180e-01
  -2.1629612e+01  -3.6537362e+01   7.1017657e+01   6.6568212e-02   9.4027072e-01  -3.3385573e-01
  -2.1900826e+01  -3.9519787e+01   7.2619041e+01   3.4199425e-01   9.0502777e-01  -2.5291236e-01
  -2.2096262e+01  -3.7446008e+01   6.8804175e+01  -6.6365236e-01   7.4116134e-01  -1.0121962e-01
  -2.2030442e+01  -3.7330924e+01   6.9028323e+01  -6.6448310e-01   7.0762691e-01  -2.4026312e-01
  -2.1542010e+01  -3.6335230e+01   7.1569843e+01   5.6809633e-02   9.1036319e-01  -4.0989209e-01
  -2.2027432e+01  -3.7119119e+01   6.9646534e+01  -6.6963539e-01   7.0406928e-01  -2.3637871e-01
  -2.1965132e+01  -3.7024642e+01   6.9800876e+01  -6.7625611e-01   7.3138627e-01  -8.8044337e-02
  -2.1856452e+01  -3.6812109e+01   7.0279840e+01  -4.2129827e-01   8.4183383e-01  -3.3737749e-01
  -2.2003605e+01  -3.6853282e+01   7.0431004e+01  -6.3624725e-01   7.3546335e-01  -2.3298734e-01
  -2.1834994e+01  -3.6429407e+01   7.1409082e+01  -3.4835882e-01   9.0390910e-01  -2.4818232e-01
  -2.2267083e+01  -3.7545205e+01   6.9250911e+01  -8.1605982e-01   5.5676788e-01  -1.5509962e-01
  -2.1941923e+01  -3.6668890e+01   7.0833610e+01  -6.2263548e-01   7.4172374e-01  -2.4934104e-01
  -2.1826737e+01  -3.6363408e+01   7.1607079e+01  -3.7919826e-01   8.6924301e-01  -3.1721486e-01
  -2.2224758e+01  -3.7586014e+01   6.8372693e+01  -2.8578104e-01   9.5595208e-01   6.6968775e-02
  -2.2497217e+01  -3.7805545e+01   6.9559810e+01  -8.2434206e-01   5.4932108e-01  -1.3677177e-01
  -2.1872652e+01  -3.6402030e+01   7.2111661e+01   1.1437498e-01   8.4637594e-01   5.2015972e-01
  -2.2473851e+01  -3.7731448e+01   6.8470546e+01  -3.6519711e-01   7.2349272e-01   5.8582366e-01
  -2.2286597e+01  -3.7660483e+01   6.8798570e+01  -7.9261873e-01   6.0561511e-01  -7.0610805e-02
  -2.2474353e+01  -3.7864225e+01   6.9135285e+01  -7.9342907e-01   6.0264221e-01  -8.5397189e-02
  -2.2111639e+01  -3.6861541e+01   7.0791057e+01  -7.9060555e-01   5.8926240e-01  -1.6647129e-01
  -2.1896464e+01  -3.6347593e+01   7.1843665e+01  -5.9429165e-01   7.9662520e-01  -1.1047953e-01
  -2.2607367e+01  -3.7794674e+01   6.8478039e+01  -1.7850961e-01   8.3191604e-01   5.2540463e-01
  -2.2238627e+01  -3.7286674e+01   7.0024236e+01  -8.2171358e-01   5.4495887e-01  -1.6675317e-01
  -2.2207340e+01  -3.7055403e+01   7.0617419e+01  -8.2272110e-01   5.3669597e-01  -1.8731639e-01
  -2.2093487e+01  -3.6628073e+01   7.1529847e+01  -7.8980085e-01   5.9010867e-01  -1.6729130e-01
  -2.2068119e+01  -3.6524113e+01   7.1813869e+01  -7.8143675e-01   6.1089951e-01  -1.2711565e-01
  -2.2600402e+01  -3.7766361e+01   7.0265540e+01  -8.2980346e-01   5.3919430e-01  -1.4386008e-01
  -2.2342912e+01  -3.7054983e+01   7.1338540e+01  -8.3795561e-01   5.2473681e-01  -1.4993890e-01
  -2.2868290e+01  -3.7868797e+01   6.8221500e+01  -5.0101911e-01   8.3314692e-01  -2.3419236e-01
  -2.2718941e+01  -3.7789830e+01   6.8410001e+01  -3.3102122e-01   7.8654808e-01   5.2131283e-01
  -2.2213564e+01  -3.6692204e+01   7.1987418e+01  -8.1904330e-01   5.6853464e-01  -7.7048236e-02
  -2.2644504e+01  -3.8086123e+01   6.9220162e+01  -8.1239055e-01   5.8134119e-01  -4.5431328e-02
  -2.2377938e+01  -3.6973127e+01   7.1845409e+01  -8.4397915e-01   5.2004412e-01  -1.3135188e-01
  -2.2485301e+01  -3.7401663e+01   7.0913587e+01  -8.3689594e-01   5.2720573e-01  -1.4717099e-01
  -2.2911229e+01  -3.8002317e+01   6.8514086e+01  -3.2288874e-01   5.5110025e-01   7.6943575e-01
  -2.3128495e+01  -3.8732622e+01   6.9300010e+01  -7.9367072e-01   6.0821969e-01   1.2473771e-02
  -2.2880738e+01  -3.8358480e+01   6.9629794e+01  -8.1945493e-01   5.5924001e-01  -1.2547600e-01
  -2.3197315e+01  -3.8240581e+01   6.8622318e+01   9.6939059e-02   5.2398922e-01   8.4619035e-01
  -2.2850846e+01  -3.7968451e+01   7.0924383e+01  -8.2838520e-01   5.3924221e-01  -1.5164365e-01
  -2.2699609e+01  -3.7501916e+01   7.1755636e+01  -8.2730331e-01   5.4079287e-01  -1.5202732e-01
  -2.2945371e+01  -3.8356996e+01   7.0034322e+01  -8.2702230e-01   5.4246518e-01  -1.4753184e-01
  -2.3205391e+01  -3.8633833e+01   7.0479088e+01  -8.2763561e-01   5.4205324e-01  -1.4559386e-01
  -2.2767505e+01  -3.7499800e+01   7.2165462e+01  -8.3378167e-01   5.3821146e-01  -1.2303066e-01
  -2.3017861e+01  -3.8053791e+01   7.1528677e+01  -8.2770011e-01   5.3960854e-01  -1.5406215e-01
  -2.0501246e+01  -3.9010473e+01   7.2403928e+01  -9.4788707e-01   3.1744681e-01  -2.7159238e-02
  -2.0434517e+01  -3.8850614e+01   7.2652132e+01  -8.9284984e-01   4.4778117e-01   4.8074870e-02
  -2.2582190e+01  -3.7928001e+01   6.7631901e+01  -3.7675919e-01   8.7384569e-01  -3.0732103e-01
  -2.0665217e+01  -3.9271706e+01   7.2468912e+01  -7.3549678e-01   6.6275179e-01  -1.4072868e-01
  -2.2517041e+01  -3.8626446e+01   6.5451068e+01  -3.1561067e-01   9.0303449e-01  -2.9140798e-01
  -2.2787655e+01  -3.8115086e+01   6.7372300e+01  -3.9857356e-01   8.5611992e-01  -3.2893434e-01
  -2.2659382e+01  -3.8481446e+01   6.6036910e+01  -4.0865807e-01   8.6735311e-01  -2.8407247e-01
  -2.2526890e+01  -3.8751215e+01   6.5072516e+01  -3.0948524e-01   9.0638083e-01  -2.8756334e-01
  -2.2745502e+01  -3.8861816e+01   6.5008202e+01  -3.9397933e-01   8.7111218e-01  -2.9316184e-01
  -2.2892450e+01  -3.8815475e+01   6.5373477e+01  -4.4067122e-01   8.5858538e-01  -2.6199242e-01
  -2.2929141e+01  -3.8557606e+01   6.6214657e+01  -4.5425020e-01   8.4569306e-01  -2.8010714e-01
  -2.2866203e+01  -3.8706723e+01   6.5669478e+01  -4.4414603e-01   8.4903726e-01  -2.8612940e-01
  -2.3064331e+01  -3.8365519e+01   6.7063620e+01  -5.2710097e-01   8.1485615e-01  -2.4119292e-01
  -2.3145542e+01  -3.8623566e+01   6.6452850e+01  -5.8989940e-01   7.6954192e-01  -2.4458932e-01
  -2.3134628e+01  -3.8355677e+01   6.7271377e+01  -5.4689903e-01   8.1223347e-01  -2.0292420e-01
  -2.3090182e+01  -3.9027508e+01   6.5077873e+01  -5.4136169e-01   7.9609948e-01  -2.7046836e-01
  -2.3129122e+01  -3.8485859e+01   6.6831121e+01  -5.7150818e-01   7.7486668e-01  -2.7011113e-01
  -2.3223776e+01  -3.8978219e+01   6.5540148e+01  -6.0840357e-01   7.5979693e-01  -2.2924598e-01
  -2.3250575e+01  -3.8891329e+01   6.5884421e+01  -6.1712455e-01   7.4698372e-01  -2.4733096e-01
  -2.3328636e+01  -3.8606518e+01   6.7016180e+01  -7.0359414e-01   6.8093567e-01  -2.0317948e-01
  -2.3359497e+01  -3.8532044e+01   6.7338127e+01  -7.0780415e-01   6.6246647e-01  -2.4525795e-01
  -2.3515301e+01  -3.8628369e+01   6.7593942e+01  -7.6539226e-01   6.2019907e-01  -1.7183652e-01
  -2.3466878e+01  -3.8474273e+01   6.7906122e+01  -7.6905448e-01   6.0897266e-01  -1.9418420e-01
  -2.3460080e+01  -3.9072439e+01   6.5920453e+01  -7.0511423e-01   6.7637562e-01  -2.1290830e-01
  -2.3445741e+01  -3.8829266e+01   6.6668054e+01  -6.9772727e-01   6.8764061e-01  -2.0081597e-01
  -2.3417973e+01  -3.8891724e+01   6.6365041e+01  -6.9584141e-01   6.8668549e-01  -2.1039908e-01
  -2.3439067e+01  -3.9298156e+01   6.5157116e+01  -7.0533928e-01   6.7412321e-01  -2.1921315e-01
  -2.3561556e+01  -3.8470620e+01   6.8357227e+01  -7.9918491e-01   5.8314329e-01  -1.4576484e-01
  -2.3611338e+01  -3.9150152e+01   6.6234564e+01  -7.8284287e-01   5.8991785e-01  -1.9787361e-01
  -2.3635531e+01  -3.8985528e+01   6.6927731e+01  -8.1989598e-01   5.5155265e-01  -1.5349354e-01
  -2.3634615e+01  -3.8859641e+01   6.7343270e+01  -8.0373110e-01   5.6633951e-01  -1.8241675e-01
  -2.3666174e+01  -3.9447972e+01   6.5536000e+01  -7.9850548e-01   5.7998282e-01  -1.6127284e-01
  -2.3467153e+01  -3.9132922e+01   6.5754661e+01  -7.0357719e-01   6.7548021e-01  -2.2069351e-01
  -2.3757294e+01  -3.8776678e+01   6.8450747e+01  -9.0440239e-01   4.1413050e-01  -1.0272413e-01
  -2.3649659e+01  -3.9309083e+01   6.5914957e+01  -7.8452153e-01   5.8726257e-01  -1.9911968e-01
  -2.3647179e+01  -3.9110265e+01   6.6533018e+01  -8.1445491e-01   5.6079088e-01  -1.4891874e-01
  -2.3341958e+01  -3.8246342e+01   7.2681296e+01  -8.0757576e-01   5.8750752e-01  -5.1539398e-02
  -2.3424144e+01  -3.8411140e+01   7.2884804e+01  -6.9531146e-01   5.6198691e-01   4.4800969e-01
  -2.3787965e+01  -3.9351756e+01   6.6529446e+01  -8.7966738e-01   4.5595180e-01  -1.3525257e-01
  -2.3786683e+01  -3.9100690e+01   6.7410603e+01  -8.9272239e-01   4.3385591e-01  -1.2172008e-01
  -2.3790447e+01  -3.8973946e+01   6.7933933e+01  -9.0191928e-01   4.2013884e-01  -1.0012473e-01
  -2.3519525e+01  -3.9139146e+01   7.0319978e+01  -8.0213472e-01   5.7775811e-01  -1.5091536e-01
  -2.3429452e+01  -3.8535486e+01   7.2054923e+01  -8.1664983e-01   5.5154752e-01  -1.6993643e-01
  -2.3793156e+01  -3.9449672e+01   6.6206512e+01  -8.7662287e-01   4.6690646e-01  -1.1632154e-01
  -2.3820772e+01  -3.9279185e+01   6.7013225e+01  -8.8921468e-01   4.4186603e-01  -1.1853975e-01
  -2.3797316e+01  -3.9723138e+01   6.5333919e+01  -8.5774651e-01   4.7608432e-01  -1.9394496e-01
  -2.3875416e+01  -3.9741577e+01   6.5711502e+01  -8.9566439e-01   4.2877709e-01  -1.1804879e-01
  -2.3941301e+01  -3.9476619e+01   6.7505313e+01  -9.5438095e-01   2.8876564e-01  -7.5969762e-02
  -2.3919555e+01  -3.9329215e+01   6.7808159e+01  -9.5281533e-01   2.9510756e-01  -7.1094768e-02
  -2.3728640e+01  -3.9496120e+01   7.0101835e+01  -8.3733666e-01   5.2714775e-01  -1.4485360e-01
  -2.3611804e+01  -3.9108380e+01   7.0916665e+01  -7.9733700e-01   5.8288681e-01  -1.5651415e-01
  -2.3634474e+01  -3.9043311e+01   7.1291729e+01  -7.9591831e-01   5.8846562e-01  -1.4220498e-01
  -2.3944684e+01  -3.9604879e+01   6.7020798e+01  -9.5770446e-01   2.8085058e-01  -6.2650799e-02
  -2.3938990e+01  -3.9270324e+01   6.8379644e+01  -9.6387119e-01   2.6179988e-01  -4.9123819e-02
  -2.3553316e+01  -3.8599703e+01   7.2485338e+01  -8.2789002e-01   5.4187917e-01  -1.4479326e-01
  -2.4019061e+01  -4.0169095e+01   6.5451598e+01  -9.4305275e-01   3.2715668e-01  -6.0166547e-02
  -2.3990208e+01  -3.9962784e+01   6.6021857e+01  -9.5266738e-01   2.9710959e-01  -6.4426331e-02
  -2.3989465e+01  -3.9577038e+01   6.8016051e+01  -9.8806520e-01   1.5167729e-01  -2.6854597e-02
  -2.3757323e+01  -3.9398370e+01   7.0635436e+01  -8.5396944e-01   5.0010791e-01  -1.4362544e-01
  -2.3979317e+01  -3.9815501e+01   6.6565422e+01  -9.5448571e-01   2.9271922e-01  -5.7205663e-02
  -2.3995567e+01  -3.9648177e+01   6.7765326e+01  -9.8674517e-01   1.6166829e-01  -1.4047420e-02
  -2.3760605e+01  -3.9649694e+01   6.9772839e+01  -8.5262325e-01   4.9627769e-01  -1.6352995e-01
  -2.3766253e+01  -3.9494631e+01   7.0333201e+01  -8.4116068e-01   5.2404210e-01  -1.3352370e-01
  -2.3773710e+01  -3.9354224e+01   7.1133325e+01  -9.7533067e-01   2.2059232e-01   8.3138436e-03
  -2.3763110e+01  -3.9287636e+01   7.1343124e+01  -9.7958179e-01   1.9696297e-01  -4.0312501e-02
  -2.4024938e+01  -3.9973807e+01   6.7429974e+01  -9.9858884e-01   5.2987430e-02  -3.5593787e-03
  -2.4035117e+01  -4.0120751e+01   6.7109389e+01  -9.9773300e-01   6.6103532e-02   1.2617181e-02
  -2.4045865e+01  -4.0170604e+01   6.6657354e+01  -9.9792081e-01   6.1118233e-02   2.0460088e-02
  -2.4014615e+01  -3.9861918e+01   6.8030581e+01  -9.9944187e-01   7.2065484e-03   3.2619353e-02
  -2.4006691e+01  -4.0237492e+01   6.7805586e+01  -9.9282345e-01  -9.6279047e-02   7.0936229e-02
  -2.4069356e+01  -4.0423636e+01   6.5702830e+01  -9.9619805e-01   8.4086890e-02  -2.2778011e-02
  -2.4069008e+01  -4.0406193e+01   6.6196459e+01  -9.9814539e-01   5.7789694e-02   1.9134629e-02
  -2.3933025e+01  -4.0576252e+01   6.8003276e+01  -9.6580167e-01  -2.4029660e-01   9.7389303e-02
  -2.3936284e+01  -4.0711897e+01   6.7707465e+01  -9.6240807e-01  -2.3340097e-01   1.3890535e-01
  -2.3847040e+01  -4.0708977e+01   6.8316937e+01  -9.3182568e-01  -3.1752807e-01   1.7571801e-01
  -2.3840667e+01  -4.1023355e+01   6.7662371e+01  -9.1570174e-01  -3.8127932e-01   1.2695041e-01
  -2.3736109e+01  -4.1137678e+01   6.7959670e+01  -8.9099132e-01  -4.0528702e-01   2.0463845e-01
  -2.3830404e+01  -4.1201122e+01   6.7288595e+01  -9.2415330e-01  -3.4630851e-01   1.6127953e-01
  -2.3688272e+01  -4.1579948e+01   6.7172150e+01  -8.6827203e-01  -4.5843425e-01   1.8958299e-01
  -2.3621691e+01  -4.1546707e+01   6.7520629e+01  -8.2496502e-01  -5.1039305e-01   2.4275840e-01
  -2.3630111e+01  -4.1427389e+01   6.7778611e+01  -8.5224364e-01  -4.9238780e-01   1.7673436e-01
  -2.3861491e+01  -4.1464552e+01   6.6589384e+01  -9.1933926e-01  -3.4854765e-01   1.8256469e-01
  -2.3539982e+01  -4.1621947e+01   6.7779937e+01  -9.4376252e-01  -3.0781668e-01   1.2066980e-01
  -2.3793985e+01  -4.1704774e+01   6.6357700e+01  -8.6837312e-01  -4.6178296e-01   1.8078891e-01
  -2.3662155e+01  -4.1741155e+01   6.6917839e+01  -8.7171815e-01  -4.4531294e-01   2.0445992e-01
  -2.3643261e+01  -4.1977555e+01   6.6435293e+01  -8.9818579e-01  -4.1468899e-01   1.4592916e-01
  -2.3554079e+01  -4.1674751e+01   6.7567224e+01  -9.5228109e-01  -2.6485753e-01   1.5169448e-01
  -2.3868388e+01  -4.1800489e+01   6.5778585e+01  -8.9710176e-01  -4.1086435e-01   1.6247743e-01
  -2.3713509e+01  -4.2035566e+01   6.5951483e+01  -8.3627205e-01  -4.8107679e-01   2.6308589e-01
  -2.3633821e+01  -4.2157882e+01   6.6044310e+01  -9.4460168e-01  -2.8773816e-01   1.5790639e-01
  -2.2900827e+01  -4.2690282e+01   6.6310238e+01  -5.6675388e-01  -7.7588116e-01   2.7712535e-01
  -2.2927090e+01  -4.2791579e+01   6.5932438e+01  -4.4643589e-01  -8.3230601e-01   3.2857527e-01
  -2.2850211e+01  -4.2780251e+01   6.6121240e+01  -5.5615218e-01  -8.1543077e-01   1.6052232e-01
  -2.2721449e+01  -4.2737582e+01   6.6470870e+01  -4.4144034e-01  -8.1473207e-01   3.7595489e-01
  -2.1003545e+01  -4.3247570e+01   6.5296980e+01   3.1454210e-01  -9.0949483e-01   2.7181319e-01
  -2.1160230e+01  -4.3377499e+01   6.5063940e+01   3.4291284e-01  -8.9069167e-01   2.9846128e-01
  -2.0599469e+01  -4.3174288e+01   6.4906098e+01   4.8917420e-01  -8.2916767e-01   2.7053571e-01
  -2.0704252e+01  -4.3115228e+01   6.5281212e+01   4.9523692e-01  -8.2719346e-01   2.6550212e-01
  -1.9579670e+01  -4.1384580e+01   6.4273898e+01   9.9705959e-01  -4.0738730e-03  -7.6521799e-02
  -1.9674776e+01  -3.9961317e+01   7.2036276e+01   7.9899736e-01  -5.7476015e-01   1.7678797e-01
  -1.9608377e+01  -3.9962368e+01   7.1711265e+01   8.2083360e-01  -5.5441808e-01   1.3730548e-01
  -1.9598542e+01  -3.9646201e+01   7.2811186e+01   8.0130330e-01  -5.5548638e-01   2.2214388e-01
  -1.9651895e+01  -3.9770218e+01   7.2593566e+01   8.4747380e-01  -5.2577684e-01  -7.3122330e-02
  -1.9501868e+01  -3.9775096e+01   7.1771361e+01   8.4500255e-01  -5.0124496e-01   1.8634426e-01
  -1.9549599e+01  -3.9783770e+01   7.1985416e+01   8.5517727e-01  -4.9526512e-01   1.5291924e-01
  -1.9591541e+01  -3.9759104e+01   7.2253063e+01   8.9519541e-01  -3.7774913e-01   2.3649686e-01
  -1.9561210e+01  -3.9661442e+01   7.2457566e+01   7.5425730e-01  -6.4525578e-01   1.2141211e-01
  -1.9502898e+01  -3.9445783e+01   7.2894045e+01   8.6650246e-01  -4.3119802e-01   2.5147915e-01
  -1.9946638e+01  -3.8782962e+01   6.7199606e+01   7.8746290e-01   5.5901669e-01  -2.5961994e-01
  -1.9780830e+01  -3.8965186e+01   6.7379437e+01   8.5692131e-01   4.8312542e-01  -1.7965440e-01
  -1.9774339e+01  -3.8840241e+01   6.7697708e+01   8.3210761e-01   4.9855239e-01  -2.4298651e-01
  -2.0001386e+01  -3.8929020e+01   6.6651562e+01   8.0700658e-01   5.4217244e-01  -2.3407142e-01
  -2.0022663e+01  -3.8806201e+01   6.6891493e+01   7.8312366e-01   5.8777164e-01  -2.0308086e-01
  -1.9749057e+01  -3.8642313e+01   6.8250065e+01   8.0883529e-01   5.4024967e-01  -2.3219770e-01
  -1.9856453e+01  -3.8614570e+01   6.7909578e+01   8.3174848e-01   5.1720796e-01  -2.0171858e-01
  -1.9705333e+01  -3.8611222e+01   6.8520514e+01   8.2860316e-01   5.3839933e-01  -1.5343720e-01
  -2.0192451e+01  -3.8671960e+01   6.6737620e+01   6.5921173e-01   7.1429810e-01  -2.3498536e-01
  -1.9787527e+01  -3.8383516e+01   6.8768103e+01   8.3831638e-01   4.9790146e-01  -2.2208058e-01
  -2.0094211e+01  -3.8471507e+01   6.7519639e+01   6.8178736e-01   6.8193498e-01  -2.6482200e-01
  -2.0253449e+01  -3.8515886e+01   6.7004420e+01   6.7263470e-01   6.8852466e-01  -2.7110211e-01
  -2.0100036e+01  -3.8349755e+01   6.7811025e+01   6.8110467e-01   6.7812928e-01  -2.7611070e-01
  -2.0001588e+01  -3.8244855e+01   6.8339198e+01   7.3284029e-01   6.3650537e-01  -2.4042882e-01
  -1.9988297e+01  -3.8185704e+01   6.8534344e+01   7.3243900e-01   6.3528861e-01  -2.4482952e-01
  -1.9756423e+01  -3.8067874e+01   6.9626867e+01   8.4460953e-01   4.9467972e-01  -2.0476012e-01
  -2.0392394e+01  -3.8253233e+01   6.7367500e+01   5.9870199e-01   7.5533447e-01  -2.6650658e-01
  -2.0256452e+01  -3.8109491e+01   6.8023223e+01   6.6801447e-01   6.9096633e-01  -2.7626472e-01
  -2.0053011e+01  -3.7964575e+01   6.8956709e+01   6.9618622e-01   6.7844412e-01  -2.3460248e-01
  -2.0721292e+01  -3.8265110e+01   6.6796334e+01   4.1471994e-01   8.4705545e-01  -3.3242208e-01
  -2.0614531e+01  -3.8173633e+01   6.7188501e+01   4.5895767e-01   8.3649261e-01  -2.9939601e-01
  -1.9854256e+01  -3.7665455e+01   7.0323603e+01   7.8355378e-01   5.6322855e-01  -2.6233008e-01
  -2.0350674e+01  -3.8179657e+01   6.7644952e+01   6.2229660e-01   7.1950896e-01  -3.0830797e-01
  -1.9847212e+01  -3.7781941e+01   7.0035790e+01   7.6899519e-01   6.1434022e-01  -1.7672717e-01
  -1.9954108e+01  -3.7931719e+01   6.9320206e+01   6.9828203e-01   6.6366817e-01  -2.6822893e-01
  -2.0032869e+01  -3.7644609e+01   6.9833902e+01   6.8560451e-01   6.6755265e-01  -2.9037893e-01
  -1.9710605e+01  -3.7755480e+01   7.0602831e+01   8.0855650e-01   5.5280740e-01  -2.0159454e-01
  -1.9804826e+01  -3.7524805e+01   7.0818601e+01   8.2342842e-01   5.1739315e-01  -2.3295916e-01
  -1.9670306e+01  -3.7607351e+01   7.1099902e+01   8.2003796e-01   5.1305742e-01  -2.5359383e-01
  -2.0680936e+01  -3.8044450e+01   6.7444856e+01   4.6043813e-01   8.3385332e-01  -3.0444273e-01
  -2.0550725e+01  -3.7994313e+01   6.7778567e+01   4.5968847e-01   8.3402643e-01  -3.0510067e-01
  -2.0297202e+01  -3.7957717e+01   6.8349165e+01   6.3042924e-01   7.3855608e-01  -2.3894328e-01
  -1.9996519e+01  -3.7443321e+01   7.0418516e+01   7.2671615e-01   6.3840754e-01  -2.5361280e-01
  -1.9974149e+01  -3.7370105e+01   7.0647928e+01   7.1705099e-01   6.3242209e-01  -2.9305320e-01
  -2.0557462e+01  -3.7864135e+01   6.8106917e+01   4.6589414e-01   8.2084385e-01  -3.3039070e-01
  -1.9731704e+01  -3.7424755e+01   7.1285528e+01   8.1549040e-01   5.2908016e-01  -2.3462648e-01
  -1.9662537e+01  -3.7251893e+01   7.2074122e+01   8.0913297e-01   5.6856001e-01  -1.4847006e-01
  -2.0664649e+01  -3.7623405e+01   6.8561145e+01   4.3615257e-01   8.3816452e-01  -3.2749225e-01
  -2.0931334e+01  -3.7903520e+01   6.7548632e+01   2.5925731e-01   9.1145098e-01  -3.1944132e-01
  -1.9933802e+01  -3.7054131e+01   7.1645311e+01   7.0691941e-01   6.5536598e-01  -2.6600824e-01
  -1.9847471e+01  -3.7027556e+01   7.1995948e+01   7.6198658e-01   6.2294209e-01  -1.7697347e-01
  -1.9947786e+01  -3.7174756e+01   7.1260227e+01   6.8532750e-01   6.9818966e-01  -2.0702033e-01
  -2.2413480e+01  -3.9052984e+01   7.2829814e+01   6.9411913e-01   7.1341262e-01  -9.6130464e-02
  -2.0871584e+01  -3.7588438e+01   6.8433006e+01   3.1300299e-01   8.8856124e-01  -3.3539239e-01
  -2.1050457e+01  -3.7788693e+01   6.7771348e+01   2.7048870e-01   9.0332412e-01  -3.3292851e-01
  -2.1053830e+01  -3.7671273e+01   6.8072299e+01   2.5963260e-01   8.9592869e-01  -3.6042016e-01
  -2.2551880e+01  -3.8952683e+01   7.3019572e+01   6.5382050e-01   4.1360367e-01   6.3360142e-01
  -2.1300959e+01  -3.7587981e+01   6.8154249e+01   9.5956226e-02   9.4142948e-01  -3.2326914e-01
  -2.1403603e+01  -3.7494536e+01   6.8381894e+01   1.1985520e-01   9.3114688e-01  -3.4438382e-01
  -2.1527640e+01  -3.9814307e+01   7.3426781e+01   1.3977213e-02   3.2198106e-01   9.4664293e-01
  -2.2331670e+01  -3.8702183e+01   6.5062045e+01  -1.7629848e-01   9.3799935e-01  -2.9845613e-01
  -2.2191421e+01  -3.7948155e+01   6.7205129e+01  -1.8569102e-01   9.2935345e-01  -3.1909405e-01
  -2.1245223e+01  -3.6317850e+01   7.2123663e+01   3.2042813e-01   8.3706509e-01   4.4344994e-01
  -2.1256707e+01  -3.6512295e+01   7.2265847e+01   1.3060153e-01   3.1426464e-01   9.4030898e-01
  -2.0021388e+01  -4.2397663e+01   6.5476113e+01   7.7069378e-01  -6.1544349e-01   1.6510727e-01
  -1.9849111e+01  -4.1913604e+01   6.6338813e+01   8.3285483e-01  -5.3437688e-01   1.4420188e-01
  -1.9755961e+01  -4.1704715e+01   6.6534019e+01   8.3905019e-01  -5.1124977e-01   1.8606035e-01
  -1.9864414e+01  -4.1590404e+01   6.7476282e+01   8.1625498e-01  -5.5900608e-01   1.4573952e-01
  -1.9896200e+01  -4.1578148e+01   6.7710993e+01   8.1792448e-01  -5.5957198e-01   1.3371141e-01
  -1.9716393e+01  -4.1151360e+01   6.8254256e+01   8.3815721e-01  -5.1996605e-01   1.6470520e-01
  -1.9705657e+01  -4.0898385e+01   6.8963346e+01   8.7467904e-01  -4.6120147e-01   1.4909653e-01
  -1.9624723e+01  -4.0731729e+01   6.4476861e+01   9.7481944e-01   1.8644997e-01  -1.2232523e-01
  -1.9796955e+01  -3.9488294e+01   6.6151973e+01   8.4414019e-01   4.9481801e-01  -2.0635521e-01
  -1.9522983e+01  -3.8913574e+01   6.8827864e+01   9.4363321e-01   3.0260896e-01  -1.3410510e-01
  -1.9509705e+01  -3.8778636e+01   6.9210460e+01   9.4692356e-01   2.8875750e-01  -1.4126173e-01
  -1.9564698e+01  -3.8516697e+01   7.2866821e+01   1.6781144e-01   3.1618953e-01   9.3373631e-01
  -2.3027763e+01  -4.1541057e+01   6.9198502e+01  -5.6750616e-01  -7.6866412e-01   2.9511393e-01
  -2.2779828e+01  -4.0786522e+01   7.1669901e+01  -5.8271086e-01  -7.5872654e-01   2.9117365e-01
  -2.2963631e+01  -4.1972928e+01   6.8175977e+01  -5.3375462e-01  -7.9113257e-01   2.9868922e-01
  -2.2940326e+01  -4.1103212e+01   7.0518187e+01  -5.8595632e-01  -7.4983986e-01   3.0723831e-01
  -2.1711350e+01  -4.0303206e+01   7.3526220e+01  -2.8105389e-03  -3.5269404e-02   9.9937389e-01
  -2.0382650e+01  -3.9999848e+01   7.3379682e+01   2.7889826e-01  -9.0724445e-02   9.5602554e-01
  -2.0209541e+01  -4.1310866e+01   6.9680301e+01   6.2399208e-01  -7.4834098e-01   2.2498814e-01
  -1.9870237e+01  -4.0104351e+01   7.2425007e+01   7.0400056e-01  -6.8798997e-01   1.7621865e-01
  -2.0400986e+01  -4.2867851e+01   6.5358909e+01   6.4730513e-01  -7.0861649e-01   2.8081797e-01
  -2.0340503e+01  -3.8488320e+01   7.2653305e+01  -9.1227354e-01   2.4266942e-01   3.2995232e-01
  -2.0269407e+01  -3.8580116e+01   7.2791710e+01  -6.3919244e-01   2.4912987e-01   7.2757634e-01
  -2.0408945e+01  -3.8717821e+01   7.2120299e+01  -9.9594429e-01   5.5619338e-02  -7.0720987e-02
  -2.3777218e+01  -3.9554416e+01   7.1273125e+01  -9.7711083e-01  -1.8148736e-01   1.1098093e-01
  -2.3864967e+01  -3.9861204e+01   6.9397314e+01  -9.1618876e-01   4.0019327e-01   2.1059609e-02
  -2.3883446e+01  -4.0058406e+01   6.9341592e+01  -9.7510565e-01  -1.3753173e-01   1.7393674e-01
  -2.3717337e+01  -3.9805173e+01   7.1052409e+01  -8.7033554e-01  -4.6087897e-01   1.7351259e-01
  -2.2885471e+01  -3.9824969e+01   7.3406181e+01  -1.8079563e-01   2.4976903e-01   9.5127723e-01
  -2.3837759e+01  -4.0568560e+01   6.8677461e+01  -9.3089485e-01  -3.4057524e-01   1.3207302e-01
  -2.1960345e+01  -4.0244270e+01   7.3516519e+01  -8.1968455e-02   4.6031954e-04   9.9663482e-01
  -2.3172010e+01  -4.0841309e+01   7.0684668e+01  -6.7651086e-01  -6.9735924e-01   2.3669208e-01
  -2.3423964e+01  -4.1526763e+01   6.8257637e+01  -7.2800486e-01  -6.4064093e-01   2.4410681e-01
  -2.0691383e+01  -3.7553228e+01   6.8738328e+01   3.7502745e-01   8.9171721e-01  -2.5336700e-01
  -2.0927805e+01  -3.7478590e+01   6.8691536e+01   3.1208253e-01   9.0474367e-01  -2.8990238e-01
  -2.1625690e+01  -3.7331129e+01   6.8804583e+01   5.9698380e-02   9.5383277e-01  -2.9434529e-01
  -2.1425598e+01  -3.7207208e+01   6.9177358e+01   1.1275653e-01   8.9226456e-01  -4.3720695e-01
  -2.1843466e+01  -3.9436263e+01   7.3051403e+01   1.0062666e-01   9.9245730e-01  -7.0019901e-02
  -2.1680274e+01  -3.6249632e+01   7.1794942e+01  -1.9348327e-01   9.2862336e-01  -3.1657998e-01
  -2.2081255e+01  -3.9352665e+01   7.3048130e+01   4.7996399e-01   8.2490703e-01   2.9860168e-01
  -2.2392280e+01  -3.7679201e+01   6.8151213e+01  -3.0183055e-01   9.1246087e-01  -2.7624895e-01
  -2.2441544e+01  -3.7821957e+01   6.8663154e+01  -5.7708932e-01   7.8440629e-01   2.2732067e-01
  -2.2256692e+01  -3.6833003e+01   7.2250136e+01  -7.5947595e-01   5.0147023e-01   4.1439581e-01
  -2.3094222e+01  -3.8655466e+01   6.9023542e+01  -7.6691086e-01   5.9383454e-01   2.4332749e-01
  -2.3121800e+01  -3.8030810e+01   6.8260373e+01  -5.9784693e-01   7.6566864e-01  -2.3734065e-01
  -2.3179412e+01  -3.8772933e+01   6.9767832e+01  -8.2855649e-01   5.5139755e-01  -9.7236241e-02
  -2.0827624e+01  -3.9378966e+01   7.2677244e+01  -6.5102019e-01   6.9928755e-01  -2.9524504e-01
  -2.2556002e+01  -3.7187973e+01   7.2308650e+01  -7.7838446e-01   6.1179280e-01   1.4080912e-01
  -2.3530960e+01  -3.9252961e+01   6.9927893e+01  -7.9852664e-01   5.8575436e-01  -1.3873367e-01
  -2.3593914e+01  -3.8706153e+01   7.2936197e+01  -6.4129725e-01   4.1068117e-01   6.4813487e-01
  -2.3663567e+01  -3.8923717e+01   7.2920870e+01  -9.7652404e-01   1.3108086e-02   2.1500927e-01
  -2.3788564e+01  -3.9734991e+01   6.9514909e+01  -8.4060064e-01   5.3849820e-01   5.8397382e-02
  -2.3965990e+01  -4.0269399e+01   6.8240913e+01  -9.8724760e-01  -1.2534077e-01   9.8142088e-02
  -2.4052873e+01  -4.0780271e+01   6.6364454e+01  -9.9179818e-01  -9.5817510e-02   8.4589414e-02
  -2.3699415e+01  -4.1034649e+01   6.8373053e+01  -8.7914307e-01  -4.4690986e-01   1.6546615e-01
  -2.3995724e+01  -4.1506356e+01   6.5686821e+01  -9.6110521e-01  -2.2862498e-01   1.5494321e-01
  -2.0680758e+01  -4.2993502e+01   6.5572568e+01   5.2910433e-01  -7.8215062e-01   3.2907297e-01
  -1.9703643e+01  -4.2150368e+01   6.4406164e+01   9.6123865e-01  -2.4571787e-01   1.2507193e-01
  -1.9723492e+01  -4.0085726e+01   7.1859861e+01   8.0274002e-01  -5.6650415e-01   1.8622969e-01
  -1.9664582e+01  -3.9860483e+01   7.2286356e+01   7.6928035e-01  -5.9213819e-01   2.3995855e-01
  -1.9740838e+01  -3.9778350e+01   7.2968279e+01   7.7569787e-01  -5.7992127e-01   2.4896614e-01
  -1.9431018e+01  -3.9507355e+01   7.2122429e+01   9.4990980e-01  -2.9916360e-01   9.0401935e-02
  -1.9860045e+01  -3.9285606e+01   6.6376510e+01   8.4588770e-01   4.9099571e-01  -2.0832000e-01
  -1.9652015e+01  -3.8332796e+01   6.9481470e+01   8.7190242e-01   4.2925856e-01  -2.3563375e-01
  -1.9590858e+01  -3.7614215e+01   7.1458231e+01   9.0046230e-01   4.1682374e-01  -1.2419991e-01
  -2.0142314e+01  -3.7680093e+01   6.9470822e+01   6.8402091e-01   6.8229189e-01  -2.5805654e-01
  -1.9636481e+01  -3.8139549e+01   7.2745454e+01   1.3238392e-01   3.3962719e-01   9.3119701e-01
  -1.9894123e+01  -3.8389567e+01   7.2851565e+01   3.4989413e-03   3.2293685e-01   9.4641405e-01
  -1.9641131e+01  -3.8891780e+01   7.3004137e+01   1.4929473e-01   3.0608723e-01   9.4022428e-01
  -2.0052298e+01  -3.7715889e+01   7.2620453e+01  -2.2334484e-02   2.7391296e-01   9.6149512e-01
  -2.0060886e+01  -3.7994920e+01   7.2710027e+01  -4.4989967e-02   3.3820240e-01   9.3999736e-01
  -1.9840892e+01  -3.9341536e+01   7.3162941e+01   2.1416929e-01   2.3494016e-01   9.4812164e-01
  -1.9966563e+01  -3.8918271e+01   7.3035991e+01  -4.9181697e-03   3.3517434e-01   9.4214329e-01
  -2.0273796e+01  -3.7697547e+01   7.2590133e+01  -2.3689847e-01   2.8859565e-01   9.2768080e-01
  -2.0142406e+01  -3.9369137e+01   7.3221225e+01   1.0107167e-01   3.0433159e-01   9.4718889e-01
  -2.0072883e+01  -3.9754283e+01   7.3309614e+01   2.6522806e-01   1.6211527e-01   9.5045921e-01
  -2.0378783e+01  -3.7441093e+01   7.2522112e+01  -2.4695639e-02   1.6485792e-01   9.8600811e-01
  -2.0543519e+01  -3.7127087e+01   7.2440869e+01   5.3188280e-03   3.2270055e-01   9.4648617e-01
  -2.0356144e+01  -3.6930873e+01   7.2353778e+01   1.0446105e-01   4.0345435e-01   9.0901731e-01
  -2.0890461e+01  -3.7008892e+01   7.2407926e+01   3.5293129e-02   3.2849650e-01   9.4384556e-01
  -2.0436293e+01  -3.9580968e+01   7.3310866e+01   4.9751293e-02   3.0451373e-01   9.5120776e-01
  -2.1589531e+01  -3.6978695e+01   7.2420406e+01   4.5621136e-03   2.4111580e-01   9.7048563e-01
  -2.0966158e+01  -4.0296391e+01   7.3505321e+01   6.5411352e-02  -5.3948749e-02   9.9639896e-01
  -2.1334049e+01  -4.0249971e+01   7.3522105e+01   2.6897144e-02   7.0188230e-03   9.9961357e-01
  -2.1810798e+01  -3.6926382e+01   7.2410790e+01   2.5561357e-02   2.4799924e-01   9.6842294e-01
  -2.2082133e+01  -3.9532598e+01   7.3333835e+01   7.0862098e-02   5.0515541e-01   8.6011428e-01
  -2.1838290e+01  -3.9802989e+01   7.3433688e+01   4.9718969e-02   3.1253663e-01   9.4860365e-01
  -2.2119282e+01  -3.9871763e+01   7.3473425e+01   6.5609161e-02   3.2534008e-01   9.4331822e-01
  -2.2200037e+01  -4.0035835e+01   7.3500868e+01  -8.1564397e-02  -4.9841601e-02   9.9542105e-01
  -2.2335892e+01  -3.9738657e+01   7.3435379e+01   5.8575140e-03   3.2713019e-01   9.4496113e-01
  -2.2607200e+01  -3.9399853e+01   7.3311757e+01   3.4089971e-02   4.0452710e-01   9.1389042e-01
  -2.2807237e+01  -3.9193335e+01   7.3248319e+01   9.6342732e-02   3.0572566e-01   9.4723276e-01
  -2.2609169e+01  -3.9602062e+01   7.3391826e+01   1.0507975e-02   3.0447575e-01   9.5246212e-01
  -2.3118998e+01  -3.9156006e+01   7.3266946e+01   9.0209531e-02   3.0597029e-01   9.4775758e-01
  -2.3259898e+01  -3.8930159e+01   7.3180813e+01  -9.1411404e-02   4.4828980e-01   8.8920201e-01
  -1.9677765e+01  -3.7676301e+01   7.2563299e+01   2.0522450e-01   3.7411079e-01   9.0439152e-01
  -1.9904820e+01  -3.7476270e+01   7.2525722e+01   1.6264560e-01   3.8531103e-01   9.0834015e-01
  -1.9876860e+01  -3.7255967e+01   7.2411919e+01   1.6266093e-01   4.9100690e-01   8.5583506e-01
  -2.0051871e+01  -3.7060294e+01   7.2352724e+01   2.4311753e-01   4.1453397e-01   8.7695807e-01
  -2.0064125e+01  -3.8663396e+01   7.2946044e+01   2.7567525e-03   3.2664873e-01   9.4514179e-01
  -2.0233079e+01  -3.9177201e+01   7.3144746e+01  -7.4663008e-03   4.8122468e-01   8.7656549e-01
  -2.0465493e+01  -3.9225440e+01   7.3156452e+01  -8.9701172e-02   4.2538363e-01   9.0055675e-01
  -2.0671389e+01  -3.9239383e+01   7.3078381e+01  -5.5237709e-01   8.3198495e-01   5.1774472e-02
  -2.0793382e+01  -3.9459453e+01   7.3253303e+01  -1.0324718e-01   5.5734985e-01   8.2383322e-01
  -2.0557261e+01  -3.6621692e+01   7.2208144e+01   1.7264046e-01   5.8456853e-01   7.9276409e-01
  -2.1942740e+01  -3.7547252e+01   6.8222429e+01  -1.3552488e-02   9.2283377e-01  -3.8495994e-01
  -2.0809449e+01  -3.6531836e+01   7.2206559e+01   2.2315653e-01   5.3334947e-01   8.1592862e-01
  -2.0806853e+01  -3.9334144e+01   7.3005609e+01  -5.9486349e-01   8.0374592e-01  -1.1398108e-02
  -2.1605804e+01  -3.7116137e+01   6.9357664e+01   2.9510657e-02   9.3343215e-01  -3.5753816e-01
  -2.0999509e+01  -3.9419224e+01   7.3052183e+01  -2.5529774e-01   9.6504533e-01  -5.9250043e-02
  -2.2266592e+01  -3.7772696e+01   6.7770820e+01  -2.0763355e-01   9.2780274e-01  -3.0995223e-01
  -2.1026554e+01  -3.6372117e+01   7.2104928e+01   1.8120551e-01   8.4360650e-01   5.0546280e-01
  -2.1254277e+01  -3.9480698e+01   7.2970599e+01  -1.9538642e-01   9.8072543e-01  -1.3365514e-03
  -2.1409534e+01  -3.9618774e+01   7.3337214e+01   1.6823656e-02   5.6938807e-01   8.2189670e-01
  -2.0988716e+01  -3.6663383e+01   7.2292127e+01   3.9643860e-02   3.2526765e-01   9.4479062e-01
  -2.1422788e+01  -3.9582301e+01   7.2592335e+01  -1.8925609e-01   9.5762544e-01  -2.1710747e-01
  -2.1485961e+01  -3.9491344e+01   7.3014369e+01   1.3341890e-01   9.4464355e-01  -2.9974648e-01
  -2.1434112e+01  -3.6220798e+01   7.2054558e+01   2.6455879e-01   8.9182333e-01   3.6696022e-01
  -2.1517709e+01  -3.6722958e+01   7.2349746e+01   2.0871835e-02   2.7276729e-01   9.6185361e-01
  -2.1410357e+01  -3.9503498e+01   7.3185511e+01  -4.9272181e-02   9.1361332e-01   4.0358760e-01
  -2.1588223e+01  -3.6213268e+01   7.2005115e+01  -4.7355324e-01   8.1569417e-01   3.3225043e-01
  -2.1700322e+01  -3.6524334e+01   7.2279372e+01  -2.1307604e-01   3.5369106e-01   9.1076959e-01
  -2.1544706e+01  -3.9565669e+01   7.3255876e+01  -2.4356426e-01   8.1225378e-01   5.3001909e-01
  -2.1675870e+01  -3.6344091e+01   7.2129630e+01  -6.0456579e-01   6.8076482e-01   4.1359336e-01
  -2.1756887e+01  -3.9521172e+01   7.3226386e+01   3.0355198e-01   7.8086763e-01   5.4598713e-01
  -2.1860490e+01  -3.6731886e+01   7.2346548e+01  -1.2577455e-02   3.7654517e-01   9.2631287e-01
  -2.2263885e+01  -3.9439806e+01   7.3301926e+01   1.3508809e-01   4.8514864e-01   8.6393403e-01
  -2.2757902e+01  -3.8820068e+01   7.3072502e+01   3.6630290e-01   4.7158019e-01   8.0214357e-01
  -2.3101347e+01  -3.8656574e+01   7.3080756e+01  -5.2573145e-02   3.1967316e-01   9.4606825e-01
  -1.9894727e+01  -4.2394571e+01   6.4885631e+01   8.3359038e-01  -5.3589356e-01   1.3395955e-01
  -2.0141773e+01  -4.2681092e+01   6.5054199e+01   7.5988435e-01  -6.1227383e-01   2.1839534e-01
  -2.0204076e+01  -4.2541654e+01   6.5692965e+01   7.0218980e-01  -6.6429986e-01   2.5619363e-01
  -1.9853739e+01  -4.2443365e+01   6.4505933e+01   8.1834564e-01  -5.4469714e-01   1.8334512e-01
  -1.9636591e+01  -4.1843815e+01   6.4557695e+01   9.5518907e-01  -2.8091935e-01   9.3263972e-02
  -1.9902540e+01  -4.1812135e+01   6.6933247e+01   8.1949261e-01  -5.4267986e-01   1.8420214e-01
  -2.0200695e+01  -4.1894037e+01   6.7835880e+01   6.5341802e-01  -7.2649059e-01   2.1273532e-01
  -2.0007972e+01  -4.1639602e+01   6.7992555e+01   7.5795409e-01  -6.1632729e-01   2.1364988e-01
  -1.9941444e+01  -4.1765503e+01   6.7262964e+01   8.2288321e-01  -5.4430387e-01   1.6308440e-01
  -1.9580240e+01  -4.1570806e+01   6.4452887e+01   9.9884188e-01  -4.4257021e-02   1.8873404e-02
  -1.9969797e+01  -4.1509465e+01   6.8267941e+01   7.5052205e-01  -6.3996997e-01   1.6478802e-01
  -1.9836529e+01  -4.1301467e+01   6.8375263e+01   8.2620640e-01  -5.3464791e-01   1.7757986e-01
  -1.9822909e+01  -4.1204516e+01   6.8622809e+01   8.2904935e-01  -5.3779487e-01   1.5314651e-01
  -1.9940724e+01  -4.1230182e+01   6.9060956e+01   7.6101033e-01  -6.1570335e-01   2.0438361e-01
  -1.9909509e+01  -4.1100466e+01   6.9344960e+01   7.6391475e-01  -6.1662480e-01   1.9028427e-01
  -1.9668667e+01  -4.0710876e+01   6.4191703e+01   9.6824997e-01   1.9878457e-01  -1.5158066e-01
  -2.0014121e+01  -4.0955112e+01   7.0233468e+01   7.1653982e-01  -6.6599080e-01   2.0742937e-01
  -1.9934083e+01  -4.0938419e+01   6.9979511e+01   7.4080352e-01  -6.5302886e-01   1.5736406e-01
  -1.9992859e+01  -4.0842314e+01   7.0537200e+01   7.0852736e-01  -6.7905344e-01   1.9202971e-01
  -1.9679073e+01  -4.0486145e+01   6.4492673e+01   9.5112673e-01   2.7638767e-01  -1.3772363e-01
  -1.9796284e+01  -4.0440243e+01   7.1053518e+01   8.0194045e-01  -5.8149144e-01   1.3696430e-01
  -1.9685475e+01  -4.0208380e+01   7.1286665e+01   8.8596658e-01  -4.4937551e-01   1.1456379e-01
  -1.9617828e+01  -4.0026678e+01   7.1503025e+01   8.2066836e-01  -5.5599068e-01   1.3182492e-01
  -1.9634600e+01  -3.9489524e+01   6.6896508e+01   9.1721261e-01   3.6030903e-01  -1.6999539e-01
  -1.9415341e+01  -3.9555600e+01   7.1737311e+01   9.7243755e-01  -2.0902739e-01   1.0330904e-01
  -1.9602728e+01  -3.9341490e+01   6.7416616e+01   9.3232660e-01   3.3321271e-01  -1.4048633e-01
  -1.9397564e+01  -3.9426543e+01   7.1933293e+01   9.6698540e-01  -2.5468706e-01   8.5872171e-03
  -1.9405397e+01  -3.9360534e+01   7.2376395e+01   9.4048649e-01  -3.2984557e-01   8.1774439e-02
  -1.9739666e+01  -3.9135493e+01   6.7150547e+01   8.7331620e-01   4.4324817e-01  -2.0211351e-01
  -1.9426611e+01  -3.9349042e+01   7.2691381e+01   9.3746235e-01  -3.4090089e-01   7.0362815e-02
  -1.9468401e+01  -3.9174521e+01   7.2992634e+01   6.6515099e-01  -1.9767548e-01   7.2006844e-01
  -1.9642048e+01  -3.9158768e+01   6.7600562e+01   9.3160097e-01   3.4009368e-01  -1.2828061e-01
  -1.9671389e+01  -3.9156180e+01   7.3084051e+01   1.7356043e-01   2.2000118e-01   9.5993555e-01
  -1.9656877e+01  -3.8963280e+01   6.7936566e+01   9.1054726e-01   3.6337275e-01  -1.9713938e-01
  -1.9588241e+01  -3.8837351e+01   6.8563643e+01   9.3764676e-01   3.1021872e-01  -1.5678931e-01
  -2.2587302e+01  -3.8854326e+01   7.2552928e+01   9.4648016e-01   2.6689463e-01  -1.8150084e-01
  -2.2593321e+01  -3.8767243e+01   7.2814277e+01   8.8278490e-01   4.6761785e-01  -4.4993006e-02
  -2.2664449e+01  -3.8542074e+01   7.2715765e+01   9.9325317e-01   1.1561802e-01  -8.9790121e-03
  -1.9647008e+01  -3.8486566e+01   6.9145750e+01   8.7523875e-01   4.5895521e-01  -1.5269985e-01
  -1.9510435e+01  -3.8411613e+01   7.0021982e+01   9.1695080e-01   3.7279125e-01  -1.4222487e-01
  -1.9538579e+01  -3.8151128e+01   7.0457397e+01   9.1331191e-01   3.6526489e-01  -1.8011917e-01
  -1.9557124e+01  -3.7759438e+01   7.1240390e+01   9.0411724e-01   4.0181566e-01  -1.4531413e-01
  -1.9533100e+01  -3.7918412e+01   7.2636275e+01   2.0619567e-01   4.1588811e-01   8.8573157e-01
  -2.2429813e+01  -3.7705810e+01   7.2333379e+01   7.0053327e-01  -6.6060880e-01   2.6990580e-01
  -2.2309367e+01  -3.7562627e+01   7.2404132e+01   6.5483385e-01  -7.2706378e-01   2.0632715e-01
  -1.9573427e+01  -3.7503014e+01   7.2383412e+01   6.4580423e-01   5.9262063e-01   4.8139141e-01
  -1.9682699e+01  -3.7293658e+01   7.2322906e+01   7.0061207e-01   4.0294684e-01   5.8887738e-01
  -2.2977250e+01  -4.0345515e+01   7.2461508e+01  -5.3919259e-01  -7.8649103e-01   3.0116973e-01
  -2.2868214e+01  -4.0296148e+01   7.2801783e+01  -5.3095646e-01  -8.0105744e-01   2.7639140e-01
  -2.3237019e+01  -4.1786235e+01   6.8091854e+01  -6.4550855e-01  -7.1043427e-01   2.8036022e-01
  -2.3174320e+01  -4.1729109e+01   6.8387856e+01  -6.4002021e-01  -7.1957661e-01   2.6941351e-01
  -2.3037176e+01  -4.0939382e+01   7.0738007e+01  -5.8685586e-01  -7.5547324e-01   2.9130805e-01
  -2.3179059e+01  -4.1951177e+01   6.7801335e+01  -6.3518614e-01  -7.2078189e-01   2.7751042e-01
  -2.2954028e+01  -4.0783525e+01   7.1322016e+01  -5.8887165e-01  -7.5653432e-01   2.8440465e-01
  -2.3021353e+01  -4.1464043e+01   6.9417500e+01  -5.6587935e-01  -7.7527189e-01   2.8059588e-01
  -2.2890342e+01  -4.1361890e+01   6.9941573e+01  -5.3465476e-01  -7.9148364e-01   2.9613837e-01
  -2.2858064e+01  -4.2473588e+01   6.7017577e+01  -5.3417614e-01  -7.9723026e-01   2.8121126e-01
  -2.2697626e+01  -4.2668078e+01   6.6708132e+01  -4.6183363e-01  -8.6276868e-01   2.0576663e-01
  -2.2476939e+01  -4.2720871e+01   6.6833103e+01  -2.6381315e-01  -9.1548994e-01   3.0377753e-01
  -2.1068401e+01  -3.7269870e+01   7.2359353e+01  -4.3652778e-01  -5.6081619e-01   7.0351169e-01
  -2.0955854e+01  -3.7424118e+01   7.2290481e+01  -3.9833841e-01  -6.5058459e-01   6.4658039e-01
  -2.0871470e+01  -3.7258018e+01   7.2442918e+01  -1.6586883e-01  -2.9602956e-01   9.4066680e-01
  -2.0778624e+01  -3.7524395e+01   7.2343611e+01  -6.3334567e-01  -5.7488623e-01   5.1805317e-01
  -2.0730056e+01  -3.7374905e+01   7.2450102e+01  -2.5530958e-01  -1.1696081e-01   9.5975892e-01
  -2.0539614e+01  -3.7573170e+01   7.2497593e+01  -5.0330850e-01  -1.5727505e-01   8.4967354e-01
  -2.0480800e+01  -4.2789138e+01   6.5703244e+01   5.9275930e-01  -7.3603478e-01   3.2693916e-01
  -1.9932464e+01  -4.0502849e+01   7.1372883e+01   7.2275508e-01  -6.4757843e-01   2.4138616e-01
  -2.0002389e+01  -4.1079210e+01   6.9765903e+01   7.4735683e-01  -6.3186079e-01   2.0545002e-01
  -1.9685507e+01  -3.9556794e+01   7.3103758e+01   3.5544281e-01  -1.8940462e-01   9.1530667e-01
  -2.0094185e+01  -4.1466475e+01   6.8855111e+01   6.9990849e-01  -6.8575515e-01   1.9966967e-01
  -2.0129648e+01  -4.2221741e+01   6.6506177e+01   7.4324060e-01  -6.4748426e-01   1.6839695e-01
  -2.0065553e+01  -4.2291547e+01   6.5996051e+01   7.1599096e-01  -6.6907809e-01   1.9922714e-01
  -2.1963043e+01  -3.6543663e+01   7.2243043e+01  -1.5621946e-01   5.0036224e-01   8.5160619e-01
  -2.1478820e+01  -3.7160743e+01   7.2371627e+01  -3.4633713e-02  -6.2219587e-01   7.8209514e-01
  -2.1043142e+01  -3.7479661e+01   7.2101314e+01  -5.6718239e-01  -7.7743264e-01   2.7185037e-01
  -2.2861879e+01  -3.8241016e+01   6.8715089e+01  -4.0012498e-01   5.7759684e-01   7.1153488e-01
  -2.3088790e+01  -3.8562813e+01   6.8867532e+01  -5.1174983e-01   6.6671959e-01   5.4184602e-01
  -2.2824951e+01  -3.8297152e+01   6.8906625e+01  -7.6966079e-01   6.3525696e-01   6.3803376e-02
  -2.0401847e+01  -3.7981212e+01   7.2525222e+01  -8.8863377e-01   2.5548137e-03   4.5861039e-01
  -2.3338051e+01  -3.8492526e+01   6.8757036e+01  -1.2069554e-01   4.4363728e-01   8.8804198e-01
  -2.3674616e+01  -3.8694032e+01   6.8765250e+01  -5.5182696e-01   5.4896420e-01   6.2779400e-01
  -2.3155981e+01  -3.8667987e+01   6.8925398e+01  -5.8527230e-01   6.1298538e-01   5.3075914e-01
  -2.3272989e+01  -3.8487585e+01   7.3005195e+01  -1.2011041e-01   3.5337413e-01   9.2773930e-01
  -2.3355717e+01  -3.8954498e+01   6.9054987e+01  -4.5331078e-01   6.2927381e-01   6.3128742e-01
  -2.0402044e+01  -3.8673898e+01   7.2354788e+01  -9.8537542e-01   1.3437028e-01   1.0478507e-01
  -2.3865457e+01  -3.9067166e+01   6.8795001e+01  -9.4678287e-01   2.8041106e-01   1.5802481e-01
  -2.3933484e+01  -3.9272464e+01   6.8654360e+01  -9.7350126e-01   2.1524541e-01   7.7231544e-02
  -2.3466936e+01  -3.8792438e+01   7.3064517e+01  -3.9979094e-01   3.1919448e-01   8.5923343e-01
  -2.0300171e+01  -3.8756512e+01   7.2887588e+01  -6.6695096e-01   5.7736399e-01   4.7098539e-01
  -2.3473490e+01  -3.9147426e+01   6.9205571e+01  -5.6828842e-01   7.3241655e-01   3.7498569e-01
  -2.0456891e+01  -3.8973605e+01   7.2878122e+01  -8.3823805e-01   4.5445258e-01   3.0137987e-01
  -2.3669119e+01  -3.9202590e+01   6.9086392e+01  -4.0374639e-01   4.6135636e-01   7.9002479e-01
  -2.3622217e+01  -3.9355565e+01   6.9289004e+01  -8.0818272e-01   5.3274353e-01   2.5104783e-01
  -2.3702158e+01  -3.9002492e+01   7.2707515e+01  -9.8943162e-01   1.5919293e-02   1.4412374e-01
  -2.3993495e+01  -3.9642576e+01   6.8349244e+01  -9.9668609e-01   7.0998099e-02   3.9700251e-02
  -2.3977029e+01  -3.9569409e+01   6.8636878e+01  -9.9674747e-01   7.0867644e-02   3.8369997e-02
  -2.3767540e+01  -3.9268979e+01   7.1768681e+01  -9.9168428e-01   1.2855028e-01   6.0925872e-03
  -2.3773031e+01  -3.9505126e+01   7.1436395e+01  -9.7382472e-01  -2.1979919e-01   5.7911474e-02
  -2.3957416e+01  -4.0047010e+01   6.8654335e+01  -9.8965572e-01  -1.2091992e-01   7.7200521e-02
  -2.3842782e+01  -4.0066915e+01   6.9622578e+01  -9.9149476e-01  -8.0424849e-02   1.0232296e-01
  -2.3898392e+01  -4.0165664e+01   6.9113679e+01  -9.7846386e-01  -1.7613653e-01   1.0763084e-01
  -2.2917030e+01  -3.9618136e+01   7.3367044e+01  -1.5604664e-01   7.4384302e-02   9.8494488e-01
  -2.2858406e+01  -4.0993828e+01   7.0961220e+01  -5.8933787e-01  -7.5593631e-01   2.8502838e-01
  -2.3452172e+01  -4.1626658e+01   6.8008413e+01  -6.8716442e-01  -5.7748898e-01   4.4080783e-01
  -2.3251614e+01  -4.1395349e+01   6.9075713e+01  -6.7159251e-01  -6.9090532e-01   2.6760671e-01
  -2.3398696e+01  -4.1777750e+01   6.7818501e+01  -4.4157209e-01  -8.3767617e-01   3.2142298e-01
  -2.0253323e+01  -3.7419853e+01   6.9894486e+01   6.1821782e-01   7.5084338e-01  -2.3246707e-01
  -2.0182456e+01  -3.7362248e+01   7.0197018e+01   6.0357583e-01   7.2474986e-01  -3.3231589e-01
  -2.0128486e+01  -3.7190903e+01   7.0746596e+01   6.0569935e-01   7.6498876e-01  -2.1890750e-01
  -2.0152355e+01  -3.7075085e+01   7.1017024e+01   6.0945334e-01   7.3019547e-01  -3.0883849e-01
  -2.0144612e+01  -3.6820080e+01   7.2240586e+01   3.1720833e-01   6.2790143e-01   7.1071701e-01
  -2.0184336e+01  -3.6725679e+01   7.2037701e+01   5.8383506e-01   8.1088760e-01  -3.9974047e-02
  -1.9990204e+01  -3.6868863e+01   7.2108791e+01   6.1073449e-01   7.9183171e-01   2.4351196e-03
  -2.0547957e+01  -3.9125266e+01   7.2970325e+01  -5.8675489e-01   7.6176284e-01   2.7465629e-01
  -2.0262642e+01  -3.6724526e+01   7.2206416e+01   2.9412844e-01   6.3804613e-01   7.1160776e-01
  -2.0994546e+01  -3.9510017e+01   7.2568231e+01  -9.0025887e-02   9.1412126e-01  -3.9531969e-01
  -2.1295853e+01  -3.7400931e+01   6.8684634e+01   1.1844173e-01   9.3934666e-01  -3.2186862e-01
  -2.1156208e+01  -3.9495632e+01   7.2701897e+01  -2.3772024e-01   9.3542298e-01  -2.6167334e-01
  -2.1835621e+01  -3.7417764e+01   6.8540562e+01  -2.6430144e-02   9.3196362e-01  -3.6158714e-01
  -2.2047166e+01  -3.9381123e+01   7.2825740e+01   4.8699713e-01   8.1042314e-01  -3.2565031e-01
  -2.2137633e+01  -3.7646993e+01   6.8035695e+01  -1.8750949e-01   9.0537004e-01  -3.8097937e-01
  -2.2638704e+01  -3.7826288e+01   6.7988064e+01  -3.7518239e-01   8.7310112e-01  -3.1134002e-01
  -2.2259856e+01  -3.9212781e+01   7.3032490e+01   6.9346648e-01   6.9361226e-01   1.9495198e-01
  -2.2428966e+01  -3.9200395e+01   7.3156300e+01   2.0352674e-01   6.7423445e-01   7.0991885e-01
  -2.2601579e+01  -3.7887523e+01   6.8573441e+01  -3.9129654e-01   5.7736119e-01   7.1661780e-01
  -2.3187708e+01  -3.8204993e+01   6.7873408e+01  -6.0433800e-01   7.5886052e-01  -2.4270620e-01
  -2.3341414e+01  -3.9035922e+01   6.9400992e+01  -8.3665695e-01   5.4615174e-01   4.1514079e-02
  -2.3365343e+01  -3.9059138e+01   6.9726005e+01  -8.2777383e-01   5.5279279e-01  -9.5971966e-02
  -2.3266387e+01  -3.8388443e+01   7.1707927e+01  -8.3554043e-01   5.3053427e-01  -1.4284808e-01
  -2.3215478e+01  -3.8069764e+01   7.2663325e+01  -8.2158620e-01   5.6765354e-01  -5.2588786e-02
  -2.3230357e+01  -3.8274596e+01   7.2894979e+01  -2.3865375e-01   6.0451761e-01   7.6000187e-01
  -2.2387845e+01  -3.7020946e+01   7.2315725e+01  -6.0236883e-01   7.4327394e-01   2.9102515e-01
  -2.0697456e+01  -3.9230422e+01   7.2882771e+01  -6.8856434e-01   7.1023460e-01   1.4644440e-01
  -2.3040762e+01  -3.7829540e+01   7.2556931e+01  -8.1780362e-01   5.7203755e-01  -6.3010086e-02
  -2.3267983e+01  -3.8130254e+01   6.8480623e+01  -5.9508617e-01   7.5721434e-01   2.6925617e-01
  -2.3392294e+01  -3.8258729e+01   6.8542378e+01  -6.5388748e-01   7.0950794e-01   2.6273492e-01
  -2.3589378e+01  -3.8548909e+01   6.8706432e+01  -5.1267761e-01   5.8207312e-01   6.3115177e-01
  -2.3222296e+01  -3.8229285e+01   7.2024368e+01  -8.3339182e-01   5.2979117e-01  -1.5741471e-01
  -2.3503845e+01  -3.8759359e+01   7.1665274e+01  -8.1747748e-01   5.5456981e-01  -1.5550849e-01
  -2.3811372e+01  -3.8884451e+01   6.8716025e+01  -9.0934422e-01   3.9581651e-01   1.2814984e-01
  -2.3709985e+01  -3.9544860e+01   6.9362594e+01  -8.4709569e-01   4.4514167e-01   2.9030637e-01
  -2.3735364e+01  -3.9036186e+01   7.2294467e+01  -9.8699056e-01   1.6072452e-01   4.1547290e-03
  -2.4096737e+01  -4.0816440e+01   6.5548021e+01  -9.9626170e-01   7.4819258e-02  -4.3182247e-02
  -2.4021895e+01  -4.0494283e+01   6.7120506e+01  -9.9072071e-01  -1.2012472e-01   6.3580815e-02
  -2.4017997e+01  -4.0744694e+01   6.6810233e+01  -9.9163126e-01  -9.6330967e-02   8.5952235e-02
  -2.4093081e+01  -4.1025003e+01   6.5558690e+01  -9.8777014e-01  -1.2720797e-01   9.0156951e-02
  -2.4065429e+01  -4.1070967e+01   6.5821583e+01  -9.8903123e-01  -1.2518071e-01   7.8402939e-02
  -2.4002477e+01  -4.0455636e+01   6.7508153e+01  -9.9113878e-01  -1.1891518e-01   5.9186974e-02
  -2.3962208e+01  -4.1121307e+01   6.6676616e+01  -9.4749753e-01  -2.9354592e-01   1.2680390e-01
  -2.3972892e+01  -4.1339778e+01   6.6145315e+01  -9.4974909e-01  -2.8209375e-01   1.3564577e-01
  -2.3928964e+01  -4.1327236e+01   6.6467594e+01  -9.4627962e-01  -2.8716663e-01   1.4862774e-01
  -2.3859689e+01  -4.1340622e+01   6.6839511e+01  -9.1805164e-01  -3.5336043e-01   1.7977094e-01
  -2.3597561e+01  -4.1362327e+01   6.8097692e+01  -8.6786230e-01  -4.5556760e-01   1.9817464e-01
  -2.2915530e+01  -4.2527825e+01   6.6747204e+01  -5.3220845e-01  -8.0430054e-01   2.6430062e-01
  -2.0318711e+01  -4.2978304e+01   6.4789722e+01   7.1953877e-01  -6.6231631e-01   2.0880866e-01
  -1.9707969e+01  -4.0194534e+01   7.1449346e+01   8.8271240e-01  -4.1767125e-01   2.1533590e-01
  -1.9837246e+01  -3.9178837e+01   6.6691244e+01   8.4140180e-01   4.8348513e-01  -2.4142316e-01
  -1.9573051e+01  -3.8204675e+01   7.0146240e+01   9.2143893e-01   3.5982968e-01  -1.4653634e-01
  -1.9705923e+01  -3.8027699e+01   6.9922037e+01   8.4184328e-01   4.9364588e-01  -2.1820549e-01
  -1.9538119e+01  -3.7983591e+01   7.0809388e+01   9.0984191e-01   3.7640819e-01  -1.7465558e-01
  -1.9564045e+01  -3.7522198e+01   7.1812465e+01   8.8082353e-01   4.2223934e-01  -2.1415849e-01
  -2.0310754e+01  -3.7793170e+01   6.8781134e+01   6.0281684e-01   7.4440561e-01  -2.8717964e-01
  -1.9538807e+01  -3.8450718e+01   6.9751563e+01   9.1861146e-01   3.6359905e-01  -1.5475370e-01
  -1.9424596e+01  -3.7703258e+01   7.2134172e+01   9.3321737e-01   3.3230786e-01  -1.3666321e-01
  -2.2662576e+01  -3.8085592e+01   6.8831217e+01  -7.8521269e-01   6.1343377e-01   8.4498733e-02
  -2.3067213e+01  -3.7936074e+01   7.2229088e+01  -8.1893865e-01   5.5395858e-01  -1.4989789e-01
  -2.3131311e+01  -3.8102946e+01   7.2825248e+01  -3.6973049e-01   4.0922425e-01   8.3416717e-01
  -2.0432014e+01  -4.2961215e+01   6.5185889e+01   6.4745795e-01  -7.1748144e-01   2.5694082e-01
  -1.9710995e+01  -3.9880440e+01   7.2489042e+01   9.0576548e-01  -4.1987195e-01   5.7414598e-02
  -2.1261933e+01  -3.7252474e+01   7.2312110e+01  -5.2338301e-02  -6.0430877e-01   7.9502931e-01
  -1.9604676e+01  -3.9424458e+01   7.3071344e+01   6.1557689e-01  -1.8601372e-02   7.8785727e-01
  -2.2646756e+01  -3.8270140e+01   6.6700093e+01  -4.0225378e-01   8.7633866e-01  -2.6499519e-01
  -2.2738577e+01  -3.8435206e+01   6.6298039e+01  -4.0876462e-01   8.7162146e-01  -2.7053191e-01
  -2.3073398e+01  -3.8228610e+01   6.7534800e+01  -5.9531488e-01   7.5643984e-01  -2.7092243e-01
  -2.2831130e+01  -3.8243462e+01   6.7062455e+01  -3.9754555e-01   8.7592080e-01  -2.7335012e-01
  -2.0479538e+01  -3.7859451e+01   7.2388571e+01  -8.5871836e-01  -3.5663031e-02   5.1120537e-01
  -2.0527419e+01  -3.7701905e+01   7.2425062e+01  -5.2833148e-01  -6.7828997e-01   5.1067462e-01
  -2.3756725e+01  -3.9183060e+01   7.2024426e+01  -9.9111496e-01   1.3266076e-01  -9.6048108e-03
  -2.3803895e+01  -3.9596556e+01   7.0753120e+01  -9.9979290e-01  -4.7882046e-03   1.9779708e-02
  -2.3811900e+01  -3.9643323e+01   7.0515018e+01  -9.9870311e-01  -6.7331133e-03   5.0465527e-02
  -2.3820029e+01  -3.9810161e+01   7.0213224e+01  -9.9827421e-01  -4.5977606e-02   3.6533131e-02
  -2.3837893e+01  -3.9916577e+01   6.9804422e+01  -9.9223518e-01  -8.6486403e-02   8.9383678e-02
