   7.3507495e+01   3.7356101e+01   9.4104116e+01   5.0000047e-01  -4.3301257e-01  -7.4999976e-01
   7.6133510e+01   2.8313767e+01   1.0107538e+02   5.0000022e-01  -4.3301167e-01  -7.5000045e-01
   7.0668048e+01   2.5724667e+01   1.0673703e+02  -4.3301284e-01  -8.7499989e-01   2.1650650e-01
   6.0312710e+01   3.1105462e+01   1.0777257e+02  -4.3301294e-01  -8.7499984e-01   2.1650651e-01
   7.7597977e+01   2.9582035e+01   1.0912994e+02   7.4999971e-01  -2.1650685e-01   6.2500017e-01
   7.7043029e+01   4.0417960e+01   1.1354956e+02   7.4999972e-01  -2.1650696e-01   6.2500013e-01
   5.9920307e+01   3.8767627e+01   1.1089771e+02  -5.0000041e-01   4.3301178e-01   7.5000026e-01
   6.9720703e+01   4.4222757e+01   1.1428179e+02  -5.0000027e-01   4.3301186e-01   7.5000030e-01
   5.8455839e+01   3.7499359e+01   1.0284315e+02  -7.4999954e-01   2.1650685e-01  -6.2500038e-01
   6.6185169e+01   4.1160897e+01   9.4836348e+01  -7.5000034e-01   2.1650648e-01  -6.2499955e-01
   7.3115095e+01   4.5018265e+01   9.7229257e+01   4.3301305e-01   8.7499986e-01  -2.1650623e-01
   7.5186162e+01   4.6811859e+01   1.0862013e+02   4.3301311e-01   8.7499991e-01  -2.1650589e-01
