   4.4025122e+01   1.7540296e+02   7.4313859e+01  -3.5355476e-01   5.7322148e-01  -7.3919967e-01
   9.9362967e+01   1.3483994e+02   1.6390968e+01  -3.5355332e-01   5.7322328e-01  -7.3919897e-01
   4.1503167e+01   1.5868871e+02   6.2558773e+01  -3.5355343e-01   5.7322319e-01  -7.3919899e-01
   9.9733136e+01   8.0881550e+01   1.9482904e+02  -7.0710639e-01   3.5355235e-01   6.1237349e-01
   8.4343985e+01   6.2251910e+01   1.8781501e+02  -7.0710838e-01   3.5355641e-01   6.1236885e-01
   8.2326808e+01   6.3598140e+01   1.8470853e+02  -7.0710562e-01   3.5355270e-01   6.1237418e-01
   8.3022043e+01   6.1820448e+01   1.8653767e+02  -7.0710389e-01   3.5355718e-01   6.1237358e-01
   4.2484138e+01   1.7370054e+02   7.5134526e+01  -7.0710765e-01   3.5355451e-01   6.1237079e-01
   2.7713823e+01   1.5214330e+02   7.0525308e+01  -7.0710614e-01   3.5355418e-01   6.1237272e-01
   2.6558618e+01   1.5336576e+02   6.8485605e+01  -7.0710605e-01   3.5355423e-01   6.1237280e-01
   2.7057303e+01   1.5513198e+02   6.8041707e+01  -7.0710633e-01   3.5355280e-01   6.1237330e-01
   1.0200787e+02   8.1394325e+01   1.9554248e+02   3.5355512e-01  -5.7322100e-01   7.3919988e-01
   9.9485916e+01   6.4680078e+01   1.8378740e+02   3.5355359e-01  -5.7322307e-01   7.3919901e-01
   1.5734572e+02   4.0831317e+01   1.3761960e+02   3.5355322e-01  -5.7322336e-01   7.3919896e-01
   1.5902274e+02   2.9706929e+01   1.2463817e+02   7.0710691e-01  -3.5355375e-01  -6.1237208e-01
   1.5549283e+02   2.9411158e+01   1.2073294e+02   7.0710642e-01  -3.5355383e-01  -6.1237260e-01
   1.0319591e+02   1.2022013e+02   7.9170701e+00   7.0710667e-01  -3.5355316e-01  -6.1237270e-01
   1.0208828e+02   1.1576338e+02   9.2111928e+00   7.0710657e-01  -3.5355365e-01  -6.1237253e-01
   1.6963610e+02   4.3363873e+01   1.2900858e+02   7.0710693e-01  -3.5355383e-01  -6.1237201e-01
   1.7066111e+02   4.7720890e+01   1.2767663e+02   7.0710710e-01  -3.5355299e-01  -6.1237230e-01
   1.1742179e+02   1.3427256e+02   1.6230523e+01   7.0710644e-01  -3.5355383e-01  -6.1237258e-01
   1.1380926e+02   1.3387706e+02   1.2287476e+01   7.0710685e-01  -3.5355376e-01  -6.1237215e-01
   2.8143356e+01   1.5137387e+02   6.7101357e+01  -6.1237242e-01  -7.3919893e-01  -2.8033011e-01
   9.8390383e+01   1.1475818e+02   1.0200365e+01  -6.1237265e-01  -7.3919879e-01  -2.8032997e-01
   9.4407128e+01   1.1828544e+02   9.6006766e+00  -6.1237234e-01  -7.3919906e-01  -2.8032993e-01
   8.4126765e+01   6.0606822e+01   1.8414981e+02  -6.1237269e-01  -7.3919854e-01  -2.8033054e-01
   1.5046803e+02   2.7392735e+01   1.2681117e+02  -6.1237244e-01  -7.3919892e-01  -2.8033009e-01
   1.5180771e+02   2.8258527e+01   1.2160168e+02  -6.1237242e-01  -7.3919891e-01  -2.8033016e-01
   5.8260316e+01   1.3584349e+02   1.5106397e+02   6.1237182e-01   7.3920012e-01   2.8032826e-01
   5.7180001e+01   1.3738460e+02   1.4936015e+02   6.1237175e-01   7.3919991e-01   2.8032898e-01
   5.6561702e+01   1.3856717e+02   1.4759248e+02   6.1237200e-01   7.3919941e-01   2.8032974e-01
   6.1344198e+01   1.3505740e+02   1.4640016e+02   6.1237262e-01   7.3919881e-01   2.8032996e-01
   6.2439275e+01   1.3384862e+02   1.4719540e+02   6.1237239e-01   7.3919947e-01   2.8032874e-01
   6.3728447e+01   1.3286683e+02   1.4696811e+02   6.1237339e-01   7.3919810e-01   2.8033017e-01
   1.0893413e+02   8.9165338e+01   1.6345361e+02   6.1237238e-01   7.3919892e-01   2.8033020e-01
   6.6694075e+01   1.3142754e+02   1.4428502e+02   6.1237288e-01   7.3919871e-01   2.8032967e-01
   6.5996919e+01   1.3140244e+02   1.4587412e+02   6.1237276e-01   7.3919876e-01   2.8032980e-01
   6.4026578e+01   1.3068237e+02   1.5207705e+02   6.1237301e-01   7.3919866e-01   2.8032952e-01
   6.0805162e+01   1.3616102e+02   1.4466754e+02   6.1237199e-01   7.3919814e-01   2.8033311e-01
   6.1139865e+01   1.3644827e+02   1.4317896e+02   6.1237090e-01   7.3920101e-01   2.8032794e-01
   6.2591938e+01   1.3623668e+02   1.4056488e+02   6.1237262e-01   7.3919878e-01   2.8033006e-01
   5.8020651e+01   1.3999570e+02   1.4063858e+02   6.1237185e-01   7.3919923e-01   2.8033054e-01
   6.3939667e+01   1.3536868e+02   1.3990961e+02   6.1237282e-01   7.3919866e-01   2.8032992e-01
   6.5790380e+01   1.3377059e+02   1.4008075e+02   6.1237616e-01   7.3919532e-01   2.8033142e-01
   6.6956824e+01   1.3207521e+02   1.4200321e+02   6.1237278e-01   7.3919975e-01   2.8032715e-01
   1.1616564e+02   1.0796728e+02   9.8077967e+01   6.1237236e-01   7.3919896e-01   2.8033013e-01
   6.8839607e+01   1.5390685e+02   8.0322781e+01   6.1237254e-01   7.3919882e-01   2.8033011e-01
   4.4503805e+01   1.6128561e+02   6.5843026e+01   3.5355337e-01  -5.7322322e-01   7.3919900e-01
   9.6099233e+01   1.3184434e+02   1.8334633e+01   3.5355332e-01  -5.7322332e-01   7.3919894e-01
   1.5480211e+02   4.2704987e+01   1.3758352e+02  -3.5355308e-01   5.7322357e-01  -7.3919886e-01
   9.8937998e+01   6.6993492e+01   1.8313780e+02  -3.5355316e-01   5.7322351e-01  -7.3919887e-01
   1.6688032e+02   4.5089280e+01   1.3136229e+02  -7.0710732e-01   3.5355421e-01   6.1237134e-01
   1.6739840e+02   4.8224799e+01   1.3015022e+02  -7.0710771e-01   3.5355222e-01   6.1237204e-01
   1.1164283e+02   1.3464695e+02   1.5873385e+01  -7.0710774e-01   3.5355447e-01   6.1237071e-01
   1.1383735e+02   1.3516027e+02   1.8111026e+01  -7.0710561e-01   3.5355484e-01   6.1237295e-01
   1.5553231e+02   3.1765473e+01   1.2595124e+02  -7.0710620e-01   3.5355305e-01   6.1237331e-01
   1.5337168e+02   3.1293056e+01   1.2372911e+02  -7.0710724e-01   3.5355287e-01   6.1237221e-01
   9.9742856e+01   1.1814673e+02   1.1658885e+01  -7.0710607e-01   3.5355424e-01   6.1237277e-01
   1.0029482e+02   1.2132315e+02   1.0462330e+01  -7.0710631e-01   3.5355300e-01   6.1237320e-01
   8.4339743e+01   6.2969271e+01   1.8458948e+02   6.1237211e-01   7.3919941e-01   2.8032948e-01
   1.5192460e+02   2.9917779e+01   1.2410552e+02   6.1237138e-01   7.3919942e-01   2.8033107e-01
   1.5129209e+02   2.9472440e+01   1.2666153e+02   6.1237221e-01   7.3919926e-01   2.8032967e-01
   2.9030852e+01   1.5264272e+02   6.8951275e+01   6.1237294e-01   7.3919808e-01   2.8033121e-01
   9.5946351e+01   1.1920563e+02   1.0946292e+01   6.1237285e-01   7.3919822e-01   2.8033101e-01
   9.7950156e+01   1.1744213e+02   1.1219188e+01   6.1237055e-01   7.3919983e-01   2.8033180e-01
   6.5731316e+01   1.3059563e+02   1.4144736e+02  -6.1237285e-01  -7.3919971e-01  -2.8032710e-01
   1.0673355e+02   8.8646732e+01   1.6249376e+02  -6.1237243e-01  -7.3919887e-01  -2.8033022e-01
   5.5336957e+01   1.3708877e+02   1.4703181e+02  -6.1237273e-01  -7.3919865e-01  -2.8033017e-01
   5.5955261e+01   1.3590619e+02   1.4879948e+02  -6.1237267e-01  -7.3919875e-01  -2.8033002e-01
   6.0119459e+01   1.3357899e+02   1.4583949e+02  -6.1237132e-01  -7.3920045e-01  -2.8032849e-01
   5.9580415e+01   1.3468262e+02   1.4410688e+02  -6.1237272e-01  -7.3919845e-01  -2.8033070e-01
   5.9915127e+01   1.3496986e+02   1.4261829e+02  -6.1237285e-01  -7.3919811e-01  -2.8033132e-01
   5.6817760e+01   1.3850171e+02   1.4007130e+02  -6.1237244e-01  -7.3919887e-01  -2.8033020e-01
   6.2717325e+01   1.3388881e+02   1.3934757e+02  -6.1236966e-01  -7.3920047e-01  -2.8033206e-01
   6.1370112e+01   1.3475647e+02   1.4000260e+02  -6.1237361e-01  -7.3919818e-01  -2.8032947e-01
   4.3201225e+01   1.7398273e+02   7.6256745e+01  -6.1236218e-01  -7.3920550e-01  -2.8033514e-01
   5.7035570e+01   1.3436508e+02   1.5050331e+02  -6.1237201e-01  -7.3919932e-01  -2.8032995e-01
   6.1214526e+01   1.3237022e+02   1.4663474e+02  -6.1237435e-01  -7.3919663e-01  -2.8033193e-01
   6.2503702e+01   1.3138843e+02   1.4640745e+02  -6.1236679e-01  -7.3920700e-01  -2.8032111e-01
   6.7483694e+01   1.5202138e+02   8.1122050e+01  -6.1237255e-01  -7.3919882e-01  -2.8033009e-01
   6.4562209e+01   1.3229542e+02   1.3951909e+02  -6.1237453e-01  -7.3919692e-01  -2.8033079e-01
   1.1302601e+02   1.0744714e+02   9.9173507e+01  -6.1237242e-01  -7.3919893e-01  -2.8033008e-01
   6.5471126e+01   1.2994847e+02   1.4372223e+02  -6.1237088e-01  -7.3919953e-01  -2.8033187e-01
   6.4774287e+01   1.2992330e+02   1.4531082e+02  -6.1237430e-01  -7.3919812e-01  -2.8032813e-01
   6.2816243e+01   1.2920201e+02   1.5149007e+02  -6.1237219e-01  -7.3919896e-01  -2.8033052e-01
   9.9798760e+01   8.2219979e+01   1.9458920e+02  -6.1237217e-01  -7.3919896e-01  -2.8033055e-01
   2.8516994e+01   1.5118365e+02   7.0390538e+01   3.5355212e-01  -5.7322474e-01   7.3919842e-01
   9.6047642e+01   1.1739689e+02   1.1890666e+01   3.5355212e-01  -5.7322474e-01   7.3919842e-01
   1.5015386e+02   2.9708880e+01   1.2499385e+02  -3.5355212e-01   5.7322474e-01  -7.3919842e-01
   8.2598094e+01   6.3465323e+01   1.8348223e+02  -3.5355474e-01   5.7322168e-01  -7.3919953e-01
   1.5050019e+02   2.9925679e+01   1.2365235e+02  -7.0710615e-01   3.5355419e-01   6.1237270e-01
   9.7101017e+01   1.1648023e+02   1.2019984e+01  -7.0710615e-01   3.5355419e-01   6.1237270e-01
   1.1268160e+02   1.3230132e+02   1.5492641e+01   3.5355326e-01  -5.7322369e-01   7.3919868e-01
   1.0322830e+02   1.2040005e+02   1.0785057e+01   3.5355244e-01  -5.7322298e-01   7.3919963e-01
   1.6706238e+02   4.4454607e+01   1.2834143e+02  -3.5355249e-01   5.7322292e-01  -7.3919965e-01
   1.5703486e+02   3.2840438e+01   1.2413114e+02  -3.5355366e-01   5.7322320e-01  -7.3919887e-01
   1.1460497e+02   1.3243565e+02   1.7347155e+01  -6.1237248e-01  -7.3919890e-01  -2.8033003e-01
   1.6733987e+02   4.6976935e+01   1.2749442e+02  -6.1237210e-01  -7.3919910e-01  -2.8033035e-01
   1.5536164e+02   3.2581037e+01   1.2206000e+02   6.1237249e-01   7.3919888e-01   2.8033006e-01
   1.0270067e+02   1.1800280e+02   1.1848697e+01   6.1237212e-01   7.3919906e-01   2.8033040e-01
   1.0077837e+02   8.2387679e+01   1.9561814e+02  -5.7978529e-01   1.7886181e-01   7.9489463e-01
   5.8114389e+01   1.3389493e+02   1.5290979e+02  -5.7979020e-01   1.7885613e-01   7.9489232e-01
   5.4683926e+01   1.3949939e+02   1.4571290e+02  -7.7782894e-01   4.9994673e-01   3.8083515e-01
   4.3451029e+01   1.7529110e+02   7.5784418e+01  -7.7782948e-01   4.9994609e-01   3.8083488e-01
   5.5416408e+01   1.3832257e+02   1.4836533e+02  -7.6516207e-01   4.6500515e-01   4.4530576e-01
   5.4743495e+01   1.3847310e+02   1.4705189e+02  -7.6516318e-01   4.6500460e-01   4.4530442e-01
   5.7467931e+01   1.3521467e+02   1.5207906e+02  -6.1815265e-01   2.2664707e-01   7.5267418e-01
   5.6405718e+01   1.3555984e+02   1.5110276e+02  -6.1814700e-01   2.2664857e-01   7.5267836e-01
   5.6252123e+01   1.3685791e+02   1.5040191e+02  -7.0710745e-01   3.5355334e-01   6.1237169e-01
   5.5374330e+01   1.3712234e+02   1.4923564e+02  -7.0710800e-01   3.5355315e-01   6.1237117e-01
   6.4277798e+01   1.3199212e+02   1.4607776e+02  -1.4001776e-01   4.5039473e-01  -8.8178207e-01
   6.3184830e+01   1.3169767e+02   1.4610092e+02  -1.4002279e-01   4.5039407e-01  -8.8178161e-01
   6.2340522e+01   1.3235005e+02   1.4622500e+02   3.0287401e-01   1.0817249e-01  -9.4687171e-01
   6.2359968e+01   1.3347402e+02   1.4635963e+02   3.0287252e-01   1.0818429e-01  -9.4687084e-01
   6.2210164e+01   1.3548815e+02   1.4137587e+02   3.5355737e-01  -5.7321913e-01   7.3920025e-01
   6.2174221e+01   1.3458566e+02   1.4069322e+02   3.5355747e-01  -5.7321989e-01   7.3919961e-01
   6.3549189e+01   1.3469864e+02   1.4053259e+02  -8.4854468e-02  -2.9108136e-01   9.5292778e-01
   6.3569463e+01   1.3361553e+02   1.4020354e+02  -8.4852132e-02  -2.9109467e-01   9.5292393e-01
   6.1301011e+01   1.3567018e+02   1.4288184e+02   6.7971738e-01  -6.7336934e-01   2.9078861e-01
   6.1049188e+01   1.3502821e+02   1.4198390e+02   6.7971776e-01  -6.7336773e-01   2.9079145e-01
   6.1159800e+01   1.3354103e+02   1.4566378e+02   6.4959811e-01  -2.6837971e-01  -7.1133299e-01
   6.1378285e+01   1.3463152e+02   1.4545187e+02   6.4959786e-01  -2.6838273e-01  -7.1133209e-01
   6.0571286e+01   1.3453610e+02   1.4432549e+02   7.9007979e-01  -5.5972122e-01  -2.4997217e-01
   6.1090631e+01   1.3545354e+02   1.4391270e+02   7.9008090e-01  -5.5971903e-01  -2.4997357e-01
   6.5883015e+01   1.3149925e+02   1.4387088e+02  -7.6592344e-01   6.4257995e-01  -2.1267173e-02
   6.5483225e+01   1.3099194e+02   1.4294104e+02  -7.6592351e-01   6.4257986e-01  -2.1267388e-02
   6.5449358e+01   1.3148584e+02   1.4485354e+02  -5.3844373e-01   6.4961416e-01  -5.3673065e-01
   6.4498183e+01   1.3096150e+02   1.4517314e+02  -5.3844883e-01   6.4961193e-01  -5.3672824e-01
   6.5331013e+01   1.3307668e+02   1.4091721e+02  -4.9634327e-01   8.3491104e-02   8.6410219e-01
   6.4353879e+01   1.3290147e+02   1.4037287e+02  -4.9635174e-01   8.3491043e-02   8.6409733e-01
   6.5992473e+01   1.3204513e+02   1.4219234e+02  -7.5022173e-01   4.3153191e-01   5.0094667e-01
   6.5275837e+01   1.3176231e+02   1.4136273e+02  -7.5022173e-01   4.3153191e-01   5.0094667e-01
