  -8.2000000e+01   1.4259708e+01   5.0509708e+01  -1.0000000e+00   0.0000000e+00   0.0000000e+00
  -8.2000000e+01   1.9254164e+00  -3.8431634e+01  -1.0000000e+00   0.0000000e+00   0.0000000e+00
  -8.2000000e+01  -2.9351242e+00   3.9185124e+01  -1.0000000e+00  -0.0000000e+00   0.0000000e+00
   8.0962318e+01   1.2287682e+01   5.1500000e+01   0.0000000e+00   0.0000000e+00   1.0000000e+00
   8.1015609e+01  -1.2873469e+01   5.1500000e+01   0.0000000e+00   0.0000000e+00   1.0000000e+00
   7.7234436e+01  -1.3984436e+01   5.1500000e+01   0.0000000e+00   0.0000000e+00   1.0000000e+00
   7.9851351e+01  -1.4360000e+01   5.1500000e+01   0.0000000e+00   0.0000000e+00   1.0000000e+00
  -8.0962318e+01   1.2287682e+01   5.1500000e+01   0.0000000e+00   0.0000000e+00   1.0000000e+00
  -7.7234436e+01  -1.3984436e+01   5.1500000e+01  -0.0000000e+00   0.0000000e+00   1.0000000e+00
  -7.9851351e+01  -1.4360000e+01   5.1500000e+01   0.0000000e+00   0.0000000e+00   1.0000000e+00
  -8.1015609e+01  -1.2873469e+01   5.1500000e+01   0.0000000e+00   0.0000000e+00   1.0000000e+00
   8.2000000e+01   1.4259708e+01   5.0509708e+01   1.0000000e+00  -0.0000000e+00   0.0000000e+00
   8.2000000e+01  -2.9351242e+00   3.9185124e+01   1.0000000e+00   0.0000000e+00   0.0000000e+00
   8.2000000e+01   1.9254164e+00  -3.8431634e+01   1.0000000e+00   0.0000000e+00   0.0000000e+00
   7.9373819e+01  -8.9098384e+00  -5.1500000e+01   0.0000000e+00   0.0000000e+00  -1.0000000e+00
   7.5408611e+01  -1.2384845e+01  -5.1500000e+01   0.0000000e+00   0.0000000e+00  -1.0000000e+00
  -7.8528329e+01  -8.9098384e+00  -5.1500000e+01  -0.0000000e+00   0.0000000e+00  -1.0000000e+00
  -7.5408611e+01  -1.2519757e+01  -5.1500000e+01   0.0000000e+00   0.0000000e+00  -1.0000000e+00
   7.8528329e+01   8.9098384e+00  -5.1500000e+01   0.0000000e+00   0.0000000e+00  -1.0000000e+00
   7.5408611e+01   1.2384845e+01  -5.1500000e+01   0.0000000e+00   0.0000000e+00  -1.0000000e+00
  -7.5408611e+01   1.2519757e+01  -5.1500000e+01   0.0000000e+00   0.0000000e+00  -1.0000000e+00
  -7.9373819e+01   8.9098384e+00  -5.1500000e+01   0.0000000e+00   0.0000000e+00  -1.0000000e+00
  -7.9172498e+01  -1.5250000e+01   4.8827502e+01   0.0000000e+00  -1.0000000e+00   0.0000000e+00
  -7.5408611e+01  -1.5250000e+01  -4.8634845e+01   0.0000000e+00  -1.0000000e+00  -0.0000000e+00
  -7.9282103e+01  -1.5250000e+01  -4.4938415e+01   0.0000000e+00  -1.0000000e+00   0.0000000e+00
   7.9172498e+01  -1.5250000e+01   4.8827502e+01   0.0000000e+00  -1.0000000e+00   0.0000000e+00
   7.9282103e+01  -1.5250000e+01  -4.4938415e+01   0.0000000e+00  -1.0000000e+00   0.0000000e+00
   7.5408611e+01  -1.5250000e+01  -4.8769757e+01   0.0000000e+00  -1.0000000e+00   0.0000000e+00
   2.4429066e+00   1.5250000e+01   7.3457168e+01   0.0000000e+00   1.0000000e+00  -0.0000000e+00
  -8.1910481e-02   1.5250000e+01   7.3722555e+01   0.0000000e+00   1.0000000e+00   0.0000000e+00
  -2.2850503e+00   1.5250000e+01   7.3495393e+01   0.0000000e+00   1.0000000e+00   0.0000000e+00
   5.3634025e-01   1.5250000e+01   6.8142616e+01   0.0000000e+00   1.0000000e+00   0.0000000e+00
   2.2042492e+00   1.5250000e+01   6.7427902e+01   0.0000000e+00   1.0000000e+00   0.0000000e+00
   3.0548109e+00   1.5250000e+01   6.6030019e+01   0.0000000e+00   1.0000000e+00   0.0000000e+00
   5.6274211e+01   1.5250000e+01   2.8709228e+01   0.0000000e+00   1.0000000e+00  -0.0000000e+00
   2.9450081e+00   1.5250000e+01   6.1781084e+01   0.0000000e+00   1.0000000e+00   0.0000000e+00
   3.8875908e+00   1.5250000e+01   6.3238301e+01   0.0000000e+00   1.0000000e+00   0.0000000e+00
   8.1889221e+00   1.5250000e+01   6.8175456e+01   0.0000000e+00   1.0000000e+00   0.0000000e+00
  -1.5676141e+00   1.5250000e+01   6.7852960e+01   0.0000000e+00   1.0000000e+00  -0.0000000e+00
  -2.7142874e+00   1.5250000e+01   6.6806269e+01   0.0000000e+00   1.0000000e+00  -0.0000000e+00
  -4.0119245e+00   1.5250000e+01   6.4103914e+01   0.0000000e+00   1.0000000e+00   0.0000000e+00
  -7.7284115e+00   1.5250000e+01   6.8710447e+01   0.0000000e+00   1.0000000e+00   0.0000000e+00
  -3.5222585e+00   1.5250000e+01   6.2442775e+01   0.0000000e+00   1.0000000e+00   0.0000000e+00
  -1.8253775e+00   1.5250000e+01   6.0673912e+01   0.0000000e+00   1.0000000e+00   0.0000000e+00
   9.7993184e-01   1.5250000e+01   6.0426966e+01   0.0000000e+00   1.0000000e+00   0.0000000e+00
  -2.7238457e-01   1.5250000e+01  -9.7909731e+00   0.0000000e+00   1.0000000e+00   0.0000000e+00
  -5.6462904e+01   1.5250000e+01   2.9042895e+01   0.0000000e+00   1.0000000e+00   0.0000000e+00
  -8.0000000e+01   1.7426824e+00   3.9992682e+01   1.0000000e+00  -0.0000000e+00   0.0000000e+00
  -8.0000000e+01  -1.7426824e+00  -3.5992682e+01   1.0000000e+00   0.0000000e+00   0.0000000e+00
   8.0000000e+01   1.7426824e+00  -3.5992682e+01  -1.0000000e+00   0.0000000e+00   0.0000000e+00
   8.0000000e+01  -1.7426824e+00   3.9992682e+01  -1.0000000e+00  -0.0000000e+00   0.0000000e+00
   7.8304838e+01   9.1575164e+00  -4.7500000e+01   0.0000000e+00   0.0000000e+00   1.0000000e+00
   7.5794693e+01   1.1452763e+01  -4.7500000e+01   0.0000000e+00   0.0000000e+00   1.0000000e+00
  -7.7930382e+01   9.1575164e+00  -4.7500000e+01   0.0000000e+00   0.0000000e+00   1.0000000e+00
  -7.5794693e+01   1.1508105e+01  -4.7500000e+01  -0.0000000e+00   0.0000000e+00   1.0000000e+00
   7.7930382e+01  -9.1575164e+00  -4.7500000e+01  -0.0000000e+00   0.0000000e+00   1.0000000e+00
   7.5794693e+01  -1.1452763e+01  -4.7500000e+01  -0.0000000e+00   0.0000000e+00   1.0000000e+00
  -7.5794693e+01  -1.1508105e+01  -4.7500000e+01   0.0000000e+00   0.0000000e+00   1.0000000e+00
  -7.8304838e+01  -9.1575164e+00  -4.7500000e+01   0.0000000e+00   0.0000000e+00   1.0000000e+00
   7.8218600e+01  -1.3250000e+01   4.9781400e+01   0.0000000e+00   1.0000000e+00   0.0000000e+00
   7.6349651e+01  -1.3250000e+01  -4.6732489e+01   0.0000000e+00   1.0000000e+00   0.0000000e+00
   7.8270705e+01  -1.3250000e+01  -4.4877457e+01   0.0000000e+00   1.0000000e+00  -0.0000000e+00
  -7.8218600e+01  -1.3250000e+01   4.9781400e+01   0.0000000e+00   1.0000000e+00  -0.0000000e+00
  -7.8270705e+01  -1.3250000e+01  -4.4877457e+01   0.0000000e+00   1.0000000e+00   0.0000000e+00
  -7.6349651e+01  -1.3250000e+01  -4.6750738e+01   0.0000000e+00   1.0000000e+00   0.0000000e+00
   9.8389638e-01   1.3250000e+01   6.0430025e+01   0.0000000e+00  -1.0000000e+00   0.0000000e+00
   5.5083943e+01   1.3250000e+01   2.9494129e+01   0.0000000e+00  -1.0000000e+00   0.0000000e+00
  -2.2850503e+00   1.3250000e+01   7.3495393e+01   0.0000000e+00  -1.0000000e+00   0.0000000e+00
  -8.1910481e-02   1.3250000e+01   7.3722555e+01   0.0000000e+00  -1.0000000e+00   0.0000000e+00
   5.3634025e-01   1.3250000e+01   6.8142616e+01   0.0000000e+00  -1.0000000e+00   0.0000000e+00
  -1.5676141e+00   1.3250000e+01   6.7852960e+01   0.0000000e+00  -1.0000000e+00   0.0000000e+00
  -2.7142874e+00   1.3250000e+01   6.6806269e+01   0.0000000e+00  -1.0000000e+00   0.0000000e+00
  -7.7166413e+00   1.3250000e+01   6.8685428e+01   0.0000000e+00  -1.0000000e+00   0.0000000e+00
  -3.5215928e+00   1.3250000e+01   6.2439709e+01   0.0000000e+00  -1.0000000e+00  -0.0000000e+00
  -4.0110666e+00   1.3250000e+01   6.4100215e+01   0.0000000e+00  -1.0000000e+00  -0.0000000e+00
  -8.0041009e+01   1.3250000e+01   5.1779931e+01   0.0000000e+00  -1.0000000e+00   0.0000000e+00
   2.4429066e+00   1.3250000e+01   7.3457168e+01   0.0000000e+00  -1.0000000e+00   0.0000000e+00
   2.2042492e+00   1.3250000e+01   6.7427902e+01   0.0000000e+00  -1.0000000e+00   0.0000000e+00
   3.0548109e+00   1.3250000e+01   6.6030019e+01   0.0000000e+00  -1.0000000e+00   0.0000000e+00
  -5.5270677e+01   1.3250000e+01   2.9824503e+01   0.0000000e+00  -1.0000000e+00   0.0000000e+00
  -1.8291663e+00   1.3250000e+01   6.0676861e+01   0.0000000e+00  -1.0000000e+00  -0.0000000e+00
  -2.7442995e-01   1.3250000e+01  -7.0839430e+00   0.0000000e+00  -1.0000000e+00   0.0000000e+00
   2.9444743e+00   1.3250000e+01   6.1778270e+01   0.0000000e+00  -1.0000000e+00   0.0000000e+00
   3.8868098e+00   1.3250000e+01   6.3234924e+01   0.0000000e+00  -1.0000000e+00   0.0000000e+00
   8.1756918e+00   1.3250000e+01   6.8148457e+01   0.0000000e+00  -1.0000000e+00   0.0000000e+00
   8.0041009e+01   1.3250000e+01   5.1779931e+01   0.0000000e+00  -1.0000000e+00   0.0000000e+00
  -7.6500000e+01  -1.4239745e+01   5.0510255e+01   1.0000000e+00  -0.0000000e+00   0.0000000e+00
  -7.6500000e+01  -1.4260255e+01  -4.5010255e+01   1.0000000e+00   0.0000000e+00   0.0000000e+00
   7.6500000e+01  -1.4239745e+01  -4.5010255e+01  -1.0000000e+00   0.0000000e+00   0.0000000e+00
   7.6500000e+01  -1.4260255e+01   5.0510255e+01  -1.0000000e+00  -0.0000000e+00   0.0000000e+00
   7.5506536e+01  -1.4243464e+01  -4.6000000e+01  -0.0000000e+00   0.0000000e+00   1.0000000e+00
  -7.5506536e+01  -1.4256536e+01  -4.6000000e+01   0.0000000e+00   0.0000000e+00   1.0000000e+00
  -7.6500000e+01   7.9530146e+00  -4.9296985e+01   1.0000000e+00  -0.0000000e+00   0.0000000e+00
  -7.6500000e+01  -7.9530146e+00  -4.9703015e+01   1.0000000e+00   0.0000000e+00   0.0000000e+00
   7.6500000e+01   7.9530146e+00  -4.9703015e+01  -1.0000000e+00   0.0000000e+00   0.0000000e+00
   7.6500000e+01  -7.9530146e+00  -4.9296985e+01  -1.0000000e+00  -0.0000000e+00   0.0000000e+00
  -7.4526139e+01   9.7500000e+00  -4.9473861e+01   0.0000000e+00  -1.0000000e+00   0.0000000e+00
   7.4526139e+01   9.7500000e+00  -4.9526139e+01   0.0000000e+00  -1.0000000e+00  -0.0000000e+00
   7.4526139e+01  -9.7500000e+00  -4.9473861e+01   0.0000000e+00   1.0000000e+00  -0.0000000e+00
  -7.4526139e+01  -9.7500000e+00  -4.9526139e+01   0.0000000e+00   1.0000000e+00   0.0000000e+00
   8.1051823e+01   1.4262294e+01   5.1776629e+01   2.8007231e-01   0.0000000e+00   9.5997891e-01
   4.8726973e+00   1.4237706e+01   7.4001767e+01   2.8007231e-01   0.0000000e+00   9.5997891e-01
  -4.8726973e+00   1.4262294e+01   7.4001767e+01  -2.8007231e-01   0.0000000e+00   9.5997891e-01
  -8.1051823e+01   1.4237706e+01   5.1776629e+01  -2.8007231e-01   0.0000000e+00   9.5997891e-01
  -1.9784667e+00   1.4584501e+01   7.4692036e+01  -2.0790824e-01   0.0000000e+00   9.7814833e-01
  -3.2735633e+00   1.3915499e+01   7.4416759e+01  -2.0790824e-01   0.0000000e+00   9.7814833e-01
   3.2735633e+00   1.4584501e+01   7.4416759e+01   2.0790824e-01   0.0000000e+00   9.7814833e-01
   1.9784667e+00   1.3915499e+01   7.4692036e+01   2.0790824e-01   0.0000000e+00   9.7814833e-01
   6.6201167e-01   1.4584502e+01   7.4830399e+01  -0.0000000e+00   0.0000000e+00   1.0000000e+00
  -6.6201167e-01   1.3915498e+01   7.4830399e+01   0.0000000e+00   0.0000000e+00   1.0000000e+00
   3.0922964e+00   1.4690234e+01   6.4787091e+01  -9.5949328e-01   0.0000000e+00  -2.8173153e-01
   2.8917737e+00   1.3809766e+01   6.5470012e+01  -9.5949328e-01  -0.0000000e+00  -2.8173153e-01
   2.3110294e+00   1.3809759e+01   6.6373663e+01  -6.5485419e-01   0.0000000e+00  -7.5575525e-01
   1.7731407e+00   1.4690241e+01   6.6839738e+01  -6.5485419e-01   0.0000000e+00  -7.5575525e-01
  -3.1183500e+00   1.4690247e+01   6.4605851e+01   1.0000000e+00  -0.0000000e+00   0.0000000e+00
  -3.1183500e+00   1.3809753e+01   6.3894153e+01   1.0000000e+00   0.0000000e+00   0.0000000e+00
  -2.8157239e+00   1.4690232e+01   6.2863489e+01   8.4126181e-01  -0.0000000e+00   5.4062794e-01
  -2.4309261e+00   1.3809768e+01   6.2264712e+01   8.4126181e-01   0.0000000e+00   5.4062794e-01
  -2.4309263e+00   1.4690233e+01   6.6235289e+01   8.4126120e-01   0.0000000e+00  -5.4062889e-01
  -2.8157236e+00   1.3809767e+01   6.5636514e+01   8.4126120e-01   0.0000000e+00  -5.4062889e-01
   7.9603506e-01   1.3809762e+01   6.7285958e+01  -1.4230896e-01   0.0000000e+00  -9.8982229e-01
   9.1541971e-02   1.4690238e+01   6.7387245e+01  -1.4230896e-01   0.0000000e+00  -9.8982229e-01
  -9.7170271e-01   1.3809761e+01   6.7234379e+01   4.1540110e-01   0.0000000e+00  -9.0963835e-01
  -1.6191203e+00   1.4690239e+01   6.6938725e+01   4.1540110e-01   0.0000000e+00  -9.0963835e-01
   2.3110297e+00   1.4690241e+01   6.2126340e+01  -6.5485538e-01   0.0000000e+00   7.5575422e-01
   1.7731404e+00   1.3809759e+01   6.1660263e+01  -6.5485538e-01   0.0000000e+00   7.5575422e-01
   2.8917738e+00   1.4690235e+01   6.3029991e+01  -9.5949311e-01   0.0000000e+00   2.8173209e-01
   3.0922963e+00   1.3809765e+01   6.3712909e+01  -9.5949311e-01   0.0000000e+00   2.8173209e-01
  -9.7170291e-01   1.4690240e+01   6.1265624e+01   4.1539937e-01   0.0000000e+00   9.0963914e-01
  -1.6191201e+00   1.3809760e+01   6.1561276e+01   4.1539937e-01   0.0000000e+00   9.0963914e-01
   7.9603498e-01   1.4690238e+01   6.1214043e+01  -1.4230692e-01   0.0000000e+00   9.8982258e-01
   9.1542048e-02   1.3809762e+01   6.1112758e+01  -1.4230692e-01   0.0000000e+00   9.8982258e-01
