   5.8578644e+00  -5.8578644e+00   0.0000000e+00  -0.0000000e+00   0.0000000e+00  -1.0000000e+00
   1.4142136e+01  -1.4142136e+01   0.0000000e+00   0.0000000e+00   0.0000000e+00  -1.0000000e+00
   1.4142136e+01  -2.0000000e+01   5.8578644e+00   0.0000000e+00  -1.0000000e+00  -0.0000000e+00
   5.8578644e+00  -2.0000000e+01   1.4142136e+01   0.0000000e+00  -1.0000000e+00   0.0000000e+00
   2.0000000e+01  -1.4142136e+01   5.8578644e+00   1.0000000e+00   0.0000000e+00   0.0000000e+00
   2.0000000e+01  -5.8578644e+00   1.4142136e+01   1.0000000e+00  -0.0000000e+00   0.0000000e+00
   5.8578644e+00  -1.4142136e+01   2.0000000e+01   0.0000000e+00   0.0000000e+00   1.0000000e+00
   1.4142136e+01  -5.8578644e+00   2.0000000e+01  -0.0000000e+00   0.0000000e+00   1.0000000e+00
   0.0000000e+00  -1.4142136e+01   1.4142136e+01  -1.0000000e+00  -0.0000000e+00   0.0000000e+00
   0.0000000e+00  -5.8578644e+00   5.8578644e+00  -1.0000000e+00   0.0000000e+00   0.0000000e+00
   5.8578644e+00   0.0000000e+00   5.8578644e+00   0.0000000e+00   1.0000000e+00   0.0000000e+00
   1.4142136e+01   0.0000000e+00   1.4142136e+01   0.0000000e+00   1.0000000e+00  -0.0000000e+00
