  -2.0779754e+00   1.7561795e+01   8.1188742e-01  -8.9579648e-01   2.5450163e-01   3.6438658e-01
  -1.7611592e+00   1.7667899e+01   7.2590960e-01  -8.3927715e-02   9.9020083e-01  -1.1161746e-01
  -2.0356509e+00   1.7544728e+01   9.1361951e-01  -8.5612972e-01   2.5543920e-01   4.4921345e-01
  -1.8594991e+00   1.7574916e+01   1.2046218e+00  -7.8497922e-01   4.0932325e-01   4.6503989e-01
  -1.7392506e+00   1.7582642e+01   1.3807716e+00  -7.6336176e-01   3.0700017e-01   5.6835703e-01
  -1.4178823e+00   1.7551613e+01   1.7186291e+00  -5.9712574e-01   2.5108067e-01   7.6183945e-01
  -1.3230353e+00   1.7540748e+01   1.8001155e+00  -6.2209524e-01   2.9637643e-01   7.2467822e-01
  -1.2327356e+00   1.7558746e+01   1.8552628e+00  -4.7970168e-01   2.8145897e-01   8.3106386e-01
  -9.7300312e-01   1.7566289e+01   2.0040971e+00  -4.9045736e-01   2.5831424e-01   8.3230123e-01
  -9.1943818e-01   1.7518101e+01   2.0464053e+00  -3.1996861e-01   2.5908940e-01   9.1131376e-01
  -8.5882486e-01   1.7563479e+01   2.0516382e+00  -2.7083791e-01   2.7757330e-01   9.2173743e-01
  -5.6071576e-01   1.7550126e+01   2.1528401e+00  -3.0048191e-01   4.2084103e-01   8.5592257e-01
  -3.6675387e-01   1.7581619e+01   2.1907476e+00  -1.7624980e-01   2.9569954e-01   9.3888114e-01
  -3.0659919e-01   1.7513089e+01   2.2194619e+00  -1.5116771e-01  -1.0873480e-03   9.8850753e-01
   2.3382576e-01   1.7553453e+01   2.2207647e+00   6.1729415e-02   2.5935441e-01   9.6380743e-01
   2.9421728e-01   1.7509364e+01   2.2272512e+00   2.1075867e-01   2.5942654e-01   9.4248536e-01
   3.4266392e-01   1.7552044e+01   2.2061883e+00   1.8271372e-01   2.5458268e-01   9.4963327e-01
   8.6021405e-01   1.7561903e+01   2.0448290e+00   4.3603083e-01   3.6097670e-01   8.2436214e-01
   9.9600455e-01   1.7557435e+01   1.9820655e+00   3.5965747e-01   4.1249818e-01   8.3695386e-01
   1.1190168e+00   1.7594163e+01   1.8955047e+00   4.8079419e-01   4.3279333e-01   7.6257910e-01
   1.4113591e+00   1.7528319e+01   1.7414632e+00   5.3845820e-01   2.6110855e-01   8.0117732e-01
   7.1582488e-01   1.7636714e+01   2.0534796e+00   2.2986361e-01   6.3978667e-01   7.3337285e-01
   5.6363311e-01   1.7623968e+01   2.1099417e+00   2.1076473e-01   6.3442458e-01   7.4369596e-01
  -1.2194666e-01   1.7592633e+01   2.2124190e+00  -4.4298209e-03   5.8447098e-01   8.1140252e-01
  -1.5859766e+00   1.7599451e+01   1.5436915e+00  -5.6765437e-01   5.6308836e-01   6.0058307e-01
   2.6399349e-01   1.7647479e+01   2.1413291e+00   3.0811515e-02   8.5132317e-01   5.2373610e-01
  -8.7525924e-01   1.7651243e+01   1.9737664e+00  -2.1263490e-01   8.1853641e-01   5.3365209e-01
  -1.0254723e+00   1.7656559e+01   1.8997475e+00  -2.6158917e-01   8.0010543e-01   5.3981701e-01
  -1.8526705e+00   1.7666371e+01   1.0771426e+00  -5.2007583e-01   8.1146754e-01   2.6653625e-01
  -2.0136040e+00   1.7637262e+01   8.2929019e-01  -4.5725581e-01   8.7391317e-01   1.6490269e-01
  -3.5568104e-01   1.7678361e+01   2.0453005e+00  -2.0681225e-02   9.8322060e-01   1.8124441e-01
  -1.2401617e+00   1.7663056e+01   1.7533937e+00  -2.4556601e-01   9.2707097e-01   2.8326092e-01
  -1.6578243e+00   1.7677907e+01   1.3106244e+00  -1.8822616e-01   9.6274070e-01   1.9416809e-01
   1.5261950e+00   8.0991574e+00   1.6323737e+00   6.3108346e-01  -2.4852421e-03   7.7571096e-01
   1.6921771e+00   1.3487956e+01   1.4669707e+00   7.5656671e-01   1.5910199e-03   6.5391459e-01
   1.8219251e+00   8.2404843e+00   1.2860570e+00   8.1696411e-01  -3.6445248e-03   5.7667700e-01
   1.9800736e+00   1.3409516e+01   1.0259921e+00   8.8787943e-01   3.6447610e-03   4.6006178e-01
   2.1013375e+00   8.2404801e+00   7.4681771e-01   9.4225438e-01  -3.6443770e-03   3.3487818e-01
   2.1834572e+00   1.3409517e+01   4.5372856e-01   9.7907686e-01   3.6445838e-03   2.0345813e-01
   2.2249032e+00   8.2404834e+00   1.5219192e-01   9.9766191e-01  -3.6447108e-03   6.8245415e-02
   2.2249034e+00   1.3409516e+01  -1.5218694e-01   9.9766203e-01   3.6447005e-03  -6.8243674e-02
   2.1834577e+00   8.2404855e+00  -4.5372534e-01   9.7907741e-01  -3.6445919e-03  -2.0345550e-01
   2.1013376e+00   1.3409516e+01  -7.4681653e-01   9.4225476e-01   3.6445398e-03  -3.3487713e-01
   1.9800755e+00   8.2404815e+00  -1.0259903e+00   8.8788009e-01  -3.6446335e-03  -4.6006049e-01
   1.8219255e+00   1.3409516e+01  -1.2860577e+00   8.1696448e-01   3.6445340e-03  -5.7667647e-01
   1.2926905e+00   1.7375055e+01  -1.8348417e+00   5.7666797e-01  -2.1889523e-03  -8.1697568e-01
   1.4328536e+00   1.3702753e+01  -1.7198636e+00   6.0451598e-01  -3.2921520e-03  -7.9658621e-01
   1.2960107e+00   8.0989293e+00  -1.8198033e+00   5.1957615e-01   5.2471216e-03  -8.5440804e-01
   1.5951270e+00   1.3633805e+01  -1.5852370e+00   7.1017668e-01  -2.0558555e-03  -7.0402050e-01
   1.6298401e+00   8.2404848e+00  -1.5221615e+00   7.3083179e-01  -3.6447903e-03  -6.8254788e-01
  -2.0521446e+00   8.1003621e+00  -8.8268847e-01  -8.8787283e-01   5.8534350e-03  -4.6005171e-01
  -2.1981466e+00   1.6678460e+01  -4.7956599e-01  -9.7708092e-01  -2.0584147e-03  -2.1285828e-01
  -2.1831141e+00   8.2458300e+00  -4.5366013e-01  -9.7908042e-01  -2.3949722e-03  -2.0345957e-01
  -2.2245529e+00   1.6404167e+01  -1.5216380e-01  -9.9766605e-01   2.3951977e-03  -6.8240108e-02
  -2.1523753e+00   8.1005176e+00   6.0033078e-01  -9.4226135e-01  -6.2568931e-04   3.3487781e-01
  -2.2189207e+00   1.6528395e+01   3.2939366e-01  -9.8933396e-01   3.3684835e-04   1.4566466e-01
  -2.2245536e+00   8.2458391e+00   1.5215959e-01  -9.9766597e-01  -2.3949113e-03   6.8241242e-02
  -2.1438478e+00   1.7390021e+01   6.5331842e-01  -9.5288050e-01   1.5017066e-03   3.0334222e-01
  -2.1349436e+00   1.6658637e+01   6.8076418e-01  -9.5105150e-01  -1.4476023e-03   3.0902905e-01
  -2.0494437e+00   8.1007462e+00   8.9048698e-01  -9.4225945e-01  -1.8094637e-03   3.3487886e-01
  -1.9770841e+00   1.7291433e+01   1.0540453e+00  -8.8246363e-01   9.9988542e-04   4.7037957e-01
  -1.9089069e+00   8.1007436e+00   1.1615384e+00  -8.1696613e-01  -2.0734882e-03   5.7668192e-01
  -1.7501343e+00   1.7317391e+01   1.3980382e+00  -7.8028354e-01  -1.6093776e-03   6.2542386e-01
  -1.7308859e+00   8.1007311e+00   1.4130425e+00  -8.1697205e-01   5.8304389e-04   5.7667697e-01
  -1.5174719e+00   1.7388825e+01   1.6498188e+00  -6.5131017e-01  -4.1352826e-04   7.5881150e-01
  -1.5237631e+00   8.1007307e+00   1.6341195e+00  -6.3108605e-01  -1.2600697e-03   7.7571181e-01
  -1.3578481e+00   1.7425895e+01   1.7867726e+00  -6.5135955e-01  -1.2589813e-03   7.5876818e-01
  -1.1262213e+00   1.7295848e+01   1.9356646e+00  -4.9990719e-01  -4.1387134e-03   8.6606909e-01
  -1.2823123e+00   8.1006113e+00   1.8292859e+00  -6.3107913e-01   5.2701035e-03   7.7570056e-01
  -9.1772941e-01   1.7476761e+01   2.0520505e+00  -3.3127796e-01  -4.0964424e-03   9.4352431e-01
  -1.0264172e+00   8.1007301e+00   1.9846982e+00  -3.9840088e-01  -1.7917617e-03   9.1720964e-01
  -7.2335963e-01   1.7318101e+01   2.1200441e+00  -3.3124246e-01  -1.7850108e-03   9.4354398e-01
  -7.4430232e-01   8.1007115e+00   2.1067779e+00  -3.9840104e-01   1.0088019e-03   9.1721077e-01
  -4.2732177e-01   1.7380100e+01   2.2008989e+00  -1.5116776e-01  -7.1816033e-04   9.8850786e-01
  -4.5287072e-01   8.1007301e+00   2.1879371e+00  -1.3616268e-01  -1.2049362e-03   9.9068576e-01
  -2.1919709e-01   1.7432895e+01   2.2327291e+00  -1.5113763e-01  -1.2045707e-03   9.8851200e-01
   6.9012309e-02   1.7317803e+01   2.2384048e+00   3.4106391e-02  -4.5701131e-03   9.9940776e-01
  -1.4476285e-01   8.1005952e+00   2.2291987e+00  -1.3617075e-01   5.9469317e-03   9.9066753e-01
   2.9520974e-01   1.7489339e+01   2.2295552e+00   2.1822788e-01  -4.6617625e-03   9.7588670e-01
   1.5423301e-01   8.1007302e+00   2.2291052e+00   1.3617188e-01  -1.9975308e-03   9.9068321e-01
   4.9497537e-01   1.7326988e+01   2.1845534e+00   2.1836983e-01  -1.9891891e-03   9.7586406e-01
   4.5907667e-01   8.1007135e+00   2.1866799e+00   1.3616548e-01   1.4524280e-03   9.9068504e-01
   7.9088898e-01   1.7412816e+01   2.0984459e+00   3.9505042e-01  -1.0622305e-03   9.1865883e-01
   7.4987293e-01   8.1007303e+00   2.1047177e+00   3.9839937e-01  -1.1792975e-03   9.1721129e-01
   9.8345392e-01   1.7401035e+01   2.0156390e+00   3.9481189e-01  -1.1792731e-03   9.1876122e-01
   1.0293244e+00   8.1007475e+00   1.9833487e+00   3.9840018e-01  -1.2611694e-03   9.1721083e-01
   1.2471142e+00   1.7296645e+01   1.8612687e+00   5.5780873e-01   7.7424992e-04   8.2996917e-01
   1.2900298e+00   8.1007288e+00   1.8244532e+00   6.3108896e-01  -2.1756762e-03   7.7570742e-01
   1.4827418e+00   1.3699361e+01   1.6845199e+00   6.2301802e-01  -2.1734348e-03   7.8220447e-01
   1.4865910e+00   1.7447863e+01   1.6866541e+00   6.6006005e-01   2.3881986e-06   7.5121284e-01
   1.0344089e+00   1.7375052e+01  -1.9919056e+00   4.6007412e-01  -2.1889131e-03  -8.8787781e-01
   1.0251900e+00   8.1007305e+00  -1.9854074e+00   5.1958338e-01  -1.0232802e-08  -8.5441975e-01
   7.5404757e-01   1.7348922e+01  -2.1143175e+00   3.3487779e-01  -2.6146870e-08  -9.4226157e-01
   7.4661970e-01   8.1007307e+00  -2.1060354e+00   2.6979715e-01  -2.1943430e-03  -9.6291468e-01
   4.5903451e-01   1.7348922e+01  -2.1969820e+00   2.0345840e-01  -2.1892373e-03  -9.7908114e-01
   4.5151656e-01   8.1007318e+00  -2.1883764e+00   2.6979854e-01   3.0310203e-08  -9.6291679e-01
   1.5564970e-01   1.7348924e+01  -2.2393531e+00   6.8240988e-02   7.6664544e-09  -9.9766887e-01
   1.5072474e-01   8.1010773e+00  -2.2396903e+00   6.8242672e-02   6.1943541e-08  -9.9766875e-01
  -1.5072531e-01   1.7348922e+01  -2.2396899e+00  -6.8240037e-02   8.7498536e-08  -9.9766893e-01
  -1.5565020e-01   8.1010758e+00  -2.2393534e+00  -6.8243042e-02  -9.3703916e-09  -9.9766873e-01
  -4.5429316e-01   1.7348923e+01  -2.1983054e+00  -2.0345966e-01  -2.7936865e-08  -9.7908333e-01
  -4.5633694e-01   8.1007298e+00  -2.1873698e+00  -2.6979475e-01  -2.1942717e-03  -9.6291535e-01
  -7.4930839e-01   1.7348923e+01  -2.1156517e+00  -3.3487447e-01  -2.1891557e-03  -9.4226020e-01
  -7.5126122e-01   8.1007292e+00  -2.1043921e+00  -2.6980016e-01  -1.2815225e-07  -9.6291634e-01
  -1.0305423e+00   1.7348923e+01  -1.9942201e+00  -4.6006737e-01  -1.4322229e-07  -8.8788401e-01
  -1.0295591e+00   8.1007302e+00  -1.9831377e+00  -5.1958188e-01  -2.1944382e-03  -8.5441785e-01
  -1.2923173e+00   1.7348924e+01  -1.8350367e+00  -5.7668055e-01  -2.1893295e-03  -8.1696680e-01
  -1.2911601e+00   8.1007311e+00  -1.8236675e+00  -5.1958427e-01   9.2246401e-09  -8.5441921e-01
  -1.5303604e+00   1.7348924e+01  -1.6422333e+00  -6.8254659e-01   3.1668524e-08  -7.3084208e-01
  -1.5264249e+00   8.1007295e+00  -1.6318259e+00  -7.3083281e-01  -2.1945828e-03  -6.8255299e-01
  -1.7394817e+00   1.7348921e+01  -1.4183261e+00  -7.7571640e-01  -2.1894563e-03  -6.3107787e-01
  -1.7352999e+00   8.1007304e+00  -1.4076907e+00  -7.3083757e-01   1.1807521e-07  -6.8255142e-01
  -1.9166790e+00   1.7348923e+01  -1.1684465e+00  -8.5441782e-01   8.2442264e-08  -5.1958656e-01
  -1.9100823e+00   8.1007310e+00  -1.1594890e+00  -8.8788096e-01  -2.1942784e-03  -4.6006802e-01
  -2.0565507e+00   1.7352173e+01  -8.9949657e-01  -9.1661160e-01  -2.1893804e-03  -3.9977291e-01
  -2.1495560e+00   1.6680432e+01  -6.4200982e-01  -9.5505452e-01  -5.6242124e-03  -2.9637684e-01
  -2.1616491e+00   1.7395041e+01  -6.0980726e-01  -9.5987857e-01   1.7209263e-05  -2.8041601e-01
   1.4859647e+00   1.7443961e+01  -1.6712433e+00   7.4880609e-01   5.6748331e-03  -6.6276484e-01
   1.4707913e+00   1.7656964e+01  -1.5549780e+00   3.3999953e-01   8.6067045e-01  -3.7900751e-01
  -2.0974528e+00   1.7618453e+01  -5.8656711e-01  -8.0088301e-01   5.4289021e-01  -2.5269868e-01
  -2.1003761e+00   1.7536442e+01  -7.4530257e-01  -8.2117949e-01   5.0157919e-01  -2.7218111e-01
  -1.9957141e+00   1.7552504e+01  -9.9188259e-01  -8.6110462e-01   3.4271057e-01  -3.7556397e-01
  -1.9320236e+00   1.7560698e+01  -1.1072135e+00  -8.1652549e-01   2.9450059e-01  -4.9654357e-01
  -1.7995688e+00   1.7580502e+01  -1.2817373e+00  -7.0272626e-01   4.4582858e-01  -5.5444808e-01
  -1.6440447e+00   1.7547584e+01  -1.5018150e+00  -7.0593102e-01   4.1453071e-01  -5.7430453e-01
  -1.5279287e+00   1.7561968e+01  -1.6157795e+00  -6.4645738e-01   3.2086922e-01  -6.9219636e-01
  -1.3815506e+00   1.7571807e+01  -1.7311782e+00  -5.3232756e-01   4.2872393e-01  -7.2994736e-01
  -1.1701183e+00   1.7531655e+01  -1.9060781e+00  -5.3484799e-01   3.7392036e-01  -7.5770786e-01
  -1.0167136e+00   1.7546308e+01  -1.9920870e+00  -4.5292521e-01   1.7552010e-01  -8.7410036e-01
  -8.7740009e-01   1.7553226e+01  -2.0495540e+00  -3.0759698e-01   3.4584429e-01  -8.8643997e-01
  -6.1247371e-01   1.7531655e+01  -2.1510891e+00  -3.1058432e-01   3.7391577e-01  -8.7391326e-01
  -4.4155676e-01   1.7546308e+01  -2.1925192e+00  -2.0030077e-01   1.7552965e-01  -9.6388222e-01
  -2.9190159e-01   1.7553225e+01  -2.2102694e+00  -5.7032983e-02   3.4585727e-01  -9.3655218e-01
  -9.4023837e-03   1.7531654e+01  -2.2365644e+00  -6.3289645e-02   3.7393182e-01  -9.2529423e-01
   1.6635988e-01   1.7546307e+01  -2.2303449e+00   6.7181512e-02   1.7552771e-01  -9.8217955e-01
   3.1495138e-01   1.7552946e+01  -2.2082911e+00   1.8706326e-01   3.3206312e-01  -9.2452227e-01
   5.9133492e-01   1.7533897e+01  -2.1584138e+00   1.9322980e-01   3.1308825e-01  -9.2985913e-01
   7.2221260e-01   1.7545045e+01  -2.1176159e+00   3.3026736e-01   1.6536452e-01  -9.2928900e-01
   8.9743972e-01   1.7542417e+01  -2.0487049e+00   3.8803176e-01   2.9918907e-01  -8.7173233e-01
   1.4049740e+00   1.7544563e+01  -1.7391078e+00   5.9529640e-01   3.0421980e-01  -7.4368845e-01
  -9.9775180e-01   1.7645915e+01  -1.9277047e+00  -3.3854599e-01   7.7915212e-01  -5.2754961e-01
  -7.9525638e-01   1.7649017e+01  -2.0209680e+00  -2.6009096e-01   6.0872687e-01  -7.4953605e-01
  -4.1758336e-01   1.7652469e+01  -2.1031925e+00  -6.1177835e-02   8.5248817e-01  -5.1915430e-01
   1.3642174e-01   1.7641509e+01  -2.1700462e+00  -3.8409707e-02   7.7502435e-01  -6.3076299e-01
   2.9682877e-01   1.7647097e+01  -2.1509711e+00   1.4710745e-01   6.8344667e-01  -7.1502450e-01
   6.8860422e-01   1.7651500e+01  -2.0409963e+00   1.7881592e-01   8.1779480e-01  -5.4702517e-01
   1.0180246e+00   1.7628248e+01  -1.9306952e+00   3.4043519e-01   6.5007070e-01  -6.7934672e-01
   1.1750073e+00   1.7620035e+01  -1.8457716e+00   4.1632071e-01   6.8968569e-01  -5.9246157e-01
  -1.8645544e+00   1.7664632e+01  -1.0396409e+00  -1.5751271e-01   9.7968168e-01  -1.2415133e-01
  -1.4055558e+00   1.7676338e+01  -1.4854566e+00  -1.2396260e-01   9.8647113e-01  -1.0727527e-01
  -4.5817585e-01   1.7699951e+01  -1.3823988e+00  -7.7944903e-05   9.9999996e-01  -2.6865084e-04
   1.4152110e+00   1.7699993e+01  -2.3503928e-01   5.6649025e-05   1.0000000e+00  -4.8463849e-06
  -7.5720544e-01   1.7699955e+01  -1.2204188e+00  -1.8517239e-04   9.9999995e-01  -2.4206470e-04
   1.1391254e+00   1.7699798e+01  -1.4502175e+00  -3.2162250e-04   9.9999965e-01  -7.7394618e-04
   1.0787010e+00   1.7699998e+01  -9.7811516e-01   1.5861555e-05   1.0000000e+00  -2.5315256e-05
   1.2479632e+00   1.7699999e+01  -6.7192216e-01   4.2872808e-05   1.0000000e+00  -8.1173115e-06
   1.3176089e+00   1.7700000e+01   2.3479748e-01   2.8022800e-05   1.0000000e+00  -2.7892014e-11
   1.2487862e+00   1.7699999e+01   6.7099479e-01   1.0730375e-05   1.0000000e+00   4.1697038e-06
   1.2693425e+00   1.7699546e+01   1.3386707e+00  -1.7124297e-03   9.9999790e-01   1.1295868e-03
   9.3304711e-01   1.7699715e+01   1.0776697e+00   1.5345991e-03   9.9999784e-01   1.3994166e-03
   8.0498506e-01   1.7699289e+01   1.7992177e+00   3.8152540e-03   9.9999239e-01   8.1819614e-04
   5.5372937e-01   1.7699981e+01   1.3387970e+00   5.0310059e-05   9.9999999e-01   1.1081643e-04
   2.3298326e-01   1.7699980e+01   1.4276102e+00   1.0881997e-05   9.9999999e-01   1.2297663e-04
  -1.2106227e+00   1.7699956e+01  -1.0759848e+00  -2.1334828e-06   9.9999998e-01  -2.1296008e-04
  -1.2524281e+00   1.7699933e+01  -6.3316559e-01   2.7708585e-04   9.9999977e-01   6.2086922e-04
   1.5049577e-01   1.7699865e+01  -1.4506138e+00   6.6482280e-05   9.9999972e-01  -7.5129879e-04
  -2.0230171e-01   1.7699719e+01  -1.7721395e+00   3.0331562e-04   9.9999975e-01  -6.3657099e-04
   6.6863154e-01   1.7699882e+01  -1.2958403e+00   2.9263387e-04   9.9999978e-01  -5.9229443e-04
   5.4729368e-01   1.7699588e+01  -1.7585582e+00   1.4208007e-04   9.9999970e-01  -7.5866425e-04
  -5.0843936e-01   1.7699996e+01   1.3515458e+00  -7.5060176e-06   1.0000000e+00   2.5870642e-05
  -1.6664549e-01   1.7699967e+01   1.6623898e+00   3.8659804e-05   9.9999999e-01   9.6078287e-05
  -8.0407439e-01   1.7699996e+01   1.2046930e+00  -1.6068059e-05   1.0000000e+00   2.1004865e-05
  -1.1710853e+00   1.7699552e+01   7.5396069e-01  -6.8441026e-04   9.9999619e-01  -2.6754277e-03
  -1.2487142e+00   1.7699963e+01   1.2124256e+00  -1.1057914e-04   9.9999999e-01   1.9555379e-05
   1.2181554e+00   1.0876507e-01   6.4663734e-01   7.9116275e-01  -5.4922121e-01   2.6910512e-01
   1.0699839e+00   4.5292590e-02  -6.7716400e-01   2.6434072e-01  -9.3547475e-01  -2.3454419e-01
   5.2710970e-02   5.0809535e-02  -1.3421093e+00   1.8724635e-01  -7.5555613e-01  -6.2775293e-01
  -1.1658995e+00   8.6700725e-02  -7.3331168e-01  -4.2678298e-01  -8.7539338e-01  -2.2703021e-01
  -1.1440974e+00   4.7221951e-02  -6.0138799e-01  -4.0529780e-01  -8.9373218e-01  -1.9229269e-01
  -1.1387820e+00   6.0558120e-02   6.6757021e-01  -5.0274782e-01  -7.9064249e-01   3.4946973e-01
   5.4469408e-02   3.4667202e-02   1.2541721e+00   5.2448173e-02  -9.6521740e-01   2.5613386e-01
   1.1032330e+00   5.0907607e-02   6.9633390e-01   4.1372075e-01  -8.6095112e-01   2.9597013e-01
  -5.3321331e-02   8.0515497e-02   1.3731567e+00  -1.8406065e-01  -6.7474668e-01   7.1472974e-01
  -2.7097377e-03   1.5045269e-01   1.3968427e+00   1.2823885e-02  -4.7430150e-03   9.9990652e-01
   4.2357124e-05   1.0863096e+00   1.4030891e+00  -2.5572991e-02  -8.9345764e-03   9.9963303e-01
   1.2097430e+00   1.8115166e-01   7.0182317e-01   8.6404959e-01  -5.2056201e-04   5.0340644e-01
   1.2124927e+00   1.0684942e+00   7.0178333e-01   8.4509368e-01  -4.8748636e-03   5.3459603e-01
   1.2135736e+00   1.8617877e-01  -6.9511167e-01   8.6369857e-01  -7.0760918e-05  -5.0400871e-01
   1.2097232e+00   1.0618853e+00  -7.0236781e-01   8.6620182e-01  -6.3256779e-04  -4.9969391e-01
  -3.9058054e-02   1.5641693e-01  -1.3787602e+00  -2.2945397e-01  -2.6878999e-02  -9.7294830e-01
  -1.0594771e-03   1.1280552e+00  -1.4063400e+00  -4.2577223e-02  -8.9322071e-03  -9.9905325e-01
  -1.2086204e+00   1.5496186e-01  -7.0244372e-01  -8.6212743e-01  -1.4158597e-03  -5.0668955e-01
  -1.2126477e+00   1.0613228e+00  -6.9742367e-01  -8.6537827e-01  -6.7236368e-04  -5.0111874e-01
  -1.2117668e+00   1.0495512e+00   6.9989408e-01  -8.6643735e-01   9.5069801e-03   4.9919529e-01
  -1.2725322e-03   1.1830288e+00   1.4131406e+00   3.5747238e-02  -2.0045881e-01   9.7904974e-01
  -1.0584024e-01   1.2768484e+00   1.4310287e+00  -4.1344866e-02  -1.9519206e-01   9.7989319e-01
  -2.2992232e-01   1.6754664e+00   1.4826455e+00  -1.6542379e-01  -1.5635171e-01   9.7375002e-01
  -3.7295335e-01   1.3910051e+00   1.4050507e+00  -2.2405644e-01  -1.8983612e-01   9.5590845e-01
  -5.6305029e-01   1.3916562e+00   1.3429869e+00  -3.9389150e-01  -1.9466927e-01   8.9830583e-01
  -7.3616303e-01   1.3818253e+00   1.2486264e+00  -5.4271987e-01  -1.2311965e-01   8.3084096e-01
  -8.0071566e-01   1.6867990e+00   1.2700330e+00  -4.7517626e-01  -1.8728868e-01   8.5972697e-01
  -9.7094944e-01   1.3920615e+00   1.0842812e+00  -6.6889768e-01  -1.9289405e-01   7.1789121e-01
  -1.1012211e+00   1.3360092e+00   9.3374823e-01  -7.8425825e-01  -1.1977484e-01   6.0876349e-01
  -1.1547948e+00   1.6865143e+00   9.6016320e-01  -7.2705675e-01  -1.7729431e-01   6.6329120e-01
  -1.2404546e+00   1.3194131e+00   7.4107369e-01  -8.4876194e-01  -1.9004978e-01   4.9344124e-01
  -1.2091031e+00   1.1868817e+00   7.4043349e-01  -8.4181996e-01  -2.2432127e-01   4.9093698e-01
  -1.3294343e+00   1.3643476e+00   5.6899689e-01  -9.2189531e-01  -1.4525675e-01   3.5917895e-01
  -1.4075197e+00   1.6976986e+00   5.2626549e-01  -9.0177758e-01  -1.7832522e-01   3.9369699e-01
  -1.4307078e+00   1.3995768e+00   2.7659490e-01  -9.6849332e-01  -1.8809974e-01   1.6321515e-01
  -1.5005280e+00   1.7110305e+00   1.3611927e-01  -9.8429360e-01  -1.5370744e-01   8.6833954e-02
  -1.4597864e+00   1.4127795e+00  -4.3472881e-02  -9.8270563e-01  -1.8511646e-01   4.6404781e-03
  -1.4290713e+00   1.4226301e+00  -2.8057390e-01  -9.5537128e-01  -1.5417843e-01  -2.5198160e-01
  -1.4346101e+00   1.6941435e+00  -4.4381031e-01  -9.5817355e-01  -1.7085317e-01  -2.2959235e-01
  -1.2976192e+00   1.3580060e+00  -6.4735421e-01  -8.6234614e-01  -1.9163013e-01  -4.6865449e-01
  -1.1747715e+00   1.3347334e+00  -8.3424335e-01  -7.9554262e-01  -1.3599360e-01  -5.9043855e-01
  -1.1999671e+00   1.6780799e+00  -8.9848801e-01  -8.2010551e-01  -1.8065120e-01  -5.4294760e-01
  -1.2503516e+00   1.1971712e+00  -6.6324043e-01  -8.5719169e-01  -2.4005037e-01  -4.5562948e-01
  -1.0077949e+00   1.3928777e+00  -1.0508829e+00  -6.6808520e-01  -1.9780349e-01  -7.1731161e-01
  -8.4150125e-01   1.4012892e+00  -1.1836565e+00  -5.4603981e-01  -1.2802853e-01  -8.2791861e-01
  -8.2530395e-01   1.6908881e+00  -1.2567463e+00  -5.9620232e-01  -1.9642702e-01  -7.7843383e-01
  -5.4563335e-01   1.4202157e+00  -1.3521949e+00  -3.0381135e-01  -1.6441909e-01  -9.3843754e-01
  -4.2179920e-01   1.6870786e+00  -1.4418004e+00  -3.1539017e-01  -1.7403317e-01  -9.3286735e-01
  -1.9874533e-01   1.3415814e+00  -1.4285782e+00  -8.0897730e-02  -2.0086800e-01  -9.7627230e-01
  -1.8051106e-02   1.2091183e+00  -1.4135357e+00  -1.7747841e-02  -1.8296460e-01  -9.8295929e-01
  -9.7932692e-02   1.7496495e+00  -1.5199958e+00  -8.0753802e-02  -2.0907194e-01  -9.7456028e-01
   1.2886825e-01   1.3243065e+00  -1.4338413e+00   5.6888975e-02  -2.0147530e-01  -9.7784014e-01
   1.6025117e-01   1.7504810e+00  -1.5162181e+00   8.7559258e-02  -1.8790544e-01  -9.7827651e-01
   3.5426080e-01   1.3862560e+00  -1.4107657e+00   2.6183673e-01  -1.8565856e-01  -9.4708628e-01
   1.1993381e+00   1.1453706e+00  -7.3423290e-01   8.5318198e-01  -2.1212545e-01  -4.7653258e-01
   5.4241903e-01   1.3726584e+00  -1.3429342e+00   4.0861581e-01  -1.1201707e-01  -9.0580643e-01
   5.9735452e-01   1.6496314e+00  -1.3732971e+00   3.0847097e-01  -1.9900759e-01  -9.3018366e-01
   9.7414043e-01   1.6851439e+00  -1.1421320e+00   6.2300310e-01  -1.8462603e-01  -7.6011865e-01
   1.1996827e+00   1.6963126e+00  -8.9779690e-01   8.1053730e-01  -1.6867081e-01  -5.6087382e-01
   1.1623264e+00   1.3337443e+00  -8.5255286e-01   7.8725978e-01  -1.2502066e-01  -6.0381444e-01
   1.2697841e+00   1.3318937e+00  -6.8835501e-01   8.5437933e-01  -1.9077200e-01  -4.8336529e-01
   1.2456635e+00   1.1909291e+00  -6.7242048e-01   8.4964822e-01  -2.1857997e-01  -4.7991739e-01
   1.2254651e+00   1.2505140e+00   7.3436484e-01   8.8572999e-01  -1.8648146e-01   4.2509651e-01
   1.2745662e+00   1.2545584e+00   6.4533891e-01   8.3528634e-01  -2.0516141e-01   5.1010345e-01
   1.3716222e+00   1.6852623e+00   6.1188020e-01   9.0518006e-01  -1.5717092e-01   3.9490043e-01
   1.3748940e+00   1.3653219e+00   4.7037847e-01   9.1447182e-01  -1.7010283e-01   3.6715981e-01
   1.4862431e+00   1.6997660e+00   2.3095415e-01   9.7734823e-01  -1.9060713e-01   9.1974789e-02
   1.4568478e+00   1.4405219e+00   8.7384292e-02   9.7930872e-01  -1.5123373e-01   1.3447223e-01
   1.4816738e+00   1.6841033e+00  -2.3182865e-01   9.5098439e-01  -2.0618818e-01  -2.3046720e-01
   1.4171450e+00   1.4164105e+00  -3.1471024e-01   9.7934300e-01  -1.2219748e-01  -1.6110573e-01
   1.3574317e+00   1.3658137e+00  -5.1493808e-01   9.1879443e-01  -1.9971543e-01  -3.4048575e-01
   1.0964525e-01   1.2883593e+00   1.4299717e+00   4.5050640e-02  -1.9978652e-01   9.7880324e-01
   2.3260776e-01   1.6791301e+00   1.4826635e+00   1.6334809e-01  -1.5971695e-01   9.7355426e-01
   3.7378215e-01   1.3881802e+00   1.4040485e+00   2.2156406e-01  -1.9007069e-01   9.5644263e-01
   6.2912759e-01   1.6888716e+00   1.3644531e+00   4.6053949e-01  -1.8996015e-01   8.6707469e-01
   6.4135094e-01   1.3816865e+00   1.3000659e+00   3.9804066e-01  -1.2585359e-01   9.0869385e-01
   8.1540785e-01   1.3927995e+00   1.2068692e+00   5.3630266e-01  -1.9559267e-01   8.2104991e-01
   9.9907415e-01   1.7409365e+00   1.1396782e+00   7.1881441e-01  -1.8579286e-01   6.6991555e-01
   1.0073191e+00   1.3926328e+00   1.0453928e+00   6.7458007e-01  -1.5707453e-01   7.2129697e-01
   1.1837645e+00   1.7520519e+00   9.4832152e-01   7.2680700e-01  -1.5523082e-01   6.6907023e-01
   1.1593112e+00   1.3477330e+00   8.6811762e-01   7.7627699e-01  -1.8874435e-01   6.0147287e-01
  -7.2080032e-01   3.7651673e-04  -8.1969053e-01  -2.2375307e-03  -9.9999276e-01  -3.0793349e-03
   1.0501258e+00   1.4132502e-03   3.2175427e-01   1.2192763e-02  -9.9991782e-01   3.9617168e-03
  -3.6350457e-01   3.3981870e-04   1.0289702e+00  -1.3831207e-03  -9.9999422e-01   3.1063631e-03
  -6.3754680e-01   7.5320757e-04   9.4711360e-01  -3.8889942e-03  -9.9998240e-01   4.4805485e-03
  -7.6325175e-01   5.7567404e-04   7.8098889e-01  -4.1996369e-03  -9.9998403e-01   3.7813694e-03
  -1.7346369e-01   2.9532023e-04   1.0597161e+00   1.4250465e-07  -9.9999154e-01   4.1137274e-03
   9.6388626e-01   1.0557557e-03   5.7787303e-01   1.1064754e-02  -9.9993834e-01   9.4282343e-04
   7.3272022e-01  -1.3698963e-04   8.0275961e-01  -1.0855731e-03  -9.9999893e-01  -9.7764482e-04
   5.8456732e-01  -1.2384879e-04   9.0208788e-01  -6.8133069e-04  -9.9999860e-01  -1.5295959e-03
   2.2030302e-01   1.3128988e-04   1.0385634e+00  -5.4719964e-04  -9.9999620e-01   2.7031538e-03
   5.0536490e-01  -2.4071992e-04  -9.5290049e-01  -1.7677105e-03  -9.9999548e-01   2.4332838e-03
  -9.7758085e-01   1.5945521e-03   5.8411105e-01  -1.2371586e-02  -9.9991522e-01   4.0627484e-03
  -1.0546879e+00   1.3866346e-03   3.2808560e-01  -1.2673043e-02  -9.9990690e-01   5.0572614e-03
  -1.1420583e+00   5.8094013e-04   7.2199924e-02  -7.4241448e-03  -9.9993568e-01   8.5741696e-03
  -1.0821590e+00  -4.3731656e-04  -1.4673638e-01   2.5579515e-03  -9.9999644e-01  -7.6367251e-04
  -1.0462907e+00  -9.7084899e-05  -3.7258597e-01   2.1956811e-03  -9.9999645e-01  -1.5069261e-03
  -8.4117331e-01   3.4027394e-04  -6.7533603e-01  -3.7662210e-03  -9.9999054e-01  -2.1747583e-03
   7.9660665e-01   1.9283414e-04  -7.1607180e-01   3.6759362e-03  -9.9999307e-01  -5.8627959e-04
   1.0053653e+00   5.0835839e-04  -3.8943355e-01   5.6838235e-03  -9.9997846e-01  -3.2817661e-03
   1.0705757e+00   5.6508519e-04  -2.1275335e-01   5.6757708e-03  -9.9998371e-01  -5.9648319e-04
   1.1340612e+00   1.6097686e-03   9.1502081e-02   1.2792491e-02  -9.9991231e-01   3.4243983e-03
  -4.7204211e-01   2.9554855e-03  -1.0320596e+00  -2.5339554e-03  -9.9966924e-01  -2.5592795e-02
  -1.6239660e-01   3.3318646e-03  -1.0956631e+00  -5.8904125e-03  -9.9959859e-01  -2.7712230e-02
   7.0742692e-02   3.2301653e-03  -1.1563998e+00  -9.0328451e-03  -9.9961012e-01  -2.6420006e-02
   3.5374910e-01  -2.4807906e-04  -1.0226154e+00  -6.0062042e-04  -9.9999583e-01   2.8250153e-03
  -1.5404750e+00   2.3349022e+00  -1.0424187e-01  -9.9706549e-01   2.2319180e-02  -7.3227535e-02
  -1.5011843e+00   2.0354103e+00  -3.1742395e-01  -9.6857319e-01  -2.9715762e-02  -2.4694727e-01
  -1.4617173e+00   2.3349020e+00  -4.8389854e-01  -9.5913613e-01  -6.7042018e-03  -2.8286560e-01
  -1.1271499e+00   2.0144704e+00   1.0419463e+00  -7.3684981e-01  -3.3835554e-02   6.7520923e-01
  -1.2531984e+00   2.3160417e+00   8.9722447e-01  -8.0220419e-01   1.3148485e-02   5.9690498e-01
  -1.3776797e+00   2.0179793e+00   6.7348579e-01  -9.1589472e-01  -2.0873533e-02   4.0087550e-01
  -1.4357895e+00   2.3492398e+00   5.5701195e-01  -9.1688392e-01  -1.9197943e-02   3.9869200e-01
  -1.5130801e+00   2.0277409e+00   2.3914128e-01  -9.9484382e-01   1.4918537e-02   1.0031559e-01
  -1.5276485e+00   2.3719786e+00   1.6975067e-01  -9.8325824e-01  -5.4427334e-02   1.7389910e-01
   2.2982954e-01   2.0190071e+00   1.5163656e+00   1.6887376e-01  -3.3949157e-02   9.8505285e-01
   3.7516849e-04   2.3319428e+00   1.5413274e+00  -1.3510297e-03   1.8056070e-02   9.9983606e-01
  -2.2491491e-01   2.0146990e+00   1.5163866e+00  -1.7155348e-01  -3.3673366e-02   9.8459916e-01
  -3.9180988e-01   2.3412451e+00   1.4900973e+00  -2.2355404e-01  -4.0982070e-03   9.7468292e-01
  -6.4569014e-01   2.3617062e+00   1.3984891e+00  -4.5164225e-01  -7.9325550e-03   8.9216386e-01
  -7.7892856e-01   2.0113349e+00   1.3206447e+00  -4.8065828e-01  -2.6601097e-02   8.7650442e-01
  -9.8564750e-01   2.3359663e+00   1.1854485e+00  -6.4657946e-01   1.3698248e-02   7.6272364e-01
   1.0494785e+00   1.9557277e+00   1.1208050e+00   7.2634542e-01  -3.6962882e-02   6.8633525e-01
   9.6956540e-01   2.3330462e+00   1.1997518e+00   6.3204143e-01   1.1611084e-02   7.7484760e-01
   7.6915989e-01   2.0003262e+00   1.3268435e+00   4.6839981e-01  -2.1673567e-02   8.8325074e-01
   6.5046208e-01   2.3383186e+00   1.3956705e+00   4.5681331e-01  -1.3217386e-02   8.8946439e-01
   4.0116326e-01   2.3645323e+00   1.4889236e+00   2.3441050e-01  -1.7542749e-03   9.7213612e-01
   1.4951561e+00   2.0091717e+00  -3.3429468e-01   9.7020784e-01  -3.5354698e-02  -2.3968062e-01
   1.5376185e+00   2.3530201e+00  -9.9936595e-02   9.9814700e-01   1.4844054e-02  -5.9010285e-02
   1.5299737e+00   2.0154879e+00   1.2330777e-01   9.9575220e-01  -2.9831554e-02   8.7107025e-02
   1.5107692e+00   2.3387351e+00   3.0555701e-01   9.8426416e-01   1.0710759e-02   1.7637841e-01
   1.4397634e+00   2.3450891e+00   5.4686883e-01   9.1895075e-01  -1.6591937e-02   3.9402312e-01
   1.3797520e+00   2.0240937e+00   6.6939374e-01   9.1586167e-01  -2.1572481e-02   4.0091399e-01
   1.2365176e+00   1.9521053e+00   9.1043325e-01   7.3549654e-01   2.4934876e-02   6.7706948e-01
   1.2057456e+00   2.3582229e+00   9.5327737e-01   8.0262347e-01  -3.1579175e-02   5.9564949e-01
   1.1170194e+00   2.3339311e+00  -1.0627153e+00   7.2853559e-01   2.1130558e-02  -6.8468197e-01
   1.2503510e+00   2.0360053e+00  -8.8638285e-01   8.3159563e-01  -3.7277202e-02  -5.5412915e-01
   1.3535198e+00   2.3393032e+00  -7.3480838e-01   8.6406754e-01  -3.6550724e-03  -5.0336262e-01
   1.4610779e+00   2.3671101e+00  -4.9164970e-01   9.5616362e-01  -6.8625897e-03  -2.9275252e-01
  -1.3580553e+00   2.3644553e+00  -7.2937979e-01  -8.6822642e-01  -2.4487715e-03  -4.9616216e-01
  -1.2625034e+00   2.0151240e+00  -8.6855775e-01  -8.3335370e-01  -3.5723624e-02  -5.5158448e-01
  -1.1208365e+00   2.3299603e+00  -1.0575879e+00  -7.2670304e-01   1.5730580e-02  -6.8677161e-01
  -9.5263116e-01   2.0034570e+00  -1.2027087e+00  -6.0742104e-01  -3.1442456e-02  -7.9375755e-01
  -8.1740696e-01   2.3381001e+00  -1.3058594e+00  -5.5123288e-01   4.3370790e-03  -8.3434016e-01
  -5.7764980e-01   2.3673370e+00  -1.4277012e+00  -3.4107407e-01  -1.2215475e-02  -9.3995705e-01
  -4.4527692e-01   2.0153217e+00  -1.4674991e+00  -3.2460725e-01  -2.2636406e-02  -9.4557798e-01
  -1.7080552e-01   1.9516437e+00  -1.5338783e+00  -8.2562443e-02   1.9620134e-02  -9.9639274e-01
  -1.2534400e-01   2.3288765e+00  -1.5352405e+00  -1.1709007e-01  -3.9372391e-05  -9.9312130e-01
   1.0442067e-01   1.9580021e+00  -1.5408895e+00   8.6682578e-02   2.3117339e-04  -9.9623595e-01
   1.9283190e-01   2.3330071e+00  -1.5302175e+00   1.0615235e-01   9.3056027e-03  -9.9430633e-01
   4.4102327e-01   1.9905070e+00  -1.4658642e+00   3.4559567e-01  -2.1795504e-02  -9.3813037e-01
   5.7864617e-01   2.3333029e+00  -1.4245821e+00   3.3715240e-01  -2.7046279e-02  -9.4106150e-01
   8.6575886e-01   1.9806437e+00  -1.2602727e+00   5.9178871e-01  -5.0957582e-04  -8.0609296e-01
   9.0366113e-01   2.3619677e+00  -1.2444063e+00   5.4503179e-01  -5.3344341e-02  -8.3671663e-01
   8.4304790e-01   2.4685666e+00   1.2774785e+00   4.6218127e-01   5.3924079e-01   7.0399421e-01
  -1.5071550e+00   2.4672775e+00  -2.6443023e-01  -8.2747971e-01   5.4109789e-01  -1.4996800e-01
  -7.3000709e-04   2.4658235e+00  -1.5296473e+00  -4.8879890e-03   5.5047485e-01  -8.3483743e-01
   6.8512206e-01   2.4739986e+00  -1.3689358e+00   3.2970991e-01   6.5410265e-01  -6.8076509e-01
   1.2262376e+00   2.4735932e+00  -9.1195104e-01   5.9527707e-01   6.6744846e-01  -4.4738995e-01
   1.4645161e+00   2.4745520e+00   4.4259157e-01   7.0355491e-01   6.7902081e-01   2.0962163e-01
  -1.7836641e-01   2.4734639e+00   1.5183413e+00  -8.1364626e-02   6.5864401e-01   7.4804269e-01
  -1.1130579e+00   2.4611184e+00   1.0481777e+00  -4.4568173e-01   8.2496837e-01   3.4755573e-01
  -1.3110396e+00   2.4746655e+00   7.4934627e-01  -3.8624127e-01   8.7649313e-01   2.8736298e-01
  -9.8138234e-01   2.4727149e+00  -1.1712632e+00  -4.7411713e-01   6.8277291e-01  -5.5590836e-01
  -1.5508042e+00   2.4986015e+00  -6.4984375e-01  -1.3166833e-02  -9.9989996e-01  -5.1675948e-03
  -1.5988094e+00   2.4981411e+00  -3.5262791e-01  -1.1242029e-02  -9.9993442e-01  -2.1831867e-03
  -1.6870846e+00   2.4986282e+00   9.8605000e-03  -1.3920409e-02  -9.9990256e-01  -1.0436402e-03
  -1.6780291e+00   2.4986963e+00   2.0846168e-01  -1.3027671e-02  -9.9991072e-01   2.9730289e-03
  -1.5571018e+00   2.4972308e+00   4.3041488e-01  -2.0968831e-02  -9.9977935e-01   1.2508684e-03
  -1.5564378e+00   2.4984672e+00   6.7103860e-01  -1.3757402e-02  -9.9987382e-01   7.9423238e-03
  -1.2647845e+00   2.4981965e+00   1.0041605e+00  -6.7388825e-03  -9.9995185e-01   7.1334300e-03
  -1.0232237e+00   2.4990173e+00   1.3445959e+00  -6.7999646e-03  -9.9995002e-01   7.3299301e-03
  -8.5721014e-01   2.4989838e+00   1.4531110e+00  -4.4645065e-03  -9.9994706e-01   9.2706504e-03
  -6.0145145e-01   2.4980397e+00   1.5047263e+00  -7.4958086e-03  -9.9990495e-01   1.1571848e-02
  -4.3228021e-01   2.4988553e+00   1.6365869e+00  -1.7565606e-03  -9.9993062e-01   1.1648093e-02
  -2.9272446e-02   2.4981751e+00   1.6363587e+00  -1.6210679e-03  -9.9993327e-01   1.1438231e-02
   2.2395613e-01   2.4985728e+00   1.6662406e+00   2.1513672e-03  -9.9989590e-01   1.4267521e-02
   4.4421441e-01   2.4981595e+00   1.5711010e+00   4.6496752e-03  -9.9994251e-01   9.6619951e-03
   6.3278107e-01   2.4989432e+00   1.5614338e+00   4.6530096e-03  -9.9994250e-01   9.6620717e-03
   9.1903398e-01   2.4983410e+00   1.3556050e+00   4.6810681e-03  -9.9994648e-01   9.2265607e-03
   1.1951368e+00   2.4985802e+00   1.1848597e+00   9.8109167e-03  -9.9989597e-01   1.0573020e-02
   1.3577609e+00   2.4988254e+00   1.0160586e+00   1.0596102e-02  -9.9992514e-01   6.1181630e-03
   1.3785836e+00   2.4970295e+00   8.1519961e-01   1.9650085e-02  -9.9964145e-01   1.8189403e-02
   1.5943825e+00   2.4985789e+00   5.8471340e-01   1.4524688e-02  -9.9988902e-01   3.3151618e-03
   1.6187813e+00   2.4978982e+00   2.0851176e-01   1.2814897e-02  -9.9991566e-01   2.1100413e-03
   1.6868794e+00   2.4986776e+00   1.6593499e-02   1.3321800e-02  -9.9991076e-01  -9.9789854e-04
   1.6043211e+00   2.4978165e+00  -2.4127034e-01   1.3544308e-02  -9.9990786e-01  -9.0434054e-04
   1.6311450e+00   2.4987694e+00  -4.4871709e-01   1.1737169e-02  -9.9992051e-01  -4.6060104e-03
   1.4854327e+00   2.4974705e+00  -6.0971993e-01   1.7521008e-02  -9.9983734e-01  -4.2796857e-03
   1.4467501e+00   2.4987892e+00  -8.8682742e-01   9.8715054e-03  -9.9992027e-01  -7.8739752e-03
   1.1526379e+00   2.4985012e+00  -1.1609909e+00   5.9572445e-03  -9.9995938e-01  -6.7632261e-03
   1.0269242e+00   2.4990539e+00  -1.3346759e+00   5.4034776e-03  -9.9995400e-01  -7.9246441e-03
   7.1275459e-01   2.4993728e+00  -1.5428098e+00   1.9351143e-03  -9.9997845e-01  -6.2734697e-03
   4.1077840e-01   2.4974066e+00  -1.5661270e+00   1.4516678e-02  -9.9965685e-01  -2.1804551e-02
   2.1452746e-01   2.4987353e+00  -1.7134217e+00   1.3440225e-03  -9.9983825e-01  -1.7935253e-02
  -1.9840170e-02   2.4990917e+00  -1.7378204e+00  -1.1213254e-03  -9.9988741e-01  -1.4963477e-02
  -2.0001998e-01   2.4978371e+00  -1.6240467e+00  -1.9695928e-03  -9.9991337e-01  -1.3014071e-02
  -4.2636559e-01   2.4985666e+00  -1.6273565e+00  -4.2601304e-03  -9.9989555e-01  -1.3810965e-02
  -6.4247576e-01   2.4980516e+00  -1.4959570e+00  -5.4438797e-03  -9.9994011e-01  -9.4940936e-03
  -8.2871330e-01   2.4989035e+00  -1.4698037e+00  -6.2613061e-03  -9.9993823e-01  -9.1828529e-03
  -1.1730183e+00   2.4992984e+00  -1.2283701e+00  -5.6615713e-03  -9.9997378e-01  -4.5149564e-03
  -1.2787431e+00   2.4964339e+00  -9.8040715e-01  -2.2717731e-02  -9.9913523e-01  -3.4823740e-02
  -1.4164879e+00   2.4968632e+00  -8.1406362e-01  -2.1179842e-02  -9.9977469e-01  -1.4104886e-03
  -2.6923220e-01   2.7279615e+00   1.7862387e+00  -1.4804350e-01  -1.1555385e-01   9.8220692e-01
  -4.4998933e-01   4.0645854e+00   1.9162440e+00  -1.4804360e-01  -1.1555384e-01   9.8220690e-01
  -7.0766015e-01   4.0645857e+00   1.8367633e+00  -4.3097619e-01  -1.1555389e-01   8.9493398e-01
  -7.8377406e-01   2.7279617e+00   1.6275238e+00  -4.3097697e-01  -1.1555403e-01   8.9493358e-01
  -9.9482009e-01   4.0645856e+00   1.6984744e+00  -4.3097813e-01  -1.1555383e-01   8.9493305e-01
  -1.2176160e+00   4.0645854e+00   1.5465749e+00  -6.7561499e-01  -1.1555376e-01   7.2814264e-01
  -1.2286742e+00   2.7279615e+00   1.3241962e+00  -6.7561609e-01  -1.1555400e-01   7.2814159e-01
  -1.4512573e+00   4.0645853e+00   1.3297874e+00  -6.7561813e-01  -1.1555357e-01   7.2813976e-01
  -1.6193815e+00   4.0645856e+00   1.1189657e+00  -8.6022457e-01  -1.1555359e-01   4.9664984e-01
  -1.5644013e+00   2.7279616e+00   9.0320756e-01  -8.6022422e-01  -1.1555348e-01   4.9665046e-01
  -1.7787435e+00   4.0645855e+00   8.4294291e-01  -8.6022296e-01  -1.1555386e-01   4.9665255e-01
  -1.8772583e+00   4.0645853e+00   5.9193222e-01  -9.6839695e-01  -1.1555383e-01   2.2103091e-01
  -1.7611247e+00   2.7279616e+00   4.0196506e-01  -9.6839703e-01  -1.1555389e-01   2.2103053e-01
  -1.9481767e+00   4.0646075e+00   2.8107123e-01  -9.6845831e-01  -1.1551413e-01   2.2078266e-01
  -1.8044389e+00   2.7251744e+00  -8.9636062e-02  -9.9052328e-01  -1.1555763e-01  -7.4229806e-02
  -1.9401493e+00   3.9536699e+00  -1.9114151e-01  -9.9052287e-01  -1.1555390e-01  -7.4241148e-02
  -1.8845104e+00   4.0645852e+00  -5.6841983e-01  -9.2463749e-01  -1.1555368e-01  -3.6289510e-01
  -1.6815445e+00   2.7279620e+00  -6.5995757e-01  -9.2463823e-01  -1.1555338e-01  -3.6289333e-01
  -1.7680676e+00   4.0645853e+00  -8.6511156e-01  -9.2463903e-01  -1.1555374e-01  -3.6289118e-01
  -1.6332424e+00   4.0645848e+00  -1.0986360e+00  -7.7659373e-01  -1.1555378e-01  -6.1931374e-01
  -1.4123124e+00   2.7279619e+00  -1.1262813e+00  -7.7659391e-01  -1.1555373e-01  -6.1931352e-01
  -1.4345211e+00   4.0645851e+00  -1.3478245e+00  -7.7659408e-01  -1.1555378e-01  -6.1931330e-01
  -1.2368534e+00   4.0645855e+00  -1.5312335e+00  -5.5954684e-01  -1.1555395e-01  -8.2070373e-01
  -1.0175901e+00   2.7279620e+00  -1.4925301e+00  -5.5954686e-01  -1.1555395e-01  -8.2070372e-01
  -9.7351153e-01   4.0645858e+00  -1.7107772e+00  -5.5954703e-01  -1.1555398e-01  -8.2070360e-01
  -7.3056477e-01   4.0645855e+00  -1.8277740e+00  -2.9277969e-01  -1.1555401e-01  -9.4917191e-01
  -5.3245035e-01   2.7279618e+00  -1.7261613e+00  -2.9278142e-01  -1.1555373e-01  -9.4917141e-01
  -4.2600098e-01   4.0645855e+00  -1.9217194e+00  -2.9278060e-01  -1.1555359e-01  -9.4917169e-01
  -1.4685038e-01   2.6230817e+00  -1.8034755e+00  -7.4218950e-02  -1.1651878e-01  -9.9041149e-01
  -1.3622001e-01   4.0643337e+00  -1.9738309e+00  -7.4218826e-02  -1.1651876e-01  -9.9041150e-01
   1.2358385e-01   2.6230817e+00  -1.8052190e+00   7.4218934e-02  -1.1651876e-01  -9.9041149e-01
   1.5948575e-01   4.0643335e+00  -1.9720873e+00   7.4219451e-02  -1.1651868e-01  -9.9041147e-01
   4.2600070e-01   4.0645851e+00  -1.9217191e+00   2.9278072e-01  -1.1555348e-01  -9.4917166e-01
   5.3245022e-01   2.7279620e+00  -1.7261612e+00   2.9278139e-01  -1.1555359e-01  -9.4917144e-01
   7.3056458e-01   4.0645857e+00  -1.8277738e+00   2.9277972e-01  -1.1555386e-01  -9.4917192e-01
   9.7351103e-01   4.0645859e+00  -1.7107770e+00   5.5954723e-01  -1.1555376e-01  -8.2070349e-01
   1.0175898e+00   2.7279618e+00  -1.4925300e+00   5.5954718e-01  -1.1555375e-01  -8.2070353e-01
   1.2368528e+00   4.0645854e+00  -1.5312334e+00   5.5954629e-01  -1.1555392e-01  -8.2070411e-01
   1.4345209e+00   4.0645851e+00  -1.3478243e+00   7.7659392e-01  -1.1555379e-01  -6.1931349e-01
   1.4123120e+00   2.7279616e+00  -1.1262812e+00   7.7659379e-01  -1.1555376e-01  -6.1931366e-01
   1.6332422e+00   4.0645854e+00  -1.0986358e+00   7.7659401e-01  -1.1555371e-01  -6.1931340e-01
   1.7680677e+00   4.0645854e+00  -8.6511137e-01   9.2463807e-01  -1.1555370e-01  -3.6289362e-01
   1.6815441e+00   2.7279614e+00  -6.5995738e-01   9.2463836e-01  -1.1555383e-01  -3.6289284e-01
   1.8845108e+00   4.0645856e+00  -5.6841953e-01   9.2463755e-01  -1.1555416e-01  -3.6289481e-01
   1.7976382e+00   2.7251627e+00  -1.8035025e-01   9.9052362e-01  -1.1555429e-01  -7.4230415e-02
   1.9469307e+00   3.9534475e+00  -1.0026603e-01   9.9052386e-01  -1.1555359e-01  -7.4228300e-02
   1.9481809e+00   4.0645852e+00   2.8119941e-01   9.6839790e-01  -1.1555361e-01   2.2102686e-01
   1.7611246e+00   2.7279617e+00   4.0196520e-01   9.6839710e-01  -1.1555413e-01   2.2103009e-01
   1.8772586e+00   4.0645856e+00   5.9193227e-01   9.6839692e-01  -1.1555399e-01   2.2103096e-01
   1.7787439e+00   4.0645853e+00   8.4294300e-01   8.6022372e-01  -1.1555396e-01   4.9665122e-01
   1.5644016e+00   2.7279620e+00   9.0320778e-01   8.6022450e-01  -1.1555373e-01   4.9664992e-01
   1.6193819e+00   4.0645853e+00   1.1189662e+00   8.6022440e-01  -1.1555370e-01   4.9665010e-01
   1.4512575e+00   4.0645851e+00   1.3297874e+00   6.7561599e-01  -1.1555371e-01   7.2814173e-01
   1.2286745e+00   2.7279619e+00   1.3241962e+00   6.7561578e-01  -1.1555375e-01   7.2814191e-01
   1.2176161e+00   4.0645850e+00   1.5465746e+00   6.7561594e-01  -1.1555379e-01   7.2814176e-01
   9.9482013e-01   4.0645854e+00   1.6984743e+00   4.3097685e-01  -1.1555383e-01   8.9493367e-01
   7.8377416e-01   2.7279617e+00   1.6275239e+00   4.3097733e-01  -1.1555375e-01   8.9493344e-01
   7.0651139e-01   4.0665726e+00   1.8371499e+00   4.2855136e-01  -1.1513066e-01   8.9615214e-01
   3.1359977e-01   2.7253680e+00   1.7792552e+00   1.4804235e-01  -1.1559169e-01   9.8220264e-01
   2.4418774e-01   3.9575200e+00   1.9346955e+00   1.4793442e-01  -1.1555593e-01   9.8222311e-01
  -1.3482519e-01   4.0645857e+00   1.9637474e+00  -1.4804425e-01  -1.1555397e-01   9.8220679e-01
   1.9627765e+00   4.3418035e+00   2.7662135e-01   9.7477213e-01   1.7924406e-02   2.2248149e-01
   1.9730349e+00   7.4493047e+00   1.5919859e-01   9.9766015e-01  -7.9334873e-03   6.7906456e-02
   1.9515557e+00   7.6807510e+00   4.2523285e-01   9.4225102e-01  -4.9278478e-03   3.3487122e-01
   1.8970214e+00   4.3427041e+00   5.7933477e-01   9.7491567e-01  -4.9811914e-03   2.2251883e-01
   1.8604972e+00   7.4646685e+00   6.8525730e-01   9.4224844e-01   5.0205404e-03   3.3487709e-01
   1.7867089e+00   4.3428096e+00   8.6230730e-01   8.6601053e-01  -5.7896134e-03   4.9999224e-01
   1.7492096e+00   7.6553536e+00   9.5749409e-01   8.1697521e-01  -3.4011182e-03   5.7666277e-01
   1.6417970e+00   4.3427042e+00   1.1126300e+00   8.6602049e-01  -3.4398183e-03   4.9999668e-01
   1.5907127e+00   7.4872000e+00   1.1839002e+00   8.1696166e-01   4.3435917e-03   5.7667563e-01
   1.4546963e+00   4.3428279e+00   1.3490452e+00   6.8016407e-01  -4.9201980e-03   7.3304340e-01
   1.4052213e+00   7.6302781e+00   1.4108297e+00   6.3108808e-01  -2.2548503e-03   7.7570790e-01
   1.2407901e+00   4.3427050e+00   1.5470055e+00   6.8017063e-01  -2.2770509e-03   7.3305029e-01
   1.1912576e+00   7.5101359e+00   1.5859078e+00   6.3108435e-01   3.2807634e-03   7.7570728e-01
   9.9433920e-01   4.3428174e+00   1.7167716e+00   4.3388026e-01  -3.6647656e-03   9.0096309e-01
   9.4751053e-01   7.6055447e+00   1.7484981e+00   3.9840241e-01  -1.4903857e-03   9.1720952e-01
   7.2824974e-01   4.3473976e+00   1.8445404e+00   4.3367338e-01  -1.4989200e-03   9.0106890e-01
   6.9540738e-01   7.5341889e+00   1.8584738e+00   3.9831584e-01   1.8603497e-03   9.1724644e-01
   3.1453332e-01   4.4752312e+00   1.9534999e+00   1.4767455e-01  -1.6643958e-03   9.8903461e-01
   2.4964580e-01   7.4478533e+00   1.9654416e+00   1.3712340e-01  -1.8681581e-08   9.9055397e-01
  -1.4111288e-01   4.3427071e+00   1.9787308e+00  -1.4904284e-01   2.0305476e-08   9.8883074e-01
  -2.7316460e-01   7.4462077e+00   1.9616837e+00  -1.3804655e-01  -9.4628286e-04   9.9042529e-01
  -4.4640483e-01   4.3427722e+00   1.9329665e+00  -1.4904178e-01  -1.7393147e-03   9.8882937e-01
  -7.1610023e-01   4.3426122e+00   1.8498017e+00  -4.3388141e-01   2.4119497e-03   9.0096676e-01
  -7.0948886e-01   7.5345865e+00   1.8516950e+00  -3.9801888e-01  -1.4900361e-03   9.1737601e-01
  -9.8676788e-01   4.3427077e+00   1.7200743e+00  -4.3388414e-01  -1.4987207e-03   9.0096743e-01
  -9.5495650e-01   7.6056588e+00   1.7449220e+00  -3.9839514e-01  -4.8131742e-03   9.1720126e-01
  -1.2275688e+00   4.3424775e+00   1.5578202e+00  -6.8016213e-01   5.1942851e-03   7.3304331e-01
   1.6388781e+00   4.3428228e+00  -1.1180726e+00   7.8181990e-01  -5.4035856e-03  -6.2348091e-01
   1.7434697e+00   7.4758832e+00  -9.4428146e-01   8.8787596e-01   4.7300981e-03  -4.6005860e-01
   1.7893822e+00   4.3427044e+00  -8.5554809e-01   9.3086571e-01  -4.1635831e-03  -3.6533779e-01
   1.8694046e+00   7.6680135e+00  -6.9864738e-01   8.8787362e-01  -4.1169772e-03  -4.6006899e-01
   1.8949076e+00   4.3427890e+00  -5.8742440e-01   9.3085603e-01  -6.0800979e-03  -3.6533558e-01
   1.9404842e+00   7.4476009e+00  -4.0589228e-01   9.7923854e-01   5.2687792e-03  -2.0264284e-01
   1.9739342e+00   4.4737686e+00  -1.4673530e-01   9.9718425e-01  -6.2770409e-03  -7.4727243e-02
  -1.2577915e+00   7.4481895e+00   1.5302431e+00  -6.3108749e-01  -2.2545712e-03   7.7570838e-01
  -1.4546961e+00   4.3428288e+00   1.3490451e+00  -6.8016622e-01  -4.9200894e-03   7.3304141e-01
  -1.5907122e+00   7.4872008e+00   1.1838998e+00  -8.1696213e-01   4.3435917e-03   5.7667497e-01
  -1.6417966e+00   4.3427043e+00   1.1126295e+00  -8.6602074e-01  -3.4397686e-03   4.9999625e-01
  -1.7492092e+00   7.6553537e+00   9.5749433e-01  -8.1696725e-01  -3.4010775e-03   5.7667403e-01
  -1.7867085e+00   4.3428094e+00   8.6230720e-01  -8.6600976e-01  -5.7898856e-03   4.9999358e-01
  -1.8604972e+00   7.4646684e+00   6.8525731e-01  -9.4224895e-01   5.0204467e-03   3.3487566e-01
  -1.8970211e+00   4.3427043e+00   5.7933468e-01  -9.7491568e-01  -4.9811838e-03   2.2251877e-01
  -1.9515555e+00   7.6807513e+00   4.2523261e-01  -9.4224964e-01  -4.9278333e-03   3.3487511e-01
  -1.9610847e+00   4.3430237e+00   2.9939177e-01  -9.7494327e-01  -6.2748349e-03   2.2236512e-01
  -1.9779642e+00   7.4482643e+00   1.3648774e-01  -9.9766560e-01   5.3225054e-03   6.8081016e-02
  -1.9739529e+00   4.4737905e+00  -1.4690163e-01  -9.9717919e-01  -6.3217868e-03  -7.4791073e-02
  -1.9405448e+00   7.4479245e+00  -4.0616224e-01  -9.7914570e-01   5.2381114e-03  -2.0309173e-01
  -1.8949071e+00   4.3427884e+00  -5.8742474e-01  -9.3085605e-01  -6.0801504e-03  -3.6533552e-01
  -1.8694045e+00   7.6680128e+00  -6.9864739e-01  -8.8787528e-01  -4.1170725e-03  -4.6006579e-01
  -1.7893822e+00   4.3427040e+00  -8.5554828e-01  -9.3086661e-01  -4.1636731e-03  -3.6533549e-01
  -1.7434694e+00   7.4758831e+00  -9.4428143e-01  -8.8787534e-01   4.7303178e-03  -4.6005979e-01
  -1.6388782e+00   4.3428225e+00  -1.1180728e+00  -7.8181962e-01  -5.4033150e-03  -6.2348126e-01
  -1.5934228e+00   7.6427742e+00  -1.1965108e+00  -7.3083846e-01  -2.7804479e-03  -6.8254481e-01
  -1.4575610e+00   4.3427041e+00  -1.3448428e+00  -7.8182830e-01  -2.8107766e-03  -6.2348745e-01
  -1.4053729e+00   7.4986193e+00  -1.3992354e+00  -7.3082992e-01   3.8602817e-03  -6.8254870e-01
  -1.2382485e+00   4.3428269e+00  -1.5500988e+00  -5.6331540e-01  -4.3406902e-03  -8.2623055e-01
  -1.1884425e+00   7.6178671e+00  -1.5960859e+00  -5.1958675e-01  -1.8249339e-03  -8.5441575e-01
  -9.9632344e-01   4.3427054e+00  -1.7146081e+00  -5.6331949e-01  -1.8397281e-03  -8.2623711e-01
  -9.5275247e-01   7.5217524e+00  -1.7401314e+00  -5.1958240e-01   2.6047087e-03  -8.5441638e-01
  -7.2838116e-01   4.3428012e+00  -1.8453655e+00  -2.9475296e-01  -2.8927472e-03  -9.5556911e-01
  -6.8734603e-01   7.5933119e+00  -1.8649525e+00  -2.6979177e-01  -1.2511622e-03  -9.6291787e-01
  -4.4663099e-01   4.3427059e+00  -1.9320289e+00  -2.9475486e-01  -1.2550553e-03  -9.5557208e-01
  -4.2246595e-01   7.5452719e+00  -1.9394614e+00  -2.6979624e-01   9.6443085e-04  -9.6291695e-01
  -1.5429907e-01   4.3431287e+00  -1.9885096e+00  -7.4727826e-02  -5.0715605e-04  -9.9720384e-01
  -1.3086480e-01   7.5688297e+00  -1.9910486e+00  -6.8244325e-02  -2.0504451e-07  -9.9766864e-01
   1.4268910e-01   4.3430890e+00  -1.9893067e+00   7.4728651e-02  -2.0251473e-07  -9.9720391e-01
   1.4246904e-01   7.5688693e+00  -1.9901818e+00   6.8244239e-02  -5.5542561e-04  -9.9766849e-01
   4.3336131e-01   4.3426604e+00  -1.9357617e+00   2.9475483e-01   1.1557646e-03  -9.5557221e-01
   4.3564276e-01   7.5453167e+00  -1.9354136e+00   2.6979485e-01  -1.2513734e-03  -9.6291701e-01
   7.1936463e-01   4.3427073e+00  -1.8479015e+00   2.9475399e-01  -1.2552657e-03  -9.5557235e-01
   6.9629831e-01   7.5934083e+00  -1.8621992e+00   2.6979265e-01  -3.4670544e-03  -9.6291220e-01
   9.8268310e-01   4.3425458e+00  -1.7229422e+00   5.6331666e-01   3.7529992e-03  -8.2623256e-01
   9.6598263e-01   7.5219068e+00  -1.7311616e+00   5.1958443e-01  -1.8248537e-03  -8.5441716e-01
   1.2321428e+00   4.3427080e+00  -1.5538285e+00   5.6331920e-01  -1.8396659e-03  -8.2623731e-01
   1.1943592e+00   7.6179918e+00  -1.5920626e+00   5.1957305e-01  -6.2544569e-03  -8.5440314e-01
   1.4451985e+00   4.3424018e+00  -1.3581640e+00   7.8181340e-01   6.7301147e-03  -6.2347615e-01
   1.4557036e+00   7.4482589e+00  -1.3431799e+00   7.3083318e-01  -2.7804497e-03  -6.8255046e-01
  -2.0510806e+00   7.7864196e+00   3.0258389e-01  -7.0878167e-01  -7.0377506e-01   4.8261852e-02
  -2.1427095e+00   7.8568099e+00  -1.5486582e-02  -7.0851410e-01  -7.0403061e-01   4.8462996e-02
  -2.0566857e+00   7.7864994e+00  -2.6185770e-01  -6.9520578e-01  -7.0422081e-01  -1.4409016e-01
  -2.0590837e+00   7.8567982e+00  -5.9321803e-01  -6.9554829e-01  -7.0379081e-01  -1.4453743e-01
  -1.8905294e+00   7.7206007e+00  -7.0252540e-01  -6.3075880e-01  -7.0379036e-01  -3.2683706e-01
  -1.9971945e+00   7.8791125e+00  -8.3800503e-01  -6.3076048e-01  -7.0379153e-01  -3.2683131e-01
  -1.8318882e+00   7.7899903e+00  -9.6511942e-01  -6.3075876e-01  -7.0379240e-01  -3.2683275e-01
  -1.8266509e+00   7.8806783e+00  -1.1705106e+00  -6.3075884e-01  -7.0379056e-01  -3.2683657e-01
  -1.6288785e+00   7.7341255e+00  -1.2083107e+00  -5.1919122e-01  -7.0379057e-01  -4.8489104e-01
  -1.6827398e+00   7.8786840e+00  -1.3604581e+00  -5.1919209e-01  -7.0379114e-01  -4.8488927e-01
  -1.4904501e+00   7.7850994e+00  -1.4305176e+00  -5.1919143e-01  -7.0379137e-01  -4.8488965e-01
  -1.4431143e+00   7.8806781e+00  -1.6199293e+00  -5.1919137e-01  -7.0379125e-01  -4.8488988e-01
  -1.2359972e+00   7.7453518e+00  -1.6199275e+00  -3.6911844e-01  -7.0379156e-01  -6.0698354e-01
  -1.2358795e+00   7.8790321e+00  -1.7749988e+00  -3.6911382e-01  -7.0378863e-01  -6.0698974e-01
  -1.0316714e+00   7.7791799e+00  -1.7834035e+00  -3.6911709e-01  -7.0378792e-01  -6.0698858e-01
  -9.5254725e-01   7.8806784e+00  -1.9492057e+00  -3.6911961e-01  -7.0379034e-01  -6.0698424e-01
  -7.4416790e-01   7.7546358e+00  -1.9053817e+00  -1.9166232e-01  -7.0379033e-01  -6.8406485e-01
  -6.9244290e-01   7.8801346e+00  -2.0489928e+00  -1.9166729e-01  -7.0379343e-01  -6.8406027e-01
  -4.9073191e-01   7.7720752e+00  -1.9943334e+00  -1.9166555e-01  -7.0379362e-01  -6.8406057e-01
  -3.9133551e-01   7.8806776e+00  -2.1339181e+00  -1.9166412e-01  -7.0379266e-01  -6.8406196e-01
  -1.9204510e-01   7.7629831e+00  -2.0498472e+00  -4.8310947e-02  -7.0628300e-01  -7.0627924e-01
  -9.6920557e-02   7.8813062e+00  -2.1746776e+00  -4.8311257e-02  -7.0628319e-01  -7.0627904e-01
   8.8863716e-02   7.7629832e+00  -2.0569050e+00   4.8310888e-02  -7.0628309e-01  -7.0627916e-01
   2.0010059e-01   7.8813065e+00  -2.1676196e+00   4.8314419e-02  -7.0628111e-01  -7.0628090e-01
   3.7525470e-01   7.7687088e+00  -2.0232249e+00   1.9166440e-01  -7.0379071e-01  -6.8406388e-01
   5.0685946e-01   7.8842207e+00  -2.1051935e+00   1.9166864e-01  -7.0378806e-01  -6.8406542e-01
   6.6218562e-01   7.7539424e+00  -1.9276385e+00   1.9166593e-01  -7.0378835e-01  -6.8406588e-01
   7.7438511e-01   7.8806787e+00  -2.0265922e+00   1.9166471e-01  -7.0378895e-01  -6.8406560e-01
   9.1578861e-01   7.7740551e+00  -1.8479314e+00   3.6911547e-01  -7.0378969e-01  -6.0698751e-01
   1.0689982e+00   7.8869053e+00  -1.8856103e+00   3.6911684e-01  -7.0378881e-01  -6.0698770e-01
   1.1790385e+00   7.7429250e+00  -1.6517509e+00   3.6912243e-01  -7.0378759e-01  -6.0698572e-01
   1.2924371e+00   7.8806784e+00  -1.7425140e+00   3.6911576e-01  -7.0379081e-01  -6.0698604e-01
   1.4001438e+00   7.7864261e+00  -1.5291377e+00   5.1919072e-01  -7.0379091e-01  -4.8489106e-01
   1.6720745e+00   7.8567978e+00  -1.3401109e+00   5.1919350e-01  -7.0378879e-01  -4.8489117e-01
   1.7548638e+00   7.7823955e+00  -1.0974150e+00   6.3076169e-01  -7.0379030e-01  -3.2683162e-01
   1.8675884e+00   7.7118268e+00  -7.2790590e-01   6.3072839e-01  -7.0381547e-01  -3.2684168e-01
   1.9716269e+00   7.8567981e+00  -8.3929729e-01   6.3076180e-01  -7.0378923e-01  -3.2683369e-01
   1.9907774e+00   7.7864436e+00  -5.7896870e-01   6.9567133e-01  -7.0375839e-01  -1.4410248e-01
   2.1249310e+00   7.8568320e+00  -2.7587348e-01   6.9507006e-01  -7.0428378e-01  -1.4443673e-01
   2.0729800e+00   7.7862580e+00  -1.9841060e-02   7.0864085e-01  -7.0390932e-01   4.8371658e-02
   2.1206810e+00   7.8567978e+00   3.0731597e-01   7.0875091e-01  -7.0379100e-01   4.8480716e-02
   1.9646766e+00   7.7128761e+00   4.2669009e-01   6.6938795e-01  -7.0379312e-01   2.3789707e-01
   1.9902672e+00   7.7819961e+00   5.5916615e-01   6.6938718e-01  -7.0379255e-01   2.3790092e-01
   1.9591286e+00   7.8567976e+00   8.6807067e-01   6.6938676e-01  -7.0379321e-01   2.3790017e-01
   1.7777714e+00   7.7276708e+00   9.6483101e-01   5.8038222e-01  -7.0379328e-01   4.0967242e-01
   1.8088845e+00   7.8535268e+00   1.1369643e+00   5.8037979e-01  -7.0379165e-01   4.0967867e-01
   1.5862400e+00   7.7805547e+00   1.3270193e+00   5.8038203e-01  -7.0379004e-01   4.0967826e-01
   1.4470228e+00   7.7400036e+00   1.4281144e+00   4.4833024e-01  -7.0379155e-01   5.5106936e-01
   1.4738421e+00   7.8787608e+00   1.5835070e+00   4.4832928e-01  -7.0379094e-01   5.5107093e-01
   1.2737370e+00   7.7822781e+00   1.6230832e+00   4.4832924e-01  -7.0379095e-01   5.5107095e-01
   1.2090927e+00   7.8806780e+00   1.8013453e+00   4.4832984e-01  -7.0379171e-01   5.5106949e-01
   1.0001238e+00   7.7502144e+00   1.7800355e+00   2.8302637e-01  -7.0379164e-01   6.5159297e-01
   9.7365299e-01   7.8794932e+00   1.9311683e+00   2.8302550e-01  -7.0379110e-01   6.5159394e-01
   7.6920411e-01   7.7754866e+00   1.9077124e+00   2.8348338e-01  -7.0371736e-01   6.5147452e-01
   6.7886070e-01   7.8805693e+00   2.0604461e+00   2.8315708e-01  -7.0346365e-01   6.5189030e-01
   4.9177602e-01   7.8807251e+00   2.1130575e+00   9.6679112e-02  -7.0417434e-01   7.0341428e-01
   2.8284628e-01   7.7949233e+00   2.0559633e+00   9.7052340e-02  -7.0398081e-01   7.0355658e-01
   9.7122662e-02   7.8806785e+00   2.1673297e+00   9.6737523e-02  -7.0379203e-01   7.0378877e-01
  -1.2125009e-01   7.7863518e+00   2.0696664e+00  -9.6849922e-02  -7.0378439e-01   7.0378095e-01
  -2.5980254e-01   7.8964258e+00   2.1606973e+00  -9.6721634e-02  -7.0391507e-01   7.0366789e-01
  -4.9217778e-01   7.8806745e+00   2.1130011e+00  -9.6712539e-02  -7.0391980e-01   7.0366441e-01
  -6.5321840e-01   7.7705371e+00   1.9530422e+00  -2.8503622e-01  -7.0251431e-01   6.5209508e-01
  -7.9580073e-01   7.8855265e+00   2.0149368e+00  -2.8302828e-01  -7.0379047e-01   6.5159340e-01
  -9.3047550e-01   7.7485878e+00   1.8085309e+00  -2.8302608e-01  -7.0379083e-01   6.5159398e-01
  -1.0431267e+00   7.8806779e+00   1.9022713e+00  -2.8302515e-01  -7.0379128e-01   6.5159389e-01
  -1.1788846e+00   7.7864259e+00   1.7055484e+00  -4.4833029e-01  -7.0379156e-01   5.5106932e-01
  -1.3444835e+00   7.8963875e+00   1.7112591e+00  -4.4833102e-01  -7.0379099e-01   5.5106945e-01
  -1.5176715e+00   7.8806783e+00   1.5502976e+00  -4.4832596e-01  -7.0379348e-01   5.5107039e-01
  -1.5862410e+00   7.7805548e+00   1.3270180e+00  -5.8037912e-01  -7.0379352e-01   4.0967641e-01
  -1.7445122e+00   7.8912777e+00   1.2930118e+00  -5.8038160e-01  -7.0379174e-01   4.0967595e-01
  -1.7552488e+00   7.7242769e+00   9.9090730e-01  -5.8037910e-01  -7.0379279e-01   4.0967769e-01
  -1.8796569e+00   7.8806781e+00   1.0833458e+00  -5.8037996e-01  -7.0379233e-01   4.0967726e-01
  -1.8902683e+00   7.7840984e+00   8.4675443e-01  -6.6938714e-01  -7.0379275e-01   2.3790046e-01
  -2.0341744e+00   7.8942271e+00   7.6764094e-01  -6.6938762e-01  -7.0379236e-01   2.3790025e-01
  -1.9578752e+00   7.7106808e+00   4.3933214e-01  -6.6938775e-01  -7.0379228e-01   2.3790011e-01
  -2.1022376e+00   7.8806789e+00   5.3604709e-01  -6.6939044e-01  -7.0379054e-01   2.3789771e-01
   1.2677353e+00   1.1798335e+00  -5.5894335e-01   9.0300955e-01  -4.2952082e-01   9.2526613e-03
   1.2729025e+00   1.1995863e+00   5.6560760e-01   8.4284815e-01  -5.3814921e-01  -1.5574434e-03
   1.3462599e+00   1.2720488e+00   3.8496587e-01   5.2766906e-01  -8.4945002e-01   1.5718820e-04
   1.3552129e+00   1.2768612e+00  -3.7542631e-01   5.1714231e-01  -8.5589803e-01   1.5462719e-03
   1.4221239e+00   1.3081933e+00  -2.1875052e-02   2.7223520e-01  -9.6222719e-01   2.6131287e-03
   1.2400229e+00   8.0650299e-01   3.2185066e-01   1.0000000e+00  -4.6355731e-05  -2.3407735e-05
   1.2399916e+00   1.6559983e-01   3.9918000e-01   1.0000000e+00  -6.6861778e-05  -3.8833850e-05
   1.2173178e+00   1.1032332e-01  -6.4259438e-01   8.5217182e-01  -4.7712882e-01  -2.1482848e-01
   1.2399903e+00   2.3842753e-01  -5.1934334e-01   9.9999999e-01  -8.9974633e-06   1.2623213e-04
   1.2399787e+00   2.2867526e-01  -1.4337798e-01   1.0000000e+00  -5.5093754e-05  -2.5941865e-05
  -8.7912759e-01   1.2967126e+00   1.1297701e+00  -1.4078030e-01  -9.6583493e-01   2.1758630e-01
  -1.1223558e+00   1.1703709e+00   8.1311143e-01  -4.6009108e-01  -3.7608643e-01   8.0428552e-01
  -1.9469146e-01   1.1969901e+00   1.3703666e+00  -4.3942811e-01  -5.1284284e-01   7.3749248e-01
  -1.0454411e+00   1.2642053e+00   9.3584302e-01  -2.6547525e-01  -8.4398726e-01   4.6605622e-01
  -4.5352296e-01   1.2836398e+00   1.3268567e+00  -1.8201243e-01  -9.3646147e-01   2.9985228e-01
  -6.7545371e-01   1.2973754e+00   1.2512071e+00  -5.5389027e-02  -9.9222477e-01   1.1145427e-01
  -1.0752003e+00   2.4664388e-01   8.0243690e-01  -5.3734592e-01  -1.4776146e-02   8.4323248e-01
  -4.9854964e-01   7.4439918e-01   1.1440036e+00  -5.0001929e-01  -2.1458435e-05   8.6601427e-01
  -7.3866891e-01   1.9624127e-01   1.0053479e+00  -5.0002536e-01  -2.7365513e-05   8.6601076e-01
  -1.8274564e-01   2.1531745e-01   1.3263291e+00  -5.0001777e-01  -2.2044657e-05   8.6601514e-01
  -1.2400147e+00   7.8769718e-01  -3.1127023e-01  -1.0000000e+00  -3.3608120e-05   2.6217705e-05
  -1.2400180e+00   1.9143751e-01  -2.4773706e-01  -9.9999999e-01   8.0770612e-05  -6.1759731e-05
  -1.2286723e+00   2.1468038e-01   5.7605720e-01  -9.9621300e-01  -1.9811575e-02   8.4659089e-02
  -1.2399843e+00   2.0570243e-01   2.3283245e-01  -9.9999998e-01  -1.0316404e-04   1.8341745e-04
  -1.2334802e+00   1.1353330e+00   6.7603875e-01  -8.3935053e-01  -2.1410820e-01   4.9964825e-01
  -1.2607404e+00   1.1640024e+00   5.7568443e-01  -9.4831857e-01  -3.1720120e-01  -8.6765508e-03
  -1.2896143e+00   1.2087536e+00  -5.0198506e-01  -8.1268593e-01  -5.8249549e-01   1.5510690e-02
  -1.4269487e+00   1.3010054e+00   1.1898988e-01   9.2159432e-02  -9.9560218e-01  -1.6820885e-02
  -1.3998846e+00   1.2940762e+00  -1.6279426e-01  -2.5561136e-01  -9.6669849e-01   1.2524717e-02
  -1.3446590e+00   1.2696359e+00   3.6364422e-01  -5.1628019e-01  -8.5638717e-01  -7.4686010e-03
  -1.1355822e+00   1.1616330e+00  -7.9523021e-01  -4.6973195e-01  -2.7112408e-01  -8.4014501e-01
  -1.2039214e+00   1.1466605e+00  -7.2793707e-01  -8.7740711e-01  -1.9988802e-01  -4.3612101e-01
  -2.8846393e-01   1.2302474e+00  -1.3421314e+00  -3.5064916e-01  -7.3754789e-01  -5.7712067e-01
  -6.3057102e-01   1.3022212e+00  -1.2812126e+00  -1.4037832e-01  -9.5757538e-01  -2.5168098e-01
  -1.0417305e+00   1.2610756e+00  -9.3544084e-01  -2.8088124e-01  -8.2726637e-01  -4.8655532e-01
  -8.7007611e-01   1.2945828e+00  -1.1131448e+00  -1.2282880e-01  -9.6933736e-01  -2.1283367e-01
  -3.6336585e-01   2.9006327e-01  -1.2220565e+00  -4.9999254e-01  -7.9200535e-05  -8.6602971e-01
  -7.5946915e-01   7.5612775e-01  -9.9337488e-01  -5.0005263e-01  -2.0952383e-05  -8.6599501e-01
  -1.0653537e+00   1.9799843e-01  -8.1674801e-01  -4.9997734e-01   5.5388688e-06  -8.6603849e-01
   9.6112795e-01   3.2152594e-01  -8.7693936e-01   4.9996421e-01   2.8379620e-05  -8.6604606e-01
   5.5793487e-01   7.6504009e-01  -1.1097686e+00   5.0009528e-01  -8.0855959e-05  -8.6597038e-01
   2.1507411e-01   2.5245228e-01  -1.3076842e+00   4.9995667e-01  -1.5097816e-04  -8.6605041e-01
   1.1241447e+00   1.1750485e+00  -8.1108483e-01   4.4532762e-01  -3.8442822e-01  -8.0863976e-01
   2.4843997e-01   1.2323409e+00  -1.3586899e+00   3.3742844e-01  -7.5141120e-01  -5.6703020e-01
   1.0357650e+00   1.2657486e+00  -9.4703669e-01   2.5861602e-01  -8.5246942e-01  -4.5432768e-01
   4.8506946e-01   1.2903899e+00  -1.3256459e+00   1.3904346e-01  -9.6203320e-01  -2.3485963e-01
   6.7753232e-01   1.2978426e+00  -1.2538268e+00   5.3570356e-02  -9.9259797e-01  -1.0899310e-01
   8.1270229e-01   1.4318920e+00  -1.2065344e+00   6.0047552e-01  -2.0893034e-01  -7.7186609e-01
   1.2059713e+00   1.1518516e+00   7.2862430e-01   8.7198402e-01  -2.1684864e-01   4.3888557e-01
   1.1384870e+00   1.1599945e+00   7.9266648e-01   4.7351982e-01  -2.6292523e-01   8.4062435e-01
   1.9767384e-01   1.2107984e+00   1.3695629e+00   4.0291416e-01  -6.2246813e-01   6.7096469e-01
   1.0388091e+00   1.2576439e+00   9.3102002e-01   2.7694605e-01  -8.2786914e-01   4.8778434e-01
   8.7913337e-01   1.2967139e+00   1.1297777e+00   1.4084386e-01  -9.6581116e-01   2.1765067e-01
   6.7562638e-01   1.2973738e+00   1.2511036e+00   5.5397651e-02  -9.9222284e-01   1.1146718e-01
   4.5402493e-01   1.2842255e+00   1.3280087e+00   1.8057469e-01  -9.3741887e-01   2.9772244e-01
   2.9450832e-01   3.2257229e-01   1.2618249e+00   5.0003698e-01   3.4431781e-06   8.6600405e-01
   1.0384398e+00   2.3724767e-01   8.3229025e-01   4.9998886e-01   7.8082363e-06   8.6603184e-01
   7.1421382e-01   7.4892533e-01   1.0194906e+00   5.0002359e-01  -8.2510405e-06   8.6601178e-01
   1.5499999e+00   1.4736650e+01   5.9429786e-01   1.0000000e+00   1.2284810e-07   2.5582158e-07
   1.5499999e+00   1.6565392e+01  -5.7291790e-01   1.0000000e+00   1.5065354e-07   2.2273404e-07
   1.4563737e+00   1.7645551e+01   1.5811463e+00   3.7475171e-01   8.4497227e-01   3.8155342e-01
   1.5499990e+00   1.7641650e+01   1.3570173e+00   1.0000000e+00   4.5963683e-06   2.5771916e-07
   1.5500022e+00   1.7656931e+01  -1.3771769e+00   1.0000000e+00  -5.3410383e-05   2.0773314e-06
   1.5969006e+00   1.3700000e+01  -1.5170238e+00   1.9914516e-05   1.0000000e+00   2.9237258e-07
   2.2029391e+00   1.3700000e+01   1.5068645e-01  -2.2806248e-05   1.0000000e+00  -1.5600031e-06
   1.6980266e+00   1.3700000e+01   1.2507389e+00  -3.7883510e-06   1.0000000e+00  -4.1406485e-07
   1.9559250e+00   1.3700000e+01   7.3091561e-01   4.8292174e-06   1.0000000e+00  -1.0035223e-06
   1.8799970e+00   1.3700000e+01  -9.9330138e-01  -7.6497145e-06   1.0000000e+00   1.5896279e-06
   2.1200865e+00   1.3699999e+01  -4.4638880e-01   7.7949222e-06   1.0000000e+00   5.3319174e-07
  -1.0944537e+00   1.7654780e+01  -5.7276889e-01   6.9470235e-01   6.0338438e-01   3.9155579e-01
  -9.5454236e-01   1.7656349e+01   7.8304030e-01   6.9722186e-01   6.7414046e-01  -2.4375463e-01
  -9.5136512e-01   1.7638904e+01  -7.8247297e-01   5.9442946e-01   7.0302265e-01   3.9040078e-01
  -8.8239602e-01   1.7625908e+01  -8.4203235e-01   4.3331052e-01   7.0096628e-01   5.6647001e-01
  -8.1840929e-01   1.7654155e+01  -9.2593465e-01   4.3331730e-01   7.0097861e-01   5.6644956e-01
  -6.0206369e-01   1.7638794e+01  -1.0724259e+00   4.3333863e-01   7.0095834e-01   5.6645832e-01
  -5.1762951e-01   1.7625755e+01  -1.1042702e+00   1.9870716e-01   7.0095641e-01   6.8496392e-01
  -4.2842515e-01   1.7654168e+01  -1.1592278e+00   1.9872538e-01   7.0097262e-01   6.8494205e-01
  -1.7279623e-01   1.7638832e+01  -1.2176992e+00   1.9872143e-01   7.0097742e-01   6.8493828e-01
  -8.2709603e-02   1.7625600e+01  -1.2166408e+00  -6.2857383e-02   7.0097674e-01   7.1040873e-01
   1.9550216e-02   1.7654180e+01  -1.2357926e+00  -6.2864260e-02   7.0097230e-01   7.1041250e-01
   2.7995578e-01   1.7638869e+01  -1.1976420e+00  -6.2862322e-02   7.0096827e-01   7.1041665e-01
   3.6334237e-01   1.7625444e+01  -1.1639331e+00  -3.1590390e-01   7.0097096e-01   6.3940944e-01
   4.6494467e-01   1.7654193e+01  -1.1452525e+00  -3.1591243e-01   7.0096613e-01   6.3941053e-01
   6.9471539e-01   1.7638905e+01  -1.0149701e+00  -3.1591238e-01   7.0096542e-01   6.3941133e-01
   7.6000869e-01   1.7625284e+01  -9.5333151e-01  -5.2607205e-01   7.0096351e-01   4.8155826e-01
   8.4752796e-01   1.7654207e+01  -8.9982467e-01  -5.2606101e-01   7.0096986e-01   4.8156106e-01
   1.0151677e+00   1.7638943e+01  -6.9447789e-01  -5.2606738e-01   7.0095133e-01   4.8158109e-01
   1.0534881e+00   1.7625125e+01  -6.1344371e-01  -6.6478475e-01   7.0095115e-01   2.5831906e-01
   1.1155536e+00   1.7654221e+01  -5.3267715e-01  -6.6476892e-01   7.0096196e-01   2.5833044e-01
   1.1977980e+00   1.7638980e+01  -2.7967357e-01  -6.6475705e-01   7.0097862e-01   2.5831576e-01
   1.2039884e+00   1.7624965e+01  -1.9040833e-01  -7.1318243e-01   7.0097848e-01  -1.5403375e-06
   1.2327570e+00   1.7654234e+01  -9.3439618e-02  -7.1318098e-01   7.0097995e-01   7.0985248e-07
   1.2178004e+00   1.7639016e+01   1.7312565e-01  -7.1318512e-01   7.0097574e-01   3.0744846e-06
   1.1911252e+00   1.7624800e+01   2.5836966e-01  -6.6476035e-01   7.0097493e-01  -2.5831731e-01
   1.1832672e+00   1.7654247e+01   3.5849900e-01  -6.6476059e-01   7.0097424e-01  -2.5831854e-01
   1.0724511e+00   1.7639051e+01   6.0243578e-01  -6.6475208e-01   7.0098186e-01  -2.5831980e-01
   1.0166788e+00   1.7624634e+01   6.7199995e-01  -5.2605260e-01   7.0098201e-01  -4.8155257e-01
   9.7374789e-01   1.7654261e+01   7.6202402e-01  -5.2605040e-01   7.0097528e-01  -4.8156477e-01
   7.8147678e-01   1.7639088e+01   9.4997084e-01  -5.2605307e-01   7.0097286e-01  -4.8156538e-01
   7.0435170e-01   1.7624469e+01   9.9438029e-01  -3.1591328e-01   7.0097140e-01  -6.3940433e-01
   6.3250888e-01   1.7654277e+01   1.0625540e+00  -3.1591265e-01   7.0097075e-01  -6.3940535e-01
   3.8438059e-01   1.7639123e+01   1.1685346e+00  -3.1591561e-01   7.0096757e-01  -6.3940737e-01
   2.9654552e-01   1.7624298e+01   1.1817964e+00  -6.2835335e-02   7.0096382e-01  -7.1042343e-01
   2.0568021e-01   1.7654290e+01   1.2194296e+00  -6.2862392e-02   7.0098192e-01  -7.1040317e-01
  -6.4924869e-02   1.7639159e+01   1.2284446e+00  -6.2865981e-02   7.0097630e-01  -7.1040840e-01
  -1.5139656e-01   1.7624127e+01   1.2088587e+00   1.9870677e-01   7.0097756e-01  -6.8494240e-01
  -2.4903283e-01   1.7654303e+01   1.2114139e+00   1.9872852e-01   7.0096556e-01  -6.8494836e-01
  -5.0543580e-01   1.7639193e+01   1.1215565e+00   1.9873241e-01   7.0098076e-01  -6.8493167e-01
  -5.7870201e-01   1.7623955e+01   1.0719291e+00   4.3328463e-01   7.0098625e-01  -5.6646509e-01
  -6.7013575e-01   1.7654318e+01   1.0395612e+00   4.3332463e-01   7.0096502e-01  -5.6646078e-01
  -8.7680033e-01   1.7638531e+01   8.6269655e-01   4.3414444e-01   6.9575628e-01  -5.7222531e-01
  -1.0084528e+00   3.6593221e+00   6.2183729e-01   7.9801692e-01  -5.8681455e-04  -6.0263475e-01
  -1.1221954e+00   1.6609184e+01   4.1503634e-01   9.3816969e-01   2.7128447e-04  -3.4617561e-01
  -1.1348545e+00   3.7656000e+00   3.2293091e-01   9.6181974e-01   1.5535481e-03  -2.7367933e-01
  -1.1748714e+00   1.6483169e+01   1.0886849e-01   9.9573324e-01  -1.5533153e-03  -9.2265442e-02
  -1.1847889e+00   3.6581263e+00   1.1996285e-05   9.9573470e-01   1.5537356e-03   9.2249672e-02
  -1.1433646e+00   1.6501619e+01  -3.0235178e-01   9.6610857e-01   1.5316647e-03   2.5813151e-01
  -1.1637506e+00   3.6593026e+00  -2.2097496e-01   9.9572777e-01  -3.5906254e-03   9.2267632e-02
  -1.1049283e+00   3.6593275e+00  -4.2769779e-01   8.9516271e-01   1.5063392e-03   4.4573699e-01
   9.0866188e-01   1.7437241e+01  -7.5439986e-01  -7.3760950e-01  -1.0815683e-03   6.7522667e-01
   1.0068715e+00   3.6590519e+00  -6.2452696e-01  -8.9518146e-01   1.0772335e-03   4.4570056e-01
   1.0395588e+00   1.7544409e+01  -5.8106050e-01  -9.3209718e-01   3.4202505e-04   3.6220813e-01
   1.1046925e+00   3.6593849e+00  -4.2788856e-01  -8.9516345e-01   3.5271384e-04   4.4573790e-01
   1.1199864e+00   1.7436638e+01  -3.7463359e-01  -9.3209717e-01  -1.0898402e-03   3.6220667e-01
   1.1644809e+00   3.6593879e+00  -2.1863562e-01  -9.9573374e-01   1.0858073e-03   9.2266709e-02
   1.1794338e+00   1.7545025e+01  -1.6569269e-01  -9.9999994e-01   3.4997435e-04  -2.1598084e-06
   1.1846667e+00   3.6593844e+00   6.6203979e-05  -9.9573416e-01   3.6086501e-04   9.2267830e-02
   1.1796337e+00   1.7436034e+01   5.5850286e-02  -9.9999940e-01  -1.0979972e-03   4.3109183e-06
   1.1648242e+00   3.6593884e+00   2.1679659e-01  -9.6182499e-01   1.0941084e-03  -2.7366309e-01
   1.1595890e+00   1.7545639e+01   2.7217749e-01  -9.3209338e-01   3.5811155e-04  -3.6221790e-01
   1.1046456e+00   3.6593847e+00   4.2801308e-01  -9.6182599e-01   3.6921804e-04  -2.7366151e-01
   1.0795321e+00   1.7435429e+01   4.7874805e-01  -9.3209639e-01  -1.1061723e-03  -3.6220864e-01
   1.0078453e+00   3.6593879e+00   6.2294842e-01  -7.9801723e-01   1.1020309e-03  -6.0263363e-01
   9.8268564e-01   1.7546251e+01   6.7324691e-01  -7.3761650e-01   3.6625073e-04  -6.7521979e-01
   8.7543621e-01   3.6593846e+00   7.9815495e-01  -7.9801694e-01   3.7755814e-04  -6.0263490e-01
   8.3324536e-01   1.7434825e+01   8.3679681e-01  -7.3761124e-01  -1.1141629e-03  -6.7522471e-01
   7.1474524e-01   3.6593885e+00   9.4496399e-01  -5.2643552e-01   1.1100609e-03  -8.5021433e-01
   6.7266245e-01   1.7546867e+01   9.8319271e-01  -4.4295845e-01   3.7450632e-04  -8.9654207e-01
   5.2799371e-01   3.6593850e+00   1.0605026e+00  -5.2642924e-01   3.8602115e-04  -8.5021885e-01
   4.7413201e-01   1.7434221e+01   1.0815103e+00  -4.4295411e-01  -1.1220465e-03  -8.9654358e-01
   3.2511040e-01   3.6593878e+00   1.1393506e+00  -1.8374739e-01   1.1180501e-03  -9.8297286e-01
   2.7148921e-01   1.7547481e+01   1.1600191e+00  -8.8121474e-02   3.8280500e-04  -9.9610966e-01
   1.0924215e-01   3.6593847e+00   1.1796230e+00  -1.8375326e-01   3.9454622e-04  -9.8297232e-01
   5.0829223e-02   1.7433618e+01   1.1797534e+00  -8.8148206e-02  -1.1299397e-03  -9.9610673e-01
  -1.0843434e-01   3.6593880e+00   1.1798552e+00   1.8375440e-01   1.1258545e-03  -9.8297154e-01
  -1.6651446e-01   1.7548093e+01   1.1797602e+00   2.7865400e-01   3.9130192e-04  -9.6039148e-01
  -3.2426402e-01   3.6593844e+00   1.1394291e+00   1.8374562e-01   4.0325070e-04  -9.8297374e-01
  -3.7933883e-01   1.7433013e+01   1.1182304e+00   2.7864582e-01  -1.1378084e-03  -9.6039326e-01
  -5.2733375e-01   3.6593883e+00   1.0610071e+00   5.2643114e-01   1.1332910e-03  -8.5021701e-01
  -5.8203000e-01   1.7548707e+01   1.0397151e+00   6.0757226e-01   3.9970914e-04  -7.9426431e-01
  -7.1397714e-01   3.6593850e+00   9.4534953e-01   5.2643306e-01   4.1185638e-04  -8.5021648e-01
  -7.5792471e-01   1.7431970e+01   9.0543577e-01   6.0755984e-01  -1.1449736e-03  -7.9427309e-01
  -8.7500725e-01   3.6593883e+00   7.9885977e-01   7.9801720e-01   1.1320363e-03  -6.0263360e-01
  -9.9279616e-01   1.6667270e+01   6.4861188e-01   8.3470017e-01   6.6304506e-04  -5.5070427e-01
  -1.0076792e+00   1.7495256e+01   6.2892711e-01   8.3127714e-01   3.1547192e-03  -5.5584923e-01
  -1.1173382e+00   1.7578825e+01  -5.1565557e-01   3.1517152e-01   2.6391100e-02   9.4866771e-01
  -1.0799078e+00   1.6699624e+01  -5.1581318e-01   8.2183467e-01   1.0683191e-03   5.6972505e-01
  -9.8190067e-01   1.7440097e+01  -6.6560779e-01   8.3584652e-01   1.0729845e-03   5.4896215e-01
  -1.0058659e+00   3.6593760e+00  -6.2586723e-01   8.9516164e-01  -1.6506249e-03   4.4573862e-01
  -8.4591629e-01   1.7541341e+01  -8.3775468e-01   6.0757476e-01   1.6544463e-03   7.9426077e-01
  -8.7553685e-01   3.6593848e+00  -7.9803737e-01   6.7369572e-01   3.1305872e-04   7.3900878e-01
  -6.7126945e-01   1.7439670e+01  -9.7141678e-01   6.0759113e-01   3.0340726e-04   7.9424991e-01
  -7.1184391e-01   3.6593757e+00  -9.4696915e-01   6.7369497e-01  -1.6741798e-03   7.3900763e-01
  -4.8562659e-01   1.7541955e+01  -1.0870962e+00   2.7862694e-01   1.6783368e-03   9.6039795e-01
  -5.2812990e-01   3.6593847e+00  -1.0604288e+00   3.6123922e-01   3.2092355e-04   9.3247312e-01
  -2.7444222e-01   1.7439066e+01  -1.1484157e+00   2.7863997e-01   3.1106787e-04   9.6039558e-01
  -3.2168051e-01   3.6593757e+00  -1.1401708e+00   3.6124319e-01  -1.6981242e-03   9.3247009e-01
  -5.9509086e-02   1.7542570e+01  -1.1892299e+00  -8.8136134e-02   1.7018519e-03   9.9610699e-01
  -1.0939200e-01   3.6598498e+00  -1.1897409e+00   9.2267025e-02  -1.1115278e-03   9.9573368e-01
   1.5952675e-01   1.7438461e+01  -1.1701299e+00  -8.8142101e-02  -1.1299227e-03   9.9610727e-01
   1.1193561e-01   3.6598399e+00  -1.1895137e+00  -9.2268187e-02  -1.0335252e-03   9.9573366e-01
   3.7472868e-01   1.7543184e+01  -1.1303053e+00  -4.4294440e-01   1.7257568e-03   8.9654742e-01
   3.2411373e-01   3.6593847e+00  -1.1394668e+00  -3.6124232e-01   3.3671857e-04   9.3247191e-01
   5.7187103e-01   1.7437855e+01  -1.0329535e+00  -4.4295866e-01   3.2644948e-04   8.9654198e-01
   5.3041883e-01   3.6593750e+00  -1.0592997e+00  -3.6123861e-01  -1.7459842e-03   9.3247178e-01
   7.5827319e-01   1.7543797e+01  -9.1827679e-01  -7.3761269e-01   1.7497932e-03   6.7522179e-01
   7.9470963e-01   3.7667563e+00  -8.7177518e-01  -6.7369814e-01   3.4459616e-04   7.3900656e-01
   8.0185098e-01   3.2867817e+00   4.3908954e-01  -5.9572051e-01   7.3458731e-01  -3.2480541e-01
   1.1021993e+00   3.4846547e+00   2.0905601e-01  -6.9649975e-01   6.8964864e-01  -1.9817379e-01
   1.0551099e+00   3.4867182e+00   3.8173974e-01  -6.9650200e-01   6.8964813e-01  -1.9816766e-01
   7.3901825e-01   3.4416185e+00  -7.9195164e-01  -5.0188199e-01   6.6590341e-01   5.5198470e-01
   2.7285144e-01   3.4899417e+00  -1.0936102e+00  -2.5293371e-01   7.1396897e-01   6.5289575e-01
   3.4424636e-01   3.3059643e+00  -8.5832664e-01  -2.7030797e-01   7.2161927e-01   6.3733761e-01
   5.4385632e-01   3.4916307e+00  -9.8729509e-01  -2.4660493e-01   7.3073251e-01   6.3656579e-01
  -7.5295544e-02   3.4887621e+00  -1.1324952e+00   6.5760627e-02   7.0144829e-01   7.0968010e-01
   1.0004418e-01   3.4862404e+00  -1.1297155e+00  -6.6798297e-02   6.8983598e-01   7.2087745e-01
  -5.0690805e-01   3.4873489e+00  -1.0050970e+00   2.6250886e-01   6.8696576e-01   6.7761873e-01
  -3.4793800e-01   3.4921355e+00  -1.0715348e+00   2.6251232e-01   6.8696515e-01   6.7761801e-01
  -1.9082845e-01   3.3169680e+00  -9.2917741e-01   1.5742076e-01   7.3213210e-01   6.6272264e-01
  -8.4238272e-01   3.4878937e+00  -7.4974406e-01   4.9241141e-01   6.8247402e-01   5.4014833e-01
  -7.1880231e-01   3.4942426e+00  -8.7042435e-01   4.9241024e-01   6.8247433e-01   5.4014900e-01
  -5.6855896e-01   3.3164394e+00  -7.6961923e-01   4.4023565e-01   7.0952790e-01   5.5023879e-01
  -1.0599364e+00   3.4898532e+00  -3.8749533e-01   6.4420890e-01   6.9433122e-01   3.2077882e-01
  -8.6951534e-01   3.3364640e+00  -4.3744596e-01   6.4341114e-01   6.9467090e-01   3.2164334e-01
  -9.4523225e-01   3.4893492e+00  -6.1650246e-01   6.4359842e-01   6.9503743e-01   3.2047471e-01
  -1.1284647e+00   3.4964124e+00  -5.5462702e-02   7.1844203e-01   6.9161377e-01   7.4239095e-02
  -9.9250516e-01   3.3733519e+00   8.8863182e-02   6.4936178e-01   7.5941131e-01  -4.0295748e-02
  -1.1052256e+00   3.4898038e+00  -2.2809655e-01   7.1698462e-01   6.9391578e-01   6.6437557e-02
  -1.0401085e+00   3.4591510e+00   3.5354673e-01   7.0808771e-01   6.7560131e-01  -2.0536469e-01
  -8.2007769e-01   3.4931209e+00   7.7908571e-01   5.7052643e-01   6.9919476e-01  -4.3084368e-01
  -8.1350297e-01   3.3788821e+00   5.9906977e-01   5.7411937e-01   7.0300279e-01  -4.1973090e-01
  -9.8280268e-01   3.4935779e+00   5.6207230e-01   5.6364336e-01   7.0790718e-01  -4.2564491e-01
  -4.7922411e-01   3.4936403e+00   1.0282104e+00   3.8320519e-01   6.8565288e-01  -6.1889733e-01
  -6.2932246e-01   3.5035107e+00   9.4620824e-01   3.8320608e-01   6.8565347e-01  -6.1889613e-01
  -6.1300122e-01   3.3821733e+00   8.1597513e-01   3.9161904e-01   7.0539924e-01  -5.9080153e-01
  -3.3577937e-01   3.4932875e+00   1.0833239e+00   1.3426087e-01   6.8271918e-01  -7.1823989e-01
  -1.7113978e-01   3.5029230e+00   1.1232595e+00   1.3426471e-01   6.8271772e-01  -7.1824056e-01
  -1.1666874e-01   3.3358507e+00   9.7146523e-01   1.2184763e-01   6.9246873e-01  -7.1108383e-01
   2.5937715e-01   3.2767876e+00   8.8182676e-01  -1.7641661e-01   7.0692610e-01  -6.8493261e-01
   2.6773865e-01   3.4905729e+00   1.0933768e+00  -1.3416794e-01   6.8327220e-01  -7.1773119e-01
   9.2100701e-02   3.4854660e+00   1.1213478e+00  -1.3416851e-01   6.8327232e-01  -7.1773097e-01
   6.9599164e-01   3.4872253e+00   8.8554073e-01  -3.7973395e-01   6.9258906e-01  -6.1328829e-01
   5.0787381e-01   3.2779386e+00   7.6814219e-01  -3.9288327e-01   6.8890486e-01  -6.0914106e-01
   4.9636235e-01   3.4860150e+00   1.0089133e+00  -3.8259969e-01   6.8686875e-01  -6.1792298e-01
   9.3365362e-01   3.4919178e+00   6.3050067e-01  -5.8177121e-01   6.8449075e-01  -4.3933434e-01
   8.2311537e-01   3.4863190e+00   7.6815384e-01  -5.8177148e-01   6.8449089e-01  -4.3933378e-01
   9.3737893e-01   3.4884393e+00  -6.2492245e-01  -6.2994904e-01   7.1151162e-01   3.1131242e-01
   7.8416928e-01   3.2655633e+00  -4.3577854e-01  -6.2739049e-01   7.0440983e-01   3.3194573e-01
   8.7750925e-01   3.2457108e+00   1.2857927e-02  -6.9631473e-01   7.1718242e-01   2.8198740e-02
   1.1221749e+00   3.4903875e+00  -3.9572784e-02  -7.1052259e-01   7.0058743e-01   6.5839998e-02
   1.1007954e+00   3.4856570e+00  -2.1995918e-01  -7.1052244e-01   7.0058772e-01   6.5838452e-02
   1.0519407e+00   3.4857140e+00  -3.9192861e-01  -6.3828867e-01   7.0112190e-01   3.1782961e-01
   7.6124170e-02   3.1276898e+00   8.3870287e-01  -2.2251895e-01  -7.0377902e-03  -9.7490296e-01
  -4.3492788e-02   3.1276305e+00   8.5051017e-01   3.1286493e-02  -3.2820111e-02  -9.9897147e-01
  -5.8603935e-01   3.0604226e+00   5.7763422e-01   6.3009986e-01  -7.4899941e-02  -7.7289338e-01
  -2.3411478e-01   3.0881650e+00   7.9080328e-01   3.4116676e-01   4.7027648e-01  -8.1390741e-01
  -6.6839057e-01   3.0284568e+00   4.7561864e-01   8.8327771e-01   1.1488910e-01  -4.5455582e-01
  -8.0420717e-01   3.0162758e+00   1.3245377e-01   9.1166021e-01  -3.1912177e-01  -2.5891496e-01
  -8.0821811e-01   2.9904553e+00  -6.0558620e-02   9.2726459e-01   3.0302160e-01   2.1990518e-01
  -6.7875766e-01   2.9718585e+00  -4.6023376e-01   9.2354012e-01  -6.9279730e-02   3.7719221e-01
  -6.0351181e-01   2.9411046e+00  -5.5898798e-01   6.0686329e-01   8.6485748e-02   7.9008681e-01
  -2.9600442e-01   2.9270413e+00  -7.5539404e-01   4.4219708e-01  -2.8955705e-01   8.4889249e-01
  -1.0110923e-01   2.9002852e+00  -8.0608079e-01   2.7727650e-02   3.1249965e-01   9.4951311e-01
   2.7658479e-01   2.8841955e+00  -7.7247803e-01  -1.9980837e-01  -2.0087110e-01   9.5902420e-01
   4.1099592e-01   2.8592341e+00  -7.0734482e-01  -6.3204506e-01   1.8451789e-01   7.5264347e-01
   6.9939668e-01   2.8411982e+00  -4.2029879e-01  -7.4376493e-01  -2.3301425e-01   6.2651263e-01
   7.6828050e-01   2.8151245e+00  -2.7754143e-01  -9.5120936e-01   2.3921689e-01   1.9487442e-01
   8.0095947e-01   2.7918456e+00   1.1304779e-01  -9.6262848e-01  -2.6902860e-01  -3.1145308e-02
   7.5563880e-01   2.7661162e+00   2.9849935e-01  -8.6846441e-01   2.5404462e-01  -4.2571222e-01
   5.5969004e-01   2.7524193e+00   5.9250286e-01  -7.1224574e-01  -3.0557134e-01  -6.3192734e-01
   3.9994048e-01   2.7269763e+00   7.0125627e-01  -3.3425408e-01   3.3188232e-01  -8.8211583e-01
  -7.6565481e-02   2.7000821e+00   8.1838359e-01  -1.2491362e-01  -2.7394206e-01  -9.5359967e-01
  -7.8745619e-01   2.6071927e+00   2.0024693e-01   8.3821373e-01   4.9556746e-01  -2.2761949e-01
  -6.4935878e-01   2.6412295e+00   4.6641638e-01   6.8302558e-01  -4.7048860e-01  -5.5867390e-01
  -2.6718707e-01   2.6751003e+00   7.8036765e-01   4.2945800e-01   4.3736484e-01  -7.9011254e-01
  -7.9015114e-01   2.5861223e+00  -1.8633366e-01   8.4198090e-01  -4.9744299e-01   2.0885075e-01
  -6.5927527e-01   2.5560430e+00  -4.5912777e-01   7.2365839e-01   4.0289176e-01   5.6035414e-01
  -4.0299783e-01   2.5439481e+00  -7.1693038e-01   6.1539562e-01  -9.5564437e-02   7.8240378e-01
  -2.8442019e-01   2.5136182e+00  -7.6900363e-01   1.6512646e-01   9.6061225e-02   9.8158316e-01
   1.1803336e-01   2.4961766e+00  -8.0470428e-01   5.9263785e-03  -2.7326425e-01   9.6192075e-01
   2.8973010e-01   2.4728924e+00  -7.5532426e-01  -5.0902117e-01   3.1377335e-01   8.0152588e-01
   7.2875433e-01   2.4414499e+00  -3.5441557e-01  -9.7050161e-01   2.0032461e-01   1.3415171e-01
   6.6958978e-01   2.4507811e+00  -4.6387971e-01  -6.6630910e-01  -2.1123234e-01   7.1513151e-01
   5.7259889e-01   3.1651452e+00   6.2119822e-01  -4.7734450e-01   4.3273324e-01  -7.6477721e-01
   3.4128751e-01   3.1221872e+00   7.3035462e-01  -4.2598083e-01   5.2016350e-01  -7.4025014e-01
   6.6463232e-01   3.1381767e+00   4.9393292e-01  -9.1433500e-01  -2.3546845e-01  -3.2946337e-01
  -5.6033931e-01   2.2840747e+00   7.0540407e-01   4.4502315e-01  -7.4596075e-01  -4.9547650e-01
   7.0024134e-02   2.2625661e+00   9.2564262e-01  -3.6974372e-07  -6.5131446e-01  -7.5880793e-01
  -1.8281429e-01   2.2939146e+00   8.6489941e-01   1.4006921e-01  -7.7146492e-01  -6.2066295e-01
  -4.2020479e-01   2.2562684e+00   8.2929286e-01   3.0282907e-01  -6.6758530e-01  -6.8016500e-01
  -7.7303666e-01   2.2486825e+00   5.4335634e-01   5.6625838e-01  -6.4760526e-01  -5.0986162e-01
  -9.4387959e-01   2.2371167e+00   1.3692430e-01   6.6669055e-01  -7.1316139e-01  -2.1662076e-01
  -8.2664175e-01   2.2739057e+00   4.0098871e-01   7.1559161e-01  -6.6698274e-01  -2.0751547e-01
  -9.5059897e-01   2.2450461e+00  -1.8741626e-02   8.0051864e-01  -5.9337247e-01   8.4136922e-02
  -8.9380352e-01   2.2362322e+00  -3.0643119e-01   5.4324134e-01  -8.1110967e-01   2.1677165e-01
   7.6141163e-01   2.3320695e+00   3.8852944e-01  -6.2538748e-01  -7.2829381e-01  -2.8014037e-01
   8.9553953e-01   2.2712230e+00   2.0630648e-01  -7.0266436e-01  -6.7264652e-01  -2.3196865e-01
   8.2770256e-01   2.3282768e+00  -2.6471637e-01  -5.4729465e-01  -8.2270894e-01   1.5368333e-01
   9.1801569e-01   2.2818326e+00  -6.1964981e-03  -7.2765863e-01  -6.8582169e-01   1.2709055e-02
   2.6134056e-01   2.2559918e+00   8.9331517e-01  -2.8857540e-01  -7.0471676e-01  -6.4815008e-01
   4.8817663e-01   2.3066798e+00   7.0632197e-01  -3.1931622e-01  -7.8819983e-01  -5.2609712e-01
   7.1420044e-01   2.2662970e+00   5.7928775e-01  -5.4918440e-01  -6.7370398e-01  -4.9448907e-01
  -9.5217946e-01   2.0836679e-01   2.6483208e-01   9.5180260e-01   4.6475635e-04  -3.0671093e-01
  -9.8569377e-01   1.9996848e+00  -8.7517030e-02   9.9449060e-01  -7.9494241e-03   1.0452396e-01
  -9.8654685e-01   1.7280319e-01  -1.4106900e-01   9.8866004e-01   6.6077681e-08   1.5017098e-01
  -8.6630277e-01   2.0201731e+00  -4.7518885e-01   8.6577357e-01   8.7987747e-08   5.0043594e-01
  -8.4576145e-01   1.9041877e-01  -5.1092061e-01   8.6602522e-01  -9.4552431e-05   5.0000031e-01
  -5.9598975e-01   2.0369032e+00  -7.8802540e-01   5.8783230e-01  -4.9254533e-05   8.0898281e-01
  -5.6476712e-01   1.9030924e-01  -8.1081124e-01   5.8778522e-01  -3.8249491e-05   8.0901702e-01
  -2.2453475e-01   2.0286719e+00  -9.6221650e-01   2.0809936e-01  -4.5603239e-05   9.7810769e-01
  -1.8612289e-01   1.9027779e-01  -9.7043659e-01   2.0791156e-01  -9.2383708e-06   9.7814763e-01
   1.8654794e-01   2.0208975e+00  -9.7032539e-01  -2.0785917e-01  -1.6004982e-05   9.7815876e-01
   2.2478841e-01   1.9017231e-01  -9.6221862e-01  -2.0791162e-01  -5.7910982e-06   9.7814761e-01
   5.6215286e-01   2.0476499e+00  -8.1274692e-01  -5.8766578e-01  -2.6779713e-06   8.0910378e-01
   5.9619839e-01   1.9079418e-01  -7.8798970e-01  -5.8778564e-01   2.4616376e-05   8.0901671e-01
   8.4666292e-01   2.0625084e+00  -5.0931417e-01  -8.6589981e-01  -4.2901473e-05   5.0021746e-01
   8.6536548e-01   1.9039853e-01  -4.7700269e-01  -8.6602513e-01   4.2581970e-06   5.0000048e-01
   9.8060451e-01   2.0206358e+00  -1.2138036e-01  -9.9451695e-01  -8.8229195e-06   1.0457550e-01
   9.8460063e-01   1.9005695e-01  -8.3443439e-02  -9.9452193e-01   3.0167227e-07   1.0452813e-01
   9.4571015e-01   2.0010436e+00   2.8640063e-01  -9.5106083e-01  -2.5845365e-06  -3.0900372e-01
   9.3341034e-01   1.9003736e-01   3.2426367e-01  -9.5105648e-01   1.1194903e-07  -3.0901709e-01
   7.4752585e-01   1.9999626e+00   6.4622516e-01  -7.4314435e-01   9.9115406e-08  -6.6913113e-01
   7.2082290e-01   1.9003730e-01   6.7588176e-01  -7.4314502e-01  -9.3072156e-08  -6.6913039e-01
   4.2005532e-01   1.9999624e+00   8.9440213e-01  -4.0673710e-01  -1.1052493e-07  -9.1354525e-01
   3.8359865e-01   1.9003737e-01   9.1063383e-01  -4.0673666e-01  -1.6605066e-08  -9.1354545e-01
   1.9953540e-02   1.9999627e+00   9.8792899e-01  -0.0000000e+00  -0.0000000e+00  -1.0000000e+00
  -1.9953347e-02   1.9003743e-01   9.8792901e-01  -1.4192201e-07  -2.7216719e-08  -1.0000000e+00
  -3.8359842e-01   1.9999626e+00   9.1063378e-01   4.0673676e-01  -6.3608879e-08  -9.1354541e-01
  -4.2005526e-01   1.9003741e-01   8.9440223e-01   4.0673689e-01  -3.5933768e-08  -9.1354535e-01
  -7.2082277e-01   1.9999628e+00   6.7588180e-01   7.4314463e-01  -3.8437523e-08  -6.6913082e-01
  -7.4752571e-01   1.9003739e-01   6.4622519e-01   7.4314488e-01   3.2394237e-08  -6.6913054e-01
  -9.3341021e-01   1.9999625e+00   3.2426367e-01   9.5105657e-01  -1.8127591e-08  -3.0901683e-01
  -1.9024210e+00   1.6990865e+01   4.9999987e-01  -4.3235952e-07   6.8138361e-10  -1.0000000e+00
  -1.4043917e+00   1.7360547e+01   4.9999869e-01  -2.4034237e-06  -2.3958873e-06  -1.0000000e+00
  -1.9201159e+00   1.6973622e+01  -5.0000040e-01   8.6472015e-07   5.8382777e-07   1.0000000e+00
  -1.4241577e+00   1.7428572e+01  -5.0000392e-01  -1.5987198e-05  -3.2464704e-06   1.0000000e+00
  -2.0551151e+00   1.7540349e+01  -5.0000642e-01   3.4907861e-05   4.6553838e-05   1.0000000e+00
  -1.3077554e+00   1.6700002e+01  -3.3345614e-01   4.2368522e-12   1.0000000e+00   4.8996802e-06
  -2.1784732e+00   1.6700002e+01  -4.7153759e-01  -1.4467077e-05   1.0000000e+00   4.2021060e-05
  -1.9954033e+00   1.6700001e+01  -1.4475566e-01   1.0494571e-06   1.0000000e+00  -3.0482522e-06
  -1.3542877e+00   1.6700001e+01   1.1451228e-01   1.7753350e-06   1.0000000e+00  -1.6450397e-07
  -2.0700360e+00   1.6700002e+01   3.3051260e-01   8.8724000e-07   1.0000000e+00   5.3747170e-06
  -1.2069544e+00   1.6700002e+01   4.1909937e-01  -3.4588852e-06   1.0000000e+00  -2.0953213e-05
  -6.5426579e-01   3.2865142e+00   7.1539204e-01   4.7586166e-01  -5.9853935e-01  -6.4444265e-01
  -7.8002997e-01   3.2707194e+00   5.9217861e-01   4.1083486e-01  -8.8868281e-01  -2.0361133e-01
  -9.5075737e-01   3.2376164e+00   5.0561898e-02   3.9954016e-01  -9.1631140e-01   2.7222797e-02
  -9.0011785e-01   3.2196550e+00  -2.5699230e-01   8.1665589e-01  -4.7002804e-01   3.3488326e-01
  -7.4693626e-01   3.2163055e+00  -5.6792781e-01   4.7473224e-01  -8.2358562e-01   3.1038044e-01
  -1.1343511e-01   3.1689817e+00  -9.1294200e-01   3.2959824e-02  -8.8980341e-01   4.5515222e-01
  -6.4470036e-01   3.2026181e+00  -6.9548296e-01   2.3190963e-01  -8.9613835e-01   3.7835694e-01
  -4.3761955e-01   3.1784250e+00  -8.3026394e-01   2.0924877e-01  -7.6142174e-01   6.1355675e-01
   8.5530924e-02   3.1444020e+00  -9.2951360e-01  -1.6827108e-01  -7.8544010e-01   5.9562463e-01
   4.2973625e-01   3.1331423e+00  -7.9421901e-01  -2.3194141e-01  -9.0582924e-01   3.5450892e-01
   6.5263071e-01   3.1029932e+00  -6.6427995e-01  -4.5156679e-01  -8.0939147e-01   3.7546356e-01
   7.6625134e-01   3.1142413e+00  -4.4831851e-01  -4.3242788e-01  -8.8145750e-01   1.8983890e-01
   8.7664354e-01   3.0809753e+00  -2.2826236e-01  -6.0736846e-01  -7.9046878e-01   7.9137024e-02
   8.6512942e-01   3.1006390e+00   6.9208815e-02  -5.0856736e-01  -8.6086137e-01  -1.6641390e-02
   8.3720784e-01   3.0819469e+00   2.5828245e-01  -4.6870099e-01  -8.3232196e-01  -2.9590461e-01
   7.3599131e-01   3.0208428e+00   5.4360939e-01  -5.4060520e-01  -7.3789700e-01  -4.0404708e-01
   4.9970159e-01   3.0103532e+00   7.3650464e-01  -1.2427767e-01  -9.0865265e-01  -3.9862944e-01
   1.0595385e-01   2.9614122e+00   9.3456186e-01  -1.1392591e-01  -8.3662685e-01  -5.3579511e-01
  -7.9113134e-02   2.9514666e+00   9.2641481e-01   2.4685193e-01  -8.0275038e-01  -5.4282220e-01
  -5.3935135e-01   2.9320432e+00   7.0600273e-01   2.5387909e-01  -8.9547088e-01  -3.6561909e-01
  -8.6763556e-01   2.8964433e+00   2.5528417e-01   4.3229536e-01  -8.9025389e-01  -1.4341800e-01
  -9.2902399e-01   2.8603080e+00   7.3671977e-02   5.4638287e-01  -8.2440285e-01   1.4773525e-01
  -8.0360155e-01   2.8429588e+00  -3.7974556e-01   4.2416174e-01  -8.8699324e-01   1.8256457e-01
  -4.2962758e-01   2.8087477e+00  -7.8869500e-01   2.1898118e-01  -8.8494014e-01   4.1100874e-01
  -7.1602846e-01   2.8119840e+00  -5.7939795e-01   4.0573515e-01  -7.8466443e-01   4.6870110e-01
  -2.6047274e-01   2.7944234e+00  -8.4555517e-01  -5.5679776e-02  -8.0373245e-01   5.9237987e-01
   2.2460386e-01   2.7380706e+00  -8.9815726e-01  -2.7703321e-02  -8.6835584e-01   4.9516731e-01
   3.9858530e-01   2.7469452e+00  -8.0259970e-01  -3.9473901e-01  -8.4223852e-01   3.6717214e-01
   8.7527208e-01   2.6876000e+00  -1.8759781e-01  -4.2737424e-01  -9.0401956e-01  -9.9947801e-03
   7.5832299e-01   2.6982060e+00  -4.6220483e-01  -6.0829320e-01  -6.4033047e-01   4.6899496e-01
   8.3874614e-01   2.6491913e+00   3.0099862e-01  -3.9241442e-01  -8.8129254e-01  -2.6331421e-01
   9.2307762e-01   2.6453211e+00   1.0771723e-01  -5.4603956e-01  -8.3237053e-01  -9.4868864e-02
   6.9973816e-01   2.6048607e+00   6.2227712e-01  -4.3516536e-01  -8.3577941e-01  -3.3481917e-01
   5.5143988e-01   2.5940917e+00   7.4683509e-01  -1.8368911e-01  -8.2748826e-01  -5.3058599e-01
   7.9782574e-02   2.5793806e+00   8.9505821e-01  -6.5920723e-02  -9.0471759e-01  -4.2088067e-01
  -1.3450840e-01   2.5495196e+00   9.0604768e-01   2.9410759e-01  -7.5542089e-01  -5.8552540e-01
  -6.0663589e-01   2.5245053e+00   6.5111257e-01   2.8728894e-01  -8.9084550e-01  -3.5193657e-01
  -7.6505113e-01   2.4950534e+00   5.1404561e-01   5.7555936e-01  -7.8226246e-01  -2.3832093e-01
  -8.7809662e-01   2.4798874e+00   1.3512258e-01   4.1586968e-01  -9.0925529e-01  -1.7527906e-02
  -4.1379743e-01   2.3900377e+00  -7.9958605e-01   2.9317853e-01  -7.0447208e-01   6.4634777e-01
  -7.1232111e-01   2.4304093e+00  -5.3653236e-01   2.4729572e-01  -9.2330598e-01   2.9385523e-01
  -7.6782964e-02   2.3766549e+00  -8.9784499e-01  -3.4549128e-03  -8.9543660e-01   4.4517565e-01
   6.3383394e-01   2.3390543e+00  -6.0947902e-01  -2.7799692e-01  -8.9753445e-01   3.4227126e-01
   7.8132857e-01   2.3080185e+00  -4.9346437e-01  -5.7002273e-01  -7.8925268e-01   2.2837313e-01
  -7.1093921e-01   2.9009388e+00   5.9118960e-01   5.0539357e-01  -8.1888117e-01  -2.7204958e-01
  -2.2175133e-01   3.2278616e+00   8.6650547e-01   2.5034620e-02   4.9195530e-01  -8.7026045e-01
  -3.6985308e-01   3.2528910e+00   8.4654053e-01   3.1707757e-01   6.3181663e-01  -7.0729737e-01
   4.1447097e-01   2.8750076e+00   8.3375177e-01  -2.2201177e-01   8.2087906e-01  -5.2618279e-01
  -2.0151427e-01   3.0605737e+00  -9.0334407e-01   2.7737981e-01   7.9952821e-01   5.3274299e-01
  -9.0067605e-01   3.1335330e+00  -1.1219463e-01   5.8473946e-01   7.9247462e-01   1.7338897e-01
  -8.9386800e-01   3.2521346e+00   3.7099897e-01   7.2098349e-01  -6.5755212e-01  -2.1865044e-01
  -1.1199138e-02   3.0494223e+00  -9.2811293e-01  -4.0716219e-02   8.3648544e-01   5.4647443e-01
   3.9284269e-01   2.2472241e+00  -8.8407757e-01  -3.0728285e-01  -7.1149551e-01   6.3194255e-01
  -9.4051087e-01   2.3596590e+00  -1.5404708e-02   7.0532696e-01   6.9894927e-01   1.1825310e-01
  -8.0796901e-01   2.3876511e+00   4.7230048e-01   5.9519384e-01   7.2302406e-01  -3.5068576e-01
   7.7669214e-01   2.5721234e+00  -4.3143920e-01  -5.4926936e-01   6.5848089e-01   5.1449596e-01
  -4.2284508e-01   2.4151227e+00   7.9869368e-01   2.3042624e-01   7.0064841e-01  -6.7527443e-01
   1.6859074e-01   2.3492567e+00  -8.7956343e-01  -3.1020031e-01  -7.0406679e-01   6.3880023e-01
  -8.8802806e-01   2.4461656e+00  -2.0601348e-01   7.1588714e-01  -6.6786242e-01   2.0363053e-01
  -8.8128369e-02   2.2560745e+00  -1.0177154e+00   1.7690296e-01   5.6131196e-01   8.0847649e-01
  -2.9474773e-01   2.8244547e+00   8.7621874e-01   2.1670625e-01   6.5969846e-01  -7.1960847e-01
   1.6797228e-02   2.2490712e+00  -1.0166874e+00  -1.9017372e-01   2.9721519e-01   9.3568001e-01
  -3.9827944e-01   2.2745912e+00  -9.0155997e-01   4.0912045e-01  -4.1274236e-01   8.1379617e-01
  -7.3449947e-01   2.2807248e+00  -6.9611060e-01   5.8514174e-01   1.4615443e-01   7.9765157e-01
  -8.0964808e-01   2.3037289e+00  -5.8064496e-01   8.3110474e-01   5.4349125e-01   1.1782262e-01
  -9.2432011e-01   2.3613854e+00   1.6250837e-01   4.6013907e-01   8.6745511e-01  -1.8919215e-01
  -1.1854944e-02   2.4228740e+00   8.9701944e-01   3.3824785e-02   8.7876916e-01  -4.7604690e-01
  -6.4995687e-01   2.3882562e+00   6.4704171e-01   2.7481475e-01   8.7768378e-01  -3.9261691e-01
   5.6541596e-01   2.4812453e+00   7.1234047e-01  -2.2893266e-01   8.8468501e-01  -4.0610624e-01
   1.7372751e-01   2.4282329e+00   8.5599356e-01  -3.6031125e-01   7.7448226e-01  -5.1995484e-01
   6.9573278e-01   2.4435310e+00   4.7160058e-01  -7.1612942e-01   6.6528184e-01  -2.1108939e-01
   8.5654272e-01   2.5182030e+00   3.3345628e-01  -4.5751107e-01   8.6321101e-01  -2.1342535e-01
   9.1362952e-01   2.5255164e+00   8.6404736e-02  -6.3033387e-01   7.7623739e-01   1.1607196e-02
   8.5976002e-01   2.5256230e+00  -1.9575799e-01  -4.5715618e-01   8.6823667e-01   1.9280381e-01
   3.8980096e-01   2.5924520e+00  -8.0450437e-01  -2.5839410e-01   8.7874728e-01   4.0129255e-01
   2.2054040e-01   2.6091810e+00  -8.6710261e-01   8.3791872e-02   8.5246685e-01   5.1602248e-01
  -2.7767588e-01   2.6649007e+00  -8.7684971e-01   8.6067805e-02   8.4874412e-01   5.2175257e-01
  -4.4249221e-01   2.6571921e+00  -7.8047387e-01   3.5784157e-01   8.6549117e-01   3.5053452e-01
  -7.2813510e-01   2.7006578e+00  -5.6632355e-01   4.4878007e-01   8.0623149e-01   3.8547015e-01
  -9.3151031e-01   2.7512456e+00   1.1799070e-01   5.3525102e-01   8.4416615e-01   2.9830402e-02
  -8.0906794e-01   2.6993294e+00  -3.6968914e-01   4.8005941e-01   8.7627619e-01   4.1024327e-02
  -5.7080802e-01   2.7881298e+00   6.7741883e-01   2.4711323e-01   9.0777937e-01  -3.3892723e-01
  -8.8992003e-01   2.7656844e+00   3.1397667e-01   4.6107412e-01   8.0755220e-01  -3.6779083e-01
   2.3475987e-02   2.8340248e+00   8.9559985e-01  -1.1923967e-01   8.9884953e-01  -4.2172435e-01
   8.8913246e-01   2.9165096e+00   1.2006689e-01  -4.4496819e-01   8.9278812e-01   7.0233002e-02
   8.3910158e-01   2.9146610e+00   3.6418005e-01  -5.4719462e-01   7.8136767e-01  -3.0007102e-01
   5.6260513e-01   2.8674372e+00   6.9538846e-01  -4.2896544e-01   8.5973528e-01  -2.7720733e-01
   8.7377820e-01   2.9633230e+00  -2.8864640e-01  -5.9791346e-01   7.8210530e-01   1.7553003e-01
   7.5633414e-01   2.9625715e+00  -4.7394244e-01  -3.2612314e-01   8.6801765e-01   3.7441829e-01
   5.3805656e-01   3.0089318e+00  -7.6742099e-01  -3.3056526e-01   8.6049708e-01   3.8764855e-01
   3.5550338e-01   2.9951551e+00  -8.1809755e-01  -4.0305565e-02   8.3524887e-01   5.4839291e-01
  -5.8397958e-01   3.0708039e+00  -6.8070140e-01   2.8253779e-01   8.8890712e-01   3.6057805e-01
  -7.0767222e-01   3.0807255e+00  -5.3077549e-01   6.0154938e-01   7.7954983e-01   1.7447176e-01
  -6.5362185e-01   3.1761430e+00   6.1389416e-01   2.5987006e-01   8.2634543e-01  -4.9962064e-01
  -7.9074748e-01   3.1810545e+00   4.8523141e-01   4.7344827e-01   8.4881960e-01  -2.3527011e-01
  -8.8792132e-01   3.1326475e+00   9.0577051e-02   4.3866861e-01   8.7570203e-01  -2.0178159e-01
