  -1.0201359e+01   1.1936760e+01   8.1755606e+00  -1.9324151e-01  -2.5829044e-01   9.4654306e-01
  -1.0213724e+01   1.2185100e+01   7.9364002e+00  -6.7978524e-01   6.4927138e-01   3.4108458e-01
  -1.0101412e+01   1.1978581e+01   8.2018962e+00  -1.1704960e-01  -2.0952606e-01   9.7077197e-01
  -9.8413291e+00   1.2190343e+01   8.2662125e+00  -1.6840767e-01  -4.7761200e-02   9.8455966e-01
  -9.6730338e+00   1.2319071e+01   8.2917845e+00  -2.5747078e-02  -8.1195540e-02   9.9636558e-01
  -9.2918821e+00   1.2587644e+01   8.2604678e+00   2.0810883e-01   3.3506652e-02   9.7753160e-01
  -9.1918862e+00   1.2660537e+01   8.2394592e+00   1.4584750e-01   4.1280634e-02   9.8844545e-01
  -9.1295134e+00   1.2744598e+01   8.2157416e+00   2.8338043e-01   1.4727412e-01   9.4763171e-01
  -8.9319884e+00   1.2950950e+01   8.1258920e+00   2.9376685e-01   1.2390929e-01   9.4781197e-01
  -8.8541537e+00   1.2959991e+01   8.0968871e+00   4.1199767e-01   2.5102351e-01   8.7592529e-01
  -8.8548670e+00   1.3032119e+01   8.0732754e+00   4.2648600e-01   2.9771972e-01   8.5409172e-01
  -8.6670078e+00   1.3233173e+01   7.9197320e+00   2.8521665e-01   3.6702691e-01   8.8540539e-01
  -8.5884633e+00   1.3385854e+01   7.8169288e+00   4.6219137e-01   3.7385501e-01   8.0412161e-01
  -8.5066863e+00   1.3380085e+01   7.7677482e+00   6.7788608e-01   1.8372527e-01   7.1183951e-01
  -8.3377919e+00   1.3741228e+01   7.4006779e+00   5.8560955e-01   4.9969701e-01   6.3825101e-01
  -8.2863722e+00   1.3747437e+01   7.3463582e+00   6.2249306e-01   5.8501970e-01   5.1985992e-01
  -8.3092789e+00   1.3802751e+01   7.3142924e+00   6.2063883e-01   5.6628241e-01   5.4233907e-01
  -8.2512253e+00   1.4081738e+01   6.8530046e+00   5.5660096e-01   7.6494294e-01   3.2412601e-01
  -8.2470498e+00   1.4143996e+01   6.7169720e+00   5.0937714e-01   7.5978824e-01   4.0405045e-01
  -8.2885978e+00   1.4222209e+01   6.5899667e+00   4.8559395e-01   8.2812077e-01   2.8002591e-01
  -8.2613627e+00   1.4309376e+01   6.2656395e+00   6.3295030e-01   7.4732812e-01   2.0217467e-01
  -8.3387642e+00   1.4051044e+01   6.9868494e+00   2.5663619e-01   8.1927727e-01   5.1275982e-01
  -8.3435289e+00   1.3964251e+01   7.1245349e+00   2.6058780e-01   8.0651357e-01   5.3068810e-01
  -8.4922038e+00   1.3549985e+01   7.6609882e+00   2.6317428e-01   6.5679386e-01   7.0665488e-01
  -9.5080477e+00   1.2471029e+01   8.2891145e+00  -7.9530244e-02   2.3698879e-01   9.6825165e-01
  -8.4397428e+00   1.3806939e+01   7.3639441e+00  -8.9966924e-02   7.9498322e-01   5.9992302e-01
  -8.9685478e+00   1.3065101e+01   8.0682391e+00  -1.4990593e-01   6.2445240e-01   7.6654251e-01
  -9.0794191e+00   1.2956295e+01   8.1310084e+00  -1.5209179e-01   5.8256973e-01   7.9842382e-01
  -9.9855713e+00   1.2226391e+01   8.2156527e+00  -4.5200506e-01   3.5607940e-01   8.1786239e-01
  -1.0208996e+01   1.2036843e+01   8.1673811e+00  -5.4071463e-01   4.1221453e-01   7.3328499e-01
  -8.7475177e+00   1.3423373e+01   7.7542353e+00  -4.3693378e-01   7.6493994e-01   4.7323965e-01
  -9.2672322e+00   1.2788599e+01   8.1954901e+00  -4.0885426e-01   6.1431667e-01   6.7487275e-01
  -9.7507063e+00   1.2419690e+01   8.2249322e+00  -4.7488487e-01   6.5082157e-01   5.9238134e-01
  -2.8963856e+00   7.3790921e+00   2.7839225e+00   7.9795089e-01   6.0207630e-01   2.7901855e-02
  -6.0489528e+00   1.1417760e+01   4.4704943e+00   7.4994753e-01   6.4778875e-01  -1.3397182e-01
  -3.1288384e+00   7.5675748e+00   2.4127016e+00   7.1720823e-01   6.5925234e-01  -2.2582892e-01
  -6.2281738e+00   1.1412459e+01   3.9691453e+00   6.5190143e-01   6.7537617e-01  -3.4480654e-01
  -3.4286540e+00   7.5875109e+00   1.8849105e+00   5.8276777e-01   6.6819300e-01  -4.6249307e-01
  -6.5792841e+00   1.1376583e+01   3.4748930e+00   4.9446140e-01   6.5928882e-01  -5.6643285e-01
  -3.8245155e+00   7.4964894e+00   1.4334047e+00   4.0526280e-01   6.2737772e-01  -6.6495057e-01
  -7.0125223e+00   1.1232107e+01   3.0745403e+00   3.0019233e-01   5.9450428e-01  -7.4595524e-01
  -4.2870630e+00   7.3012536e+00   1.0916644e+00   1.9785147e-01   5.3983135e-01  -8.1819124e-01
  -7.4957584e+00   1.0989746e+01   2.7977802e+00   8.3507536e-02   4.8582882e-01  -8.7005566e-01
  -4.7819846e+00   7.0162823e+00   8.8503678e-01  -2.4074119e-02   4.1205034e-01  -9.1084299e-01
  -7.9931515e+00   1.0667477e+01   2.6651380e+00  -1.3952708e-01   3.4132090e-01  -9.2953334e-01
  -1.0859065e+01   1.3120869e+01   4.1053329e+00  -3.9876630e-01   1.2249784e-01  -9.0883426e-01
  -8.6194687e+00   1.0524370e+01   2.7782770e+00  -3.7322141e-01   1.4444707e-01  -9.1642830e-01
  -5.5294832e+00   6.2702155e+00   8.3258849e-01  -4.5088689e-01   8.2536860e-02  -8.8875682e-01
  -8.4230576e+00   1.0610516e+01   2.7215971e+00  -2.6814500e-01   2.3601659e-01  -9.3402057e-01
  -5.2725827e+00   6.6627189e+00   8.2885050e-01  -2.4406130e-01   2.5350837e-01  -9.3603824e-01
  -6.0213421e+00   4.4836578e+00   3.7744617e+00  -6.5733684e-01  -6.6834822e-01   3.4816511e-01
  -1.0692138e+01   1.0848176e+01   7.1573770e+00  -5.0160653e-01  -6.5952807e-01   5.5983355e-01
  -5.8338952e+00   4.6312550e+00   4.1812271e+00  -4.9518076e-01  -6.5836792e-01   5.6687539e-01
  -1.0302229e+01   1.0721030e+01   7.2795648e+00  -4.0454627e-01  -6.2830326e-01   6.6451285e-01
  -4.9606212e+00   4.8381284e+00   4.7535503e+00  -8.5240180e-02  -4.8360119e-01   8.7112800e-01
  -1.0015481e+01   1.0951303e+01   7.6143949e+00  -2.4229324e-01  -5.6475426e-01   7.8888948e-01
  -5.4007295e+00   4.7757142e+00   4.5815193e+00  -3.0091152e-01  -5.9358363e-01   7.4639851e-01
  -1.0243397e+01   1.1724995e+01   8.0643042e+00  -1.1352374e-01  -4.9737330e-01   8.6007683e-01
  -9.8007156e+00   1.1197505e+01   7.8162318e+00  -1.0698720e-01  -4.9683957e-01   8.6122249e-01
  -4.7098778e+00   4.9826703e+00   4.8585316e+00  -8.4559053e-02  -4.8447433e-01   8.7070913e-01
  -9.8317085e+00   1.1866576e+01   8.1569227e+00   3.5133443e-02  -4.0779544e-01   9.1239713e-01
  -4.4598282e+00   5.1447132e+00   4.9251407e+00   1.3862949e-01  -3.4015940e-01   9.3009325e-01
  -9.5120692e+00   1.2121173e+01   8.2162741e+00   1.8736147e-01  -3.0369004e-01   9.3416703e-01
  -4.2109696e+00   5.3242236e+00   4.9532707e+00   1.3710204e-01  -3.3820004e-01   9.3103371e-01
  -9.2846427e+00   1.2387036e+01   8.2311969e+00   3.3087809e-01  -1.8643138e-01   9.2507461e-01
  -3.9743200e+00   5.5130337e+00   4.9421938e+00   3.5100512e-01  -1.6993577e-01   9.2082422e-01
  -9.1482208e+00   1.2550580e+01   8.2152983e+00   3.3131577e-01  -1.8709647e-01   9.2478363e-01
  -8.8817216e+00   1.2638030e+01   8.0967115e+00   4.6582631e-01  -6.6403018e-02   8.8238115e-01
  -3.7446190e+00   5.7155144e+00   4.8909347e+00   3.4725508e-01  -1.6510818e-01   9.2312144e-01
  -8.8256798e+00   1.2932062e+01   8.0845199e+00   5.8266433e-01   5.8592157e-02   8.1059808e-01
  -3.5393339e+00   5.9158720e+00   4.8052018e+00   5.3817201e-01   1.1827828e-02   8.4275203e-01
  -8.6157515e+00   1.2952868e+01   7.9326227e+00   5.8137885e-01   6.0341494e-02   8.1139234e-01
  -3.3493395e+00   6.1228398e+00   4.6804679e+00   5.3656756e-01   1.3898376e-02   8.4374290e-01
  -8.4868581e+00   1.3202649e+01   7.7947256e+00   6.7766898e-01   1.8400561e-01   7.1197380e-01
  -3.1863208e+00   6.3240699e+00   4.5241012e+00   6.8486252e-01   1.9344435e-01   7.0252588e-01
  -8.4200083e+00   1.3378047e+01   7.6857170e+00   6.7796029e-01   1.8366401e-01   7.1178464e-01
  -8.2479420e+00   1.3471053e+01   7.4447061e+00   7.5344078e-01   2.9767424e-01   5.8627386e-01
  -3.0468103e+00   6.5242133e+00   4.3314557e+00   6.8074942e-01   1.9872486e-01   7.0504514e-01
  -8.2728393e+00   1.3733888e+01   7.3399874e+00   8.0119856e-01   4.0375284e-01   4.4166109e-01
  -2.9412463e+00   6.7073843e+00   4.1200242e+00   7.8160028e-01   3.5962815e-01   5.0967499e-01
  -8.1424134e+00   1.3723595e+01   7.1137741e+00   7.9970305e-01   4.0581682e-01   4.4247909e-01
  -2.8648186e+00   6.8821568e+00   3.8784811e+00   7.7962264e-01   3.6217680e-01   5.1089775e-01
  -8.1506415e+00   1.3944111e+01   6.8821474e+00   8.1935171e-01   4.9865817e-01   2.8284766e-01
  -2.8226026e+00   7.0372682e+00   3.6226718e+00   8.1953311e-01   5.0021898e-01   2.7954686e-01
  -8.1370169e+00   1.4030111e+01   6.6911100e+00   8.1941053e-01   4.9845776e-01   2.8303047e-01
  -2.8135273e+00   7.1743859e+00   3.3507529e+00   8.1957993e-01   5.0015853e-01   2.7951778e-01
  -8.0980713e+00   1.4071129e+01   6.3732345e+00   8.1028321e-01   5.7482567e-01   1.1409016e-01
  -2.8387987e+00   7.2894783e+00   3.0690964e+00   7.9777305e-01   6.0230705e-01   2.8006752e-02
  -6.0833702e+00   1.1506765e+01   4.8265524e+00   7.9972076e-01   5.9918776e-01   3.7692658e-02
  -8.2291595e+00   1.4280608e+01   6.1504331e+00   7.8866317e-01   6.1478899e-01  -6.7007802e-03
  -1.1066482e+01   1.2918672e+01   4.1917825e+00  -4.9240421e-01   3.1218271e-02  -8.6980660e-01
  -5.7486798e+00   6.0592796e+00   9.2331313e-01  -4.4788589e-01   7.8658754e-02  -8.9062395e-01
  -1.1241113e+01   1.2693356e+01   4.3058281e+00  -5.7812071e-01  -5.9073432e-02  -8.1381003e-01
  -5.9363372e+00   5.8548749e+00   1.0464229e+00  -6.1514041e-01  -1.0634038e-01  -7.8121316e-01
  -1.1406520e+01   1.2489524e+01   4.4638118e+00  -6.5054801e-01  -1.5149282e-01  -7.4420240e-01
  -6.1015382e+00   5.6510797e+00   1.2046692e+00  -6.1639941e-01  -1.0471812e-01  -7.8043954e-01
  -1.1545105e+01   1.2291862e+01   4.6523914e+00  -7.1334832e-01  -2.3788688e-01  -6.5919952e-01
  -6.2460134e+00   5.4527545e+00   1.3860601e+00  -7.1334821e-01  -2.3788669e-01  -6.5919971e-01
  -1.1653673e+01   1.2104152e+01   4.8688250e+00  -7.6160346e-01  -3.2146734e-01  -5.6268900e-01
  -6.3540840e+00   5.2652331e+00   1.6029061e+00  -7.6160322e-01  -3.2146681e-01  -5.6268964e-01
  -1.1730409e+01   1.1929856e+01   5.1088219e+00  -7.9567032e-01  -3.9905729e-01  -4.5569949e-01
  -6.4217680e+00   5.0954174e+00   1.8472346e+00  -8.0591507e-01  -4.3677168e-01  -3.9966412e-01
  -1.1773615e+01   1.1772368e+01   5.3680444e+00  -8.1365908e-01  -4.7083202e-01  -3.4099283e-01
  -6.4647028e+00   4.9380753e+00   2.1065910e+00  -8.0717512e-01  -4.3515167e-01  -3.9888763e-01
  -1.1783285e+01   1.1634189e+01   5.6412681e+00  -8.1898131e-01  -5.3063157e-01  -2.1840272e-01
  -6.4734650e+00   4.8016439e+00   2.3776302e+00  -8.1402683e-01  -5.5931840e-01  -1.5659900e-01
  -1.1758169e+01   1.1518508e+01   5.9238508e+00  -8.0653367e-01  -5.8378119e-01  -9.3289662e-02
  -6.4480753e+00   4.6861513e+00   2.6602653e+00  -8.1528644e-01  -5.5769866e-01  -1.5582113e-01
  -1.1699809e+01   1.1426786e+01   6.2102412e+00  -7.8155238e-01  -6.2285180e-01   3.5092851e-02
  -6.3894444e+00   4.5958602e+00   2.9441008e+00  -7.6167296e-01  -6.4050415e-01   9.8024161e-02
  -1.1608232e+01   1.1361494e+01   6.4952262e+00  -7.3949667e-01  -6.5355468e-01   1.6127915e-01
  -6.2976127e+00   4.5307831e+00   3.2290524e+00  -7.6293135e-01  -6.3888452e-01   9.8804494e-02
  -1.1486170e+01   1.1323031e+01   6.7735423e+00  -6.8615877e-01  -6.6887794e-01   2.8598679e-01
  -6.1759369e+00   4.4933296e+00   3.5046338e+00  -6.5273635e-01  -6.7430687e-01   3.4531941e-01
  -1.1338678e+01   1.1315176e+01   7.0382940e+00  -6.1832665e-01  -6.7499449e-01   4.0256004e-01
  -1.0796168e+01   1.0833852e+01   7.0242393e+00  -5.5352206e-01  -6.7209003e-01   4.9184176e-01
  -1.1186270e+01   1.1363713e+01   7.3051629e+00  -5.4666187e-01  -6.6639866e-01   5.0702428e-01
  -1.0709299e+01   1.3336021e+01   4.0932131e+00  -2.2842531e-01   2.7695016e-01  -9.3333835e-01
  -1.0750819e+01   1.3516774e+01   4.2504481e+00  -6.5331188e-01   7.3816453e-01  -1.6821627e-01
  -1.1274460e+01   1.1574686e+01   7.3529885e+00  -7.8114411e-01  -1.5997868e-01   6.0350700e-01
  -1.1345819e+01   1.1467774e+01   7.2288556e+00  -7.7904135e-01  -2.0839812e-01   5.9132462e-01
  -1.1500295e+01   1.1474616e+01   7.0095294e+00  -7.7850983e-01  -3.7927365e-01   5.0007394e-01
  -1.1567727e+01   1.1487344e+01   6.8967647e+00  -8.2454092e-01  -4.2152541e-01   3.7742364e-01
  -1.1661257e+01   1.1534170e+01   6.7032318e+00  -9.1385927e-01  -2.5620020e-01   3.1499634e-01
  -1.1750082e+01   1.1543382e+01   6.4468530e+00  -9.1172897e-01  -2.8687076e-01   2.9403308e-01
  -1.1801516e+01   1.1593173e+01   6.3000434e+00  -9.2415653e-01  -3.5273094e-01   1.4668194e-01
  -1.1840706e+01   1.1657734e+01   6.1293498e+00  -9.7353821e-01  -2.1369091e-01   8.0991078e-02
  -1.1872224e+01   1.1708500e+01   5.8585441e+00  -9.6353573e-01  -2.6352635e-01   4.6397929e-02
  -1.1889964e+01   1.1789162e+01   5.7025822e+00  -9.0688109e-01  -3.9264675e-01  -1.5295495e-01
  -1.1887154e+01   1.1863478e+01   5.5713276e+00  -9.6225268e-01  -1.8121601e-01  -2.0305303e-01
  -1.1856179e+01   1.1981302e+01   5.3141923e+00  -9.7014024e-01  -1.5878398e-01  -1.8334549e-01
  -1.1834775e+01   1.2085185e+01   5.1731455e+00  -8.8393019e-01  -2.6311912e-01  -3.8656919e-01
  -1.1798950e+01   1.2176968e+01   5.0588992e+00  -9.1071255e-01  -4.1820089e-02  -4.1091815e-01
  -1.1706144e+01   1.2326645e+01   4.8354140e+00  -9.2070491e-01  -2.1724186e-02  -3.8965436e-01
  -1.1647804e+01   1.2446852e+01   4.7201198e+00  -8.0288976e-01  -1.0444264e-01  -5.8690695e-01
  -1.1582773e+01   1.2548936e+01   4.6309022e+00  -8.0761485e-01   1.0083807e-01  -5.8102490e-01
  -1.1437268e+01   1.2718086e+01   4.4592784e+00  -7.9850147e-01   8.9090534e-02  -5.9536399e-01
  -1.1367229e+01   1.2817910e+01   4.3956591e+00  -6.6495230e-01   6.3976060e-02  -7.4414078e-01
  -1.1252832e+01   1.2942590e+01   4.3130252e+00  -6.7869405e-01   2.1440267e-01  -7.0242856e-01
  -1.0845766e+01   1.3341765e+01   4.1444917e+00  -5.1364499e-01   3.8094107e-01  -7.6879953e-01
  -1.1892765e+01   1.1892451e+01   5.7638160e+00  -9.5628499e-01   2.2074818e-01   1.9180528e-01
  -1.1891891e+01   1.1992603e+01   5.5646150e+00  -9.9494870e-01   8.0582732e-02  -5.9862419e-02
  -1.1821123e+01   1.2203380e+01   5.2484285e+00  -8.9405191e-01   4.4716414e-01   2.6747384e-02
  -1.1668388e+01   1.2515796e+01   4.8118728e+00  -9.2410085e-01   3.7255497e-01  -8.5090639e-02
  -1.1600779e+01   1.2623502e+01   4.7121055e+00  -8.6830405e-01   3.9484537e-01  -3.0024193e-01
  -1.1383497e+01   1.2897498e+01   4.5039814e+00  -8.0991622e-01   5.6067456e-01  -1.7227815e-01
  -1.1172165e+01   1.3112959e+01   4.3303702e+00  -7.5444548e-01   4.9856983e-01  -4.2689593e-01
  -1.1049180e+01   1.3226827e+01   4.2684677e+00  -6.8610016e-01   5.9867703e-01  -4.1334293e-01
  -1.1553501e+01   1.1624432e+01   6.9271825e+00  -7.0903687e-01   5.9292284e-01   3.8171878e-01
  -1.1727476e+01   1.1789187e+01   6.3337539e+00  -6.8859589e-01   6.2321219e-01   3.7073206e-01
  -1.1329882e+01   1.2415683e+01   5.7353134e+00  -5.7345085e-01   7.3907544e-01   3.5344251e-01
  -9.8194383e+00   1.3884564e+01   5.1132559e+00  -5.7320717e-01   7.3923197e-01   3.5351045e-01
  -1.1315872e+01   1.2277975e+01   6.0459526e+00  -5.7346920e-01   7.3901693e-01   3.5353509e-01
  -1.0815195e+01   1.3374701e+01   4.5642674e+00  -5.7391068e-01   7.3878325e-01   3.5330702e-01
  -1.0487695e+01   1.3470190e+01   4.8961659e+00  -5.7323126e-01   7.3920432e-01   3.5352920e-01
  -1.0201515e+01   1.3659677e+01   4.9639842e+00  -5.7322118e-01   7.3921399e-01   3.5352532e-01
  -9.5066466e+00   1.3956509e+01   5.4699883e+00  -5.7321576e-01   7.3921072e-01   3.5354095e-01
  -9.2085428e+00   1.4036642e+01   5.7857684e+00  -5.7321775e-01   7.3920455e-01   3.5355064e-01
  -8.7074694e+00   1.4236066e+01   6.1799402e+00  -5.7299403e-01   7.3846382e-01   3.5545607e-01
  -9.0193963e+00   1.3957085e+01   6.2579658e+00  -5.7164761e-01   7.4052621e-01   3.5332697e-01
  -8.5310606e+00   1.4080620e+01   6.7902248e+00  -5.7126760e-01   7.4175647e-01   3.5135548e-01
  -8.9606319e+00   1.3798200e+01   6.6861851e+00  -5.7312240e-01   7.3926303e-01   3.5358292e-01
  -9.0083827e+00   1.3626681e+01   6.9673734e+00  -5.7312772e-01   7.3924074e-01   3.5362090e-01
  -1.1369414e+01   1.2040806e+01   6.4550158e+00  -5.7338331e-01   7.3913674e-01   3.5342391e-01
  -1.1056851e+01   1.2139323e+01   6.7557390e+00  -5.7266151e-01   7.3954505e-01   3.5373990e-01
  -1.1165059e+01   1.2769229e+01   5.2631148e+00  -5.7375761e-01   7.3902694e-01   3.5304588e-01
  -1.1527380e+01   1.2462944e+01   5.3156342e+00  -5.7358779e-01   7.3920552e-01   3.5294793e-01
  -1.0867473e+01   1.3129922e+01   4.9915220e+00  -5.7355726e-01   7.3921291e-01   3.5298207e-01
  -1.1252244e+01   1.2925686e+01   4.7938615e+00  -5.7373587e-01   7.3907209e-01   3.5298669e-01
  -9.3267504e+00   1.3151342e+01   7.4450641e+00  -5.7320977e-01   7.3919890e-01   3.5357536e-01
  -8.9761160e+00   1.3447765e+01   7.3937219e+00  -5.7313735e-01   7.3924980e-01   3.5358634e-01
  -9.5398256e+00   1.2929136e+01   7.5641816e+00  -5.7321225e-01   7.3919643e-01   3.5357651e-01
  -1.0002510e+01   1.2577707e+01   7.5475235e+00  -5.7544165e-01   7.3802564e-01   3.5239901e-01
  -9.6912953e+00   1.2658994e+01   7.8833121e+00  -5.7324822e-01   7.3913564e-01   3.5364528e-01
   8.4632988e-01   1.0076358e+00  -4.2692891e-01   7.9346825e-01   1.5393764e-01  -5.8882199e-01
  -1.4822528e-01   4.9887952e-01  -1.1552561e+00   4.5631963e-01  -5.9537662e-01  -6.6128593e-01
  -1.0025748e+00  -3.0639651e-01  -8.4117919e-01   3.5270349e-02  -6.1982022e-01  -7.8395083e-01
  -1.0039698e+00  -8.5544509e-01   4.0600894e-01   1.8308784e-01  -9.7208284e-01  -1.4674400e-01
  -8.7611356e-01  -8.3429451e-01   4.5742114e-01   2.2687081e-01  -9.6274461e-01  -1.4714770e-01
   5.6133699e-02  -4.6545416e-01   1.2354526e+00   5.3379419e-01  -7.9434410e-01   2.8996760e-01
   9.2646845e-01   4.1056373e-01   7.4176148e-01   7.6116235e-01  -6.0956768e-01  -2.2149293e-01
   8.7559954e-01   9.0842370e-01  -3.3568930e-01   8.5857052e-01  -3.0009321e-01  -4.1569306e-01
   9.5003056e-01   4.1180156e-01   9.0705375e-01   8.5003277e-01  -4.1112480e-01   3.2927297e-01
   9.4534353e-01   5.0113218e-01   9.1049715e-01   7.4638234e-01   2.8465030e-01   6.0157095e-01
   4.1447889e-01   1.1963529e+00   1.2432516e+00   7.3500830e-01   2.5796381e-01   6.2707055e-01
   8.4265524e-01   1.0714627e+00  -3.6159356e-01   6.7790510e-01   6.6985494e-01  -3.0288452e-01
   3.3495243e-01   1.7290579e+00  -4.9839309e-02   6.9675168e-01   6.6377244e-01  -2.7192507e-01
  -1.9148481e-01   6.8592145e-01  -1.2179693e+00  -6.7160530e-02   3.8756279e-01  -9.1939357e-01
  -7.0018524e-01   1.3288509e+00  -9.1008127e-01  -6.2761006e-02   3.8989156e-01  -9.1871956e-01
  -1.1226489e+00  -2.9480282e-01  -7.6139483e-01  -7.8491897e-01  -4.3312724e-01  -4.4306095e-01
  -1.6865671e+00   4.3896890e-01  -4.6162693e-01  -7.4843246e-01  -3.1274092e-01  -5.8484354e-01
  -1.0353853e+00  -8.2249437e-01   4.7925388e-01  -6.7854092e-01  -6.7102999e-01   2.9883268e-01
  -1.5526455e+00  -1.5357237e-01   8.0562278e-01  -6.7599835e-01  -6.7090945e-01   3.0480607e-01
  -5.1269052e-01   2.2997594e-01   1.6565167e+00   5.7225280e-02  -3.8361377e-01   9.2171891e-01
   3.6600238e-01   1.2698601e+00   1.2845320e+00   8.5125920e-01   1.4816970e-01   5.0339200e-01
   2.8847541e-01   1.2801918e+00   1.4025971e+00   8.2160727e-01   1.0508983e-01   5.6028351e-01
   5.4263647e-02   1.5133351e+00   1.6628778e+00   7.5093319e-01   5.6095677e-02   6.5799135e-01
   1.0939647e-01   1.1937211e+00   1.6159269e+00   7.3620880e-01  -9.5632758e-03   6.7668688e-01
  -4.0636960e-03   1.0603938e+00   1.7125697e+00   6.3635443e-01  -1.3328503e-01   7.5979480e-01
  -1.2938416e-01   9.2066527e-01   1.7737195e+00   4.9285150e-01  -1.9044660e-01   8.4901560e-01
  -3.1120129e-01   1.1125721e+00   1.9402983e+00   5.7486714e-01  -1.8842084e-01   7.9625709e-01
  -3.3974514e-01   7.3838423e-01   1.8427171e+00   4.0474425e-01  -3.5095506e-01   8.4440076e-01
  -4.6494640e-01   5.7497670e-01   1.8228333e+00   2.4137722e-01  -3.9814086e-01   8.8499768e-01
  -6.6527929e-01   8.0866773e-01   2.0008137e+00   3.3488026e-01  -3.9034472e-01   8.5760492e-01
  -6.4708444e-01   4.2343371e-01   1.7974300e+00   1.7360970e-01  -5.2191645e-01   8.3514244e-01
  -5.6050319e-01   3.4448588e-01   1.7280121e+00   1.9385940e-01  -5.4370227e-01   8.1658213e-01
  -8.3149992e-01   3.5392217e-01   1.7708598e+00   2.2829067e-02  -5.7122834e-01   8.2047365e-01
  -1.0817788e+00   5.4053865e-01   1.9177642e+00   7.4414141e-02  -5.7367661e-01   8.1569460e-01
  -1.1036429e+00   2.3597728e-01   1.6758674e+00  -1.1394148e-01  -6.8636732e-01   7.1827379e-01
  -1.4107000e+00   3.8406807e-01   1.7493299e+00  -1.9570385e-01  -6.9203226e-01   6.9483189e-01
  -1.3580857e+00   1.3820526e-01   1.5050963e+00  -2.3789591e-01  -7.3731922e-01   6.3227044e-01
  -1.5281376e+00   9.7829351e-02   1.3416660e+00  -4.3566038e-01  -7.6964973e-01   4.6673260e-01
  -1.8063979e+00   2.4937977e-01   1.3416156e+00  -4.1054263e-01  -7.7741534e-01   4.7652926e-01
  -1.7157420e+00   2.7737399e-02   1.0012612e+00  -5.4146704e-01  -8.0110789e-01   2.5502861e-01
  -1.7971166e+00   3.3372137e-02   7.9172095e-01  -6.3976387e-01  -7.5321222e-01   1.5288408e-01
  -2.0503283e+00   2.5373465e-01   8.9158642e-01  -5.8774392e-01  -7.8795173e-01   1.8354607e-01
  -1.6185792e+00  -6.6659498e-02   9.0124608e-01  -5.0226060e-01  -8.3009260e-01   2.4224073e-01
  -1.9315509e+00   1.1787363e-01   5.6154355e-01  -6.5305420e-01  -7.5641709e-01  -3.6788425e-02
  -1.9757250e+00   1.8870468e-01   3.6562329e-01  -7.3166198e-01  -6.6110855e-01  -1.6615122e-01
  -2.1900311e+00   3.9220534e-01   4.1180047e-01  -6.7361004e-01  -7.2851512e-01  -1.2456015e-01
  -2.0065523e+00   3.3663009e-01   5.9896200e-02  -7.0685651e-01  -5.7065662e-01  -4.1797714e-01
  -2.1819786e+00   5.8460830e-01   1.1810512e-02  -7.0132184e-01  -5.8329217e-01  -4.0977788e-01
  -1.8952962e+00   4.6951575e-01  -2.5996710e-01  -6.3511877e-01  -4.7169945e-01  -6.1165658e-01
  -1.7443610e+00   4.8646830e-01  -4.2535834e-01  -6.2799765e-01  -4.2166906e-01  -6.5407504e-01
  -2.1611437e+00   8.0726703e-01  -2.4296009e-01  -6.2909971e-01  -4.7719596e-01  -6.1361027e-01
  -1.7734555e+00   6.5589231e-01  -5.0095546e-01  -5.8721478e-01  -3.8821142e-01  -7.1026100e-01
  -2.0675461e+00   9.6704537e-01  -4.2291642e-01  -5.8447231e-01  -3.5952110e-01  -7.2741783e-01
  -1.7122208e+00   8.4617829e-01  -6.2429878e-01  -5.0108788e-01  -2.4239365e-01  -8.3075644e-01
  -7.7526734e-01   1.3752708e+00  -8.9273465e-01   7.0987606e-02   2.3207797e-01  -9.7010339e-01
  -1.5877613e+00   9.7036514e-01  -7.2061606e-01  -4.6089275e-01  -8.6502958e-02  -8.8322993e-01
  -1.7495502e+00   1.2002327e+00  -6.8012997e-01  -4.6445390e-01  -2.1896498e-01  -8.5810076e-01
  -1.4658159e+00   1.5220194e+00  -7.9244313e-01  -2.3578258e-01   3.1950752e-02  -9.7128046e-01
  -1.2118648e+00   1.7368857e+00  -7.9835285e-01  -3.1343584e-02   2.1443977e-01  -9.7623418e-01
  -9.8379524e-01   1.4586828e+00  -8.7241909e-01  -9.6334787e-02   2.2041370e-01  -9.7063763e-01
  -8.2336738e-01   1.5691484e+00  -8.4850719e-01   5.4120440e-02   2.4667790e-01  -9.6758514e-01
  -7.3931224e-01   1.4546438e+00  -8.7153202e-01   7.0936057e-02   2.2419235e-01  -9.7195981e-01
   2.5928515e-01   1.8806843e+00   2.5293568e-02   7.3427896e-01   5.2371692e-01  -4.3192014e-01
   2.0851885e-01   1.8887851e+00  -6.2513323e-02   7.8998950e-01   5.0284837e-01  -3.5079924e-01
  -2.8788834e-02   2.2572161e+00   6.4534229e-04   7.0203352e-01   5.4882892e-01  -4.5380144e-01
   5.1167265e-02   1.9830529e+00  -2.0143597e-01   6.9222618e-01   5.3718373e-01  -4.8193003e-01
  -2.7815822e-01   2.2313430e+00  -3.0854473e-01   5.2279276e-01   4.8338792e-01  -7.0215657e-01
  -2.4607293e-01   1.9814621e+00  -4.6733383e-01   5.3233012e-01   5.2560617e-01  -6.6359837e-01
  -6.1288405e-01   2.0872350e+00  -5.9424671e-01   2.8405468e-01   3.6533566e-01  -8.8647775e-01
  -5.4351671e-01   1.8266069e+00  -6.9401594e-01   2.9720744e-01   4.6423108e-01  -8.3436038e-01
  -6.8363347e-01   1.6965091e+00  -7.9229500e-01   1.8763854e-01   3.1956690e-01  -9.2879964e-01
   3.5728136e-01   1.4203615e+00   1.2536481e+00   8.5398016e-01   1.5429312e-01   4.9690193e-01
   2.1570598e-01   1.7992890e+00   1.3371260e+00   8.6895591e-01   2.5488365e-01   4.2420508e-01
   3.7428588e-01   1.6486322e+00   1.0862926e+00   8.9428898e-01   2.6329918e-01   3.6182974e-01
   2.6293186e-01   2.0161698e+00   9.8779947e-01   9.1265554e-01   3.8467063e-01   1.3816070e-01
   3.9574419e-01   1.7785344e+00   8.3112089e-01   8.8457632e-01   4.0545269e-01   2.3050563e-01
   3.8202146e-01   1.8672110e+00   6.5490204e-01   9.0864903e-01   4.1400023e-01   5.4412765e-02
   1.9772944e-01   2.2181899e+00   6.0696934e-01   8.5584080e-01   4.9064193e-01  -1.6372848e-01
   3.3060472e-01   1.9393423e+00   4.2025765e-01   8.6172068e-01   4.9918642e-01  -9.0831634e-02
   1.1520517e-01   2.2858627e+00   3.6312177e-01   8.4052303e-01   5.1789080e-01  -1.5909168e-01
   2.7903803e-01   1.9495325e+00   1.8835007e-01   8.2725599e-01   5.0446189e-01  -2.4731706e-01
  -8.6097150e-01  -6.7090392e-01   7.8599794e-03   5.7015181e-01  -7.4142698e-01  -3.5385442e-01
   6.0830578e-01   7.3431021e-01  -5.4501799e-01   5.8041552e-01  -7.3056103e-01  -3.5971990e-01
   6.3190052e-01   6.6102231e-02   8.8726975e-01   5.7502727e-01  -7.3917078e-01  -3.5067107e-01
   4.7426676e-01  -1.2435493e-01   1.0310663e+00   5.7515033e-01  -7.4031138e-01  -3.4805338e-01
   3.0712594e-01  -2.4803416e-01   1.0181602e+00   5.7452469e-01  -7.4069877e-01  -3.4826243e-01
   7.2184305e-01   1.9106425e-01   7.7170269e-01   5.7625942e-01  -7.3803934e-01  -3.5103136e-01
   7.6734317e-01   7.5303305e-01  -3.2732377e-01   5.7779682e-01  -7.3211330e-01  -3.6077826e-01
   8.5253328e-01   6.7363416e-01  -2.6572012e-02   5.7211594e-01  -7.4013728e-01  -3.5338387e-01
   8.7356911e-01   6.1076381e-01   1.3901844e-01   5.7185042e-01  -7.4004412e-01  -3.5400819e-01
   8.4551853e-01   4.2614508e-01   4.8025631e-01   5.7502575e-01  -7.3877347e-01  -3.5150982e-01
  -5.2557159e-01   4.2166921e-02  -9.4096209e-01   5.7439438e-01  -7.3959591e-01  -3.5081189e-01
   8.5233264e-02  -4.3372100e-01   1.0495114e+00   5.7180393e-01  -7.4557345e-01  -3.4228716e-01
  -1.3116274e-01  -5.5286457e-01   9.4717785e-01   5.7242761e-01  -7.4547313e-01  -3.4146220e-01
  -3.5074143e-01  -6.7869585e-01   8.5197584e-01   5.7689980e-01  -7.4129402e-01  -3.4303033e-01
  -4.9081757e-01  -7.0414225e-01   6.7519002e-01   5.7356123e-01  -7.3784377e-01  -3.5582874e-01
  -6.4527901e-01  -7.4523845e-01   5.1164356e-01   5.7288391e-01  -7.3827388e-01  -3.5602768e-01
  -7.9680228e-01  -7.0417689e-01   1.8136248e-01   5.7027875e-01  -7.4210801e-01  -3.5221847e-01
  -2.4778710e-01   2.8722608e-01  -1.0017205e+00   5.7408555e-01  -7.3710696e-01  -3.5650963e-01
   6.7290005e-02   5.0686393e-01  -9.4919934e-01   5.7279473e-01  -7.3662227e-01  -3.5957451e-01
   2.2091464e-01   5.9636766e-01  -8.8709586e-01   5.7477973e-01  -7.3587837e-01  -3.5792639e-01
   4.6766660e-01   7.2130861e-01  -7.4529994e-01   5.8022719e-01  -7.3034030e-01  -3.6047116e-01
  -9.3148349e-01  -5.7619828e-01  -2.9717574e-01   5.5321949e-01  -7.4768061e-01  -3.6731717e-01
  -8.6923866e-01  -4.0413161e-01  -5.5494416e-01   5.5042559e-01  -7.5027795e-01  -3.6621669e-01
  -8.3164974e-01  -2.7846503e-01  -7.5702800e-01   5.5027640e-01  -7.5184852e-01  -3.6320750e-01
  -6.3070484e-01  -7.0227079e-02  -8.7644759e-01   5.7509682e-01  -7.3877161e-01  -3.5139742e-01
  -1.9601161e+00   7.5339033e-01   1.8509582e+00  -4.1943920e-01  -6.1460503e-01   6.6808039e-01
  -1.9321329e+00   4.9630551e-01   1.5867422e+00  -5.0795146e-01  -6.8432032e-01   5.2315488e-01
  -2.2129128e+00   6.9518997e-01   1.5627768e+00  -5.4435650e-01  -6.7160021e-01   5.0262228e-01
  -7.8304334e-01   1.0909477e+00   2.1472974e+00   2.5799371e-01  -2.8695608e-01   9.2254835e-01
  -1.1074542e+00   1.1961103e+00   2.2544249e+00   1.5007100e-01  -3.1419824e-01   9.3742102e-01
  -1.1459961e+00   8.3683337e-01   2.1000542e+00  -1.5526203e-02  -4.6392048e-01   8.8574078e-01
  -1.4425246e+00   1.0134646e+00   2.1869369e+00  -1.8448112e-02  -4.6389977e-01   8.8569559e-01
  -1.5205299e+00   6.3937359e-01   1.9332675e+00  -2.8612830e-01  -5.7006596e-01   7.7016583e-01
  -1.7742992e+00   8.6546012e-01   2.0227825e+00  -1.8788964e-01  -5.9360374e-01   7.8251651e-01
   4.4810761e-02   2.0582721e+00   1.4798934e+00   8.0731612e-01   3.5445837e-01   4.7180498e-01
  -1.9724384e-01   2.1560796e+00   1.7680675e+00   7.2824989e-01   2.9280396e-01   6.1961112e-01
  -1.1348064e-01   1.7766204e+00   1.7999360e+00   6.8646369e-01   1.4606693e-01   7.1234265e-01
  -3.7910374e-01   1.9084314e+00   2.0173013e+00   6.4379572e-01   1.3330538e-01   7.5349635e-01
  -5.4830939e-01   1.7424065e+00   2.1479575e+00   5.0435418e-01  -3.2336696e-02   8.6289119e-01
  -4.5211778e-01   1.3799987e+00   2.0706265e+00   4.9322122e-01  -6.8295050e-02   8.6721890e-01
  -8.1122712e-01   1.4554773e+00   2.2487830e+00   3.2735201e-01  -1.7200751e-01   9.2911467e-01
   7.8475624e-02   2.4025389e+00   6.3571083e-01   7.8532794e-01   6.0987165e-01  -1.0637948e-01
  -1.0770814e-01   2.6546468e+00   8.7396502e-01   7.8957099e-01   6.1284102e-01   3.1678574e-02
   1.0610670e-01   2.3216056e+00   9.7586640e-01   8.3092624e-01   5.1841579e-01   2.0200655e-01
  -7.8727515e-02   2.5180563e+00   1.2214445e+00   8.2657556e-01   5.1931323e-01   2.1699448e-01
  -1.1296171e-01   2.4109112e+00   1.4640990e+00   8.0248403e-01   4.1476833e-01   4.2893661e-01
  -8.7019709e-01   2.3070571e+00  -5.5159842e-01   1.8611476e-01   5.0080505e-01  -8.4531390e-01
  -8.7904890e-01   2.6529299e+00  -3.1654061e-01   3.0076834e-01   6.0566791e-01  -7.3668500e-01
  -5.2324832e-01   2.4613271e+00  -2.9376197e-01   4.3354109e-01   6.1213837e-01  -6.6130835e-01
  -5.8061272e-01   2.7396007e+00  -5.4292732e-02   4.7222942e-01   6.6009821e-01  -5.8418296e-01
  -4.3098188e-01   2.7684625e+00   1.4593510e-01   6.2566948e-01   6.6093236e-01  -4.1437436e-01
  -1.7762660e-01   2.5287812e+00   1.4991130e-01   6.3252696e-01   6.5729030e-01  -4.0973053e-01
  -8.8260397e-03   2.4554253e+00   3.7334752e-01   7.4623328e-01   6.5863244e-01  -9.6639567e-02
  -2.2083138e-01   2.7487934e+00   5.6492757e-01   7.4217589e-01   6.3513970e-01  -2.1394509e-01
  -1.7284957e+00   2.1113602e+00  -6.1546030e-01  -2.6065264e-01   2.6981747e-01  -9.2696210e-01
  -1.3802332e+00   2.0222137e+00  -7.0709157e-01  -9.4230353e-02   3.2635153e-01  -9.4053991e-01
  -1.4055714e+00   2.3520796e+00  -5.7999094e-01  -6.4495701e-02   3.8532232e-01  -9.2052540e-01
  -1.2037408e+00   2.5066646e+00  -4.9731109e-01   1.2558586e-01   4.9838842e-01  -8.5780952e-01
  -2.3746628e+00   7.1169978e-01   1.3495994e+00  -6.7232318e-01  -6.7257747e-01   3.0922660e-01
  -2.2435153e+00   4.7297205e-01   1.0732979e+00  -6.8188797e-01  -6.9135559e-01   2.3886450e-01
  -2.5136311e+00   7.3946084e-01   9.6867891e-01  -7.7360626e-01  -6.2590772e-01   9.8857892e-02
  -2.3742753e+00   5.6043265e-01   6.4543536e-01  -7.8347689e-01  -6.1772435e-01  -6.7680095e-02
  -2.5945405e+00   8.6169179e-01   6.0496504e-01  -8.1411977e-01  -5.6824443e-01  -1.1961297e-01
  -2.6165980e+00   9.9596833e-01   3.7115535e-01  -8.0840102e-01  -4.8139210e-01  -3.3874686e-01
  -2.3974323e+00   8.0566395e-01   1.2872620e-01  -8.0076052e-01  -4.8058712e-01  -3.5751728e-01
  -2.3129577e+00   9.0806387e-01  -1.2851685e-01  -7.7696954e-01  -3.1537502e-01  -5.4484578e-01
  -2.5141303e+00   1.2143715e+00  -2.8125124e-02  -7.7548936e-01  -3.5013373e-01  -5.2537855e-01
  -2.2244783e+00   1.0793396e+00  -3.2517649e-01  -7.0590223e-01  -2.2602197e-01  -6.7127946e-01
  -2.4002930e+00   1.4136752e+00  -2.4857316e-01  -7.0279392e-01  -2.0685045e-01  -6.8065673e-01
  -2.0686450e+00   1.3305253e+00  -5.0575485e-01  -5.5878452e-01  -6.7463714e-02  -8.2656428e-01
  -2.1859707e+00   1.6797687e+00  -4.5659229e-01  -5.6092650e-01  -7.7337217e-02  -8.2424536e-01
  -1.7608513e+00   1.6409642e+00  -6.8367685e-01  -3.8634213e-01   1.3604631e-01  -9.1226705e-01
  -1.9543062e+00   1.9504966e+00  -5.6594334e-01  -3.9522406e-01   5.9773319e-02  -9.1663793e-01
  -1.7266674e-01   2.6991368e+00   1.0589378e+00   3.7469124e-01   8.7898461e-01   2.9494495e-01
  -2.1426275e+00   8.2674058e-01   1.7761041e+00  -7.1358437e-01  -1.4878697e-01   6.8458731e-01
  -2.5444394e+00   1.3934807e+00  -6.4397287e-02  -9.3438435e-01   1.6988800e-01  -3.1315166e-01
  -2.1878422e+00   1.8645731e+00  -4.4806236e-01  -7.6159706e-01   4.9457518e-01  -4.1876642e-01
  -1.6584941e+00   2.3237441e+00  -5.5098736e-01  -5.0284488e-01   7.3249201e-01  -4.5891446e-01
  -5.7352330e-01   2.8500872e+00   1.1034773e-01   1.4469873e-02   9.9153185e-01  -1.2905505e-01
  -3.5855306e-01   2.1447918e+00   1.9304162e+00   1.4663670e-01   6.4674213e-01   7.4847999e-01
  -1.0294840e+00   1.4314859e+00   2.2990626e+00  -3.7355503e-01   4.3432648e-01   8.1964452e-01
  -1.3281426e+00   1.2364896e+00   2.2608503e+00  -4.2656244e-01   4.9193204e-01   7.5897784e-01
  -2.6301855e+00   8.9851619e-01   8.5092967e-01  -9.6993401e-01   5.8530313e-02   2.3622492e-01
  -2.4609124e+00   7.1512276e-01   1.5820267e+00   5.6469160e-01  -7.4863582e-01  -3.4737270e-01
  -2.2579194e+00   7.6870386e-01   1.7978155e+00   5.6759796e-01  -7.4664597e-01  -3.4691836e-01
  -2.0214574e+00   8.1662322e-01   2.0823857e+00   5.6747508e-01  -7.4794331e-01  -3.4431502e-01
  -1.8714893e+00   8.7789275e-01   2.1976245e+00   5.7076431e-01  -7.4627675e-01  -3.4248958e-01
  -1.6638273e+00   1.0130822e+00   2.2475161e+00   5.6660740e-01  -7.5152659e-01  -3.3788141e-01
  -1.4864326e+00   1.0818568e+00   2.3948350e+00   5.7415831e-01  -7.4530385e-01  -3.3891652e-01
  -1.1369191e+00   1.3536412e+00   2.3925040e+00   5.7608646e-01  -7.4129049e-01  -3.4440209e-01
  -8.0033531e-01   1.5976077e+00   2.4304581e+00   5.7620829e-01  -7.4127158e-01  -3.4423895e-01
  -6.6140721e-01   1.7296650e+00   2.3795085e+00   5.7846723e-01  -7.3929488e-01  -3.4470095e-01
  -5.3228777e-01   1.9000560e+00   2.2299339e+00   5.7907235e-01  -7.4047482e-01  -3.4113379e-01
  -3.7547302e-01   2.0412193e+00   2.1913479e+00   5.8117265e-01  -7.3695769e-01  -3.4515462e-01
  -2.3276714e-01   2.2874433e+00   1.9059981e+00   5.8106783e-01  -7.3693570e-01  -3.4537798e-01
  -1.2137661e-01   2.4511842e+00   1.7453778e+00   5.8447157e-01  -7.3380481e-01  -3.4629971e-01
  -1.1359360e-01   2.5590884e+00   1.5312247e+00   5.8197584e-01  -7.3360033e-01  -3.5090551e-01
  -5.4520643e-02   2.6724306e+00   1.3922452e+00   5.8197652e-01  -7.3359918e-01  -3.5090679e-01
  -1.0511810e-01   2.7895789e+00   1.0635770e+00   5.8166776e-01  -7.3370669e-01  -3.5119384e-01
  -1.3385288e-01   2.9109682e+00   7.6386762e-01   5.8444805e-01  -7.3015018e-01  -3.5397907e-01
  -2.0127469e-01   2.9634160e+00   5.4559242e-01   5.8144886e-01  -7.3093988e-01  -3.5727316e-01
  -3.4135804e-01   2.9185331e+00   4.0723315e-01   5.9340932e-01  -7.2180264e-01  -3.5618300e-01
  -4.3632491e-01   2.9872155e+00   1.1404470e-01   5.8074560e-01  -7.2929310e-01  -3.6175422e-01
  -7.0539626e-01   2.8961928e+00  -1.3382406e-01   5.7926500e-01  -7.3069818e-01  -3.6129244e-01
  -8.2363242e-01   2.8846700e+00  -2.9922654e-01   5.7714384e-01  -7.3125545e-01  -3.6355255e-01
  -1.0429404e+00   2.7611900e+00  -3.9906214e-01   5.7729072e-01  -7.3109002e-01  -3.6365205e-01
  -1.1873475e+00   2.7201670e+00  -5.4472734e-01   5.7392245e-01  -7.3324390e-01  -3.6464558e-01
  -1.3571331e+00   2.5848426e+00  -5.4074608e-01   5.7616206e-01  -7.2954714e-01  -3.6850814e-01
  -1.5764028e+00   2.4844478e+00  -6.8262015e-01   5.7084748e-01  -7.3530118e-01  -3.6532908e-01
  -1.8828833e+00   2.2272724e+00  -6.4264332e-01   5.7030667e-01  -7.3741723e-01  -3.6189243e-01
  -2.0560345e+00   2.1020083e+00  -6.5991480e-01   5.6924971e-01  -7.3807767e-01  -3.6221004e-01
  -2.3211456e+00   1.8515087e+00  -5.6510601e-01   5.6925802e-01  -7.3975643e-01  -3.5875579e-01
  -2.4440191e+00   1.6585971e+00  -3.6655062e-01   5.6204167e-01  -7.3616809e-01  -3.7704868e-01
  -2.6230459e+00   1.4981095e+00  -3.1750973e-01   5.6034856e-01  -7.4328415e-01  -3.6542874e-01
  -2.7241471e+00   1.3480130e+00  -1.6660197e-01   5.6170140e-01  -7.4399690e-01  -3.6188417e-01
  -2.7030298e+00   1.2686425e+00   3.0032823e-02   5.6285724e-01  -7.4398907e-01  -3.6009998e-01
  -2.7859198e+00   1.1296460e+00   1.8831448e-01   5.6144766e-01  -7.4560248e-01  -3.5896164e-01
  -2.7649007e+00   1.0337607e+00   4.2141078e-01   5.6424618e-01  -7.4515010e-01  -3.5549624e-01
  -2.8119015e+00   9.2767523e-01   5.6941733e-01   5.6418623e-01  -7.4556160e-01  -3.5472779e-01
  -2.7553905e+00   7.8480543e-01   9.6086433e-01   5.6786901e-01  -7.4391212e-01  -3.5230603e-01
  -2.6078339e+00   7.8745630e-01   1.1864565e+00   5.3895546e-01  -7.6223247e-01  -3.5850895e-01
  -2.5338193e+00   7.5005351e-01   1.3858727e+00   5.6456402e-01  -7.5239691e-01  -3.3936170e-01
  -3.3853346e-01   2.3523724e+00   2.2486994e+00   7.3994321e-01   9.9267164e-02   6.6530450e-01
  -1.0725249e+00   3.2661570e+00   2.9286935e+00   7.3994306e-01   9.9267018e-02   6.6530469e-01
  -1.2223773e+00   3.0860856e+00   3.0622225e+00   5.7539903e-01  -9.8458548e-02   8.1192479e-01
  -6.3777342e-01   1.9927886e+00   2.5153428e+00   5.7539862e-01  -9.8459122e-02   8.1192501e-01
  -1.4261268e+00   2.8714703e+00   3.1805910e+00   5.7539821e-01  -9.8459446e-02   8.1192527e-01
  -1.6171811e+00   2.6924540e+00   3.2451124e+00   3.6561452e-01  -2.9502487e-01   8.8277197e-01
  -1.0192889e+00   1.6353120e+00   2.6441854e+00   3.6561363e-01  -2.9502585e-01   8.8277201e-01
  -1.8600347e+00   2.4886064e+00   3.2775671e+00   3.6561136e-01  -2.9502728e-01   8.8277248e-01
  -2.0753146e+00   2.3265522e+00   3.2673475e+00   1.2922572e-01  -4.7296897e-01   8.7155096e-01
  -1.4491806e+00   1.3117063e+00   2.6237785e+00   1.2922588e-01  -4.7296882e-01   8.7155101e-01
  -2.3356935e+00   2.1515856e+00   3.2110046e+00   1.2922841e-01  -4.7296759e-01   8.7155131e-01
  -2.5560707e+00   2.0208921e+00   3.1269531e+00  -1.1275614e-01  -6.1647544e-01   7.7925868e-01
  -1.8892506e+00   1.0507249e+00   2.4559356e+00  -1.1275631e-01  -6.1647556e-01   7.7925856e-01
  -2.8109447e+00   1.8903363e+00   2.9867450e+00  -1.1298415e-01  -6.1655324e-01   7.7916409e-01
  -2.2663577e+00   8.8432947e-01   2.1845348e+00  -3.3883329e-01  -7.1279821e-01   6.1409340e-01
  -3.0935739e+00   1.6808718e+00   2.6526766e+00  -3.3884301e-01  -7.1279837e-01   6.1408785e-01
  -3.4163656e+00   1.6911695e+00   2.4215135e+00  -5.2892258e-01  -7.5337032e-01   3.9073529e-01
  -2.6460867e+00   8.0176881e-01   1.7493717e+00  -5.2892120e-01  -7.5336990e-01   3.9073797e-01
  -3.5945109e+00   1.6793042e+00   2.1574901e+00  -5.2891985e-01  -7.5337003e-01   3.9073953e-01
  -3.7194639e+00   1.6964034e+00   1.9191503e+00  -6.6612528e-01  -7.3459414e-01   1.2902934e-01
  -2.8956050e+00   8.3591464e-01   1.2734321e+00  -6.6612509e-01  -7.3459418e-01   1.2903005e-01
  -3.8334052e+00   1.7482400e+00   1.6260370e+00  -6.6612527e-01  -7.3459408e-01   1.2902972e-01
  -3.8990950e+00   1.8178715e+00   1.3739500e+00  -7.3825480e-01  -6.5813642e-01  -1.4777113e-01
  -3.0267805e+00   9.7496125e-01   7.7004052e-01  -7.3825481e-01  -6.5813635e-01  -1.4777139e-01
  -3.9387083e+00   1.9288034e+00   1.0777918e+00  -7.3825473e-01  -6.5813651e-01  -1.4777109e-01
  -3.9392975e+00   2.0447792e+00   8.3435682e-01  -7.3890194e-01  -5.3078929e-01  -4.1507426e-01
  -3.0279576e+00   1.2065534e+00   2.8392571e-01  -7.3890221e-01  -5.3078976e-01  -4.1507319e-01
  -3.9010621e+00   2.2049499e+00   5.6146801e-01  -7.3890219e-01  -5.3078909e-01  -4.1507408e-01
  -2.8886583e+00   1.3434836e+00  -7.3160449e-02  -6.9156003e-01  -4.0922207e-01  -5.9521595e-01
  -3.8369854e+00   2.3676092e+00   3.2456109e-01  -6.9156021e-01  -4.0922273e-01  -5.9521529e-01
  -2.7943340e+00   1.5086013e+00  -2.6545407e-01  -6.3907946e-01  -3.1832336e-01  -7.0017689e-01
  -3.7311488e+00   2.5491801e+00   1.1653324e-01  -6.3907908e-01  -3.1832242e-01  -7.0017767e-01
  -3.5998339e+00   2.7266924e+00  -4.0988046e-02  -5.3187501e-01  -1.7220755e-01  -8.2912818e-01
  -2.6514584e+00   1.8586692e+00  -4.6907256e-01  -5.3187460e-01  -1.7220721e-01  -8.2912851e-01
  -3.4227102e+00   2.9395347e+00  -1.9881753e-01  -5.3187544e-01  -1.7220864e-01  -8.2912768e-01
  -3.2503318e+00   3.1211064e+00  -2.9896098e-01  -3.4259490e-01   2.7166295e-02  -9.3909037e-01
  -2.3072358e+00   2.2212493e+00  -6.6904872e-01  -3.4259552e-01   2.7165879e-02  -9.3909016e-01
  -3.0245079e+00   3.3327009e+00  -3.7522424e-01  -3.4259582e-01   2.7165497e-02  -9.3909006e-01
  -2.8190457e+00   3.5051622e+00  -4.0268205e-01  -1.1699037e-01   2.1653533e-01  -9.6923976e-01
  -1.8969495e+00   2.5656369e+00  -7.2387899e-01  -1.1699050e-01   2.1653526e-01  -9.6923976e-01
  -2.5645871e+00   3.6967087e+00  -3.9060318e-01  -1.1699067e-01   2.1653508e-01  -9.6923977e-01
  -2.3442985e+00   3.8447362e+00  -3.4293507e-01   1.2489754e-01   3.7907638e-01  -9.1689787e-01
  -1.4570554e+00   2.8612317e+00  -6.2869103e-01   1.2489696e-01   3.7907615e-01  -9.1689804e-01
  -2.0838156e+00   3.9992145e+00  -2.4358669e-01   1.2489539e-01   3.7907483e-01  -9.1689880e-01
  -1.0598806e+00   3.0647038e+00  -4.1807329e-01   3.6157050e-01   5.0034312e-01  -7.8671694e-01
  -1.6519812e+00   4.0865234e+00  -4.0333386e-02   3.6157084e-01   5.0034345e-01  -7.8671657e-01
  -1.4332671e+00   4.2763781e+00   2.3167456e-01   5.7200261e-01   5.6956371e-01  -5.9026283e-01
  -6.4394758e-01   3.2076533e+00  -3.4670698e-02   5.7200356e-01   5.6956372e-01  -5.9026189e-01
  -1.2286486e+00   4.3200549e+00   4.7210863e-01   5.7200359e-01   5.6956373e-01  -5.9026185e-01
  -1.0779319e+00   4.3300929e+00   6.9548108e-01   7.3749771e-01   5.8058617e-01  -3.4498815e-01
  -3.4298191e-01   3.2276991e+00   4.1138072e-01   7.3749641e-01   5.8058663e-01  -3.4499016e-01
  -9.3023897e-01   4.3098816e+00   9.7719616e-01   7.3749662e-01   5.8058667e-01  -3.4498964e-01
  -8.3384082e-01   4.2660267e+00   1.2251791e+00   8.4334518e-01   5.3243236e-01  -7.2695821e-02
  -1.5048503e-01   3.1401248e+00   9.0657737e-01   8.4334622e-01   5.3243111e-01  -7.2692962e-02
  -7.5619646e-01   4.1837231e+00   1.5231430e+00   8.4334653e-01   5.3243087e-01  -7.2691139e-02
  -7.2268291e-01   4.0898711e+00   1.7737029e+00   8.8014545e-01   4.2937857e-01   2.0243029e-01
  -8.3561514e-02   2.9527118e+00   1.4069189e+00   8.8014553e-01   4.2937798e-01   2.0243119e-01
  -7.2324577e-01   3.9536626e+00   2.0631917e+00   8.7994603e-01   4.2854625e-01   2.0504412e-01
  -1.3614690e-01   2.7054076e+00   1.8313815e+00   8.4464395e-01   2.8055310e-01   4.5592385e-01
  -7.5208462e-01   3.6172814e+00   2.4112821e+00   8.4460035e-01   2.8051912e-01   4.5602551e-01
  -9.2598325e-01   3.4724714e+00   2.7349286e+00   7.3994310e-01   9.9266952e-02   6.6530465e-01
  -1.5903989e+00   4.4889521e+00   3.1656189e-01   4.9881864e-01   6.7254206e-01  -5.4668743e-01
  -3.4548630e+00   6.7593789e+00   1.3360697e+00   4.0746985e-01   6.2411115e-01  -6.6667353e-01
  -3.3984751e+00   6.9918876e+00   1.5959981e+00   5.8350109e-01   6.6724072e-01  -4.6294309e-01
  -1.3903976e+00   4.5342106e+00   5.4874966e-01   5.1202530e-01   6.5570796e-01  -5.5486680e-01
  -3.1145959e+00   6.8492907e+00   1.7432212e+00   5.7779757e-01   6.7459418e-01  -4.5942645e-01
  -1.2202864e+00   4.5460620e+00   8.0007430e-01   6.7909394e-01   6.6620400e-01  -3.0822663e-01
  -3.0620098e+00   6.9984111e+00   2.0560411e+00   7.1706597e-01   6.5943387e-01  -2.2575069e-01
  -1.0864220e+00   4.5274170e+00   1.0557961e+00   6.7775340e-01   6.6794851e-01  -3.0740057e-01
  -2.8542989e+00   6.8405215e+00   2.2473091e+00   7.1262779e-01   6.6515512e-01  -2.2300292e-01
  -9.7788501e-01   4.4792078e+00   1.3329142e+00   7.8515869e-01   6.1837182e-01  -3.3795405e-02
  -2.8341495e+00   6.8963099e+00   2.5680222e+00   7.9781771e-01   6.0224931e-01   2.7976267e-02
  -9.0710955e-01   4.4036209e+00   1.6053506e+00   7.8365227e-01   6.2033022e-01  -3.2856297e-02
  -2.7115108e+00   6.7255551e+00   2.7840538e+00   7.9464318e-01   6.0633820e-01   2.9936659e-02
  -8.6881679e-01   4.3003748e+00   1.8836176e+00   8.2149150e-01   5.1555510e-01   2.4362812e-01
  -2.7321923e+00   6.6923960e+00   3.0897068e+00   8.1971089e-01   4.9998928e-01   2.7943654e-01
  -8.7107258e-01   4.1766320e+00   2.1516327e+00   8.2025492e-01   5.1705769e-01   2.4460831e-01
  -2.6991276e+00   6.5160983e+00   3.3100887e+00   8.1778716e-01   5.0242524e-01   2.8070098e-01
  -1.0100776e+00   4.0483220e+00   2.5560940e+00   7.8425830e-01   3.6645778e-01   5.0064719e-01
  -2.7281680e+00   6.2092932e+00   3.6602699e+00   7.8069665e-01   3.6165236e-01   5.0962761e-01
  -1.0765562e+00   3.6784082e+00   2.8468809e+00   6.7824830e-01   1.8592982e-01   7.1092148e-01
  -2.9148437e+00   5.8868691e+00   4.0270698e+00   6.8385767e-01   1.9241169e-01   7.0378720e-01
  -1.2183593e+00   3.4786751e+00   3.0347531e+00   6.7924442e-01   1.8464367e-01   7.1030538e-01
  -1.3750947e+00   3.2900893e+00   3.1744721e+00   5.1121058e-01  -1.1346424e-02   8.5938059e-01
  -3.2010714e+00   5.6541722e+00   4.2994899e+00   5.3825586e-01   1.2330046e-02   8.4269128e-01
  -1.5667395e+00   3.0880439e+00   3.2864554e+00   5.1345248e-01  -1.4237870e-02   8.5799990e-01
  -3.4075247e+00   5.5264595e+00   4.4328049e+00   5.3989903e-01   9.5948137e-03   8.4167510e-01
  -1.7716818e+00   2.8949293e+00   3.3572863e+00   2.9841375e-01  -2.0717882e-01   9.3167922e-01
  -2.7364545e+00   3.9003841e+00  -3.0811907e-01  -1.8136426e-01   2.9998987e-01  -9.3654316e-01
  -4.3669532e+00   6.3291065e+00   8.3205238e-01  -2.8875013e-02   4.1823878e-01  -9.0787805e-01
  -2.4891176e+00   4.0660546e+00  -2.5382066e-01   6.1441132e-02   4.6454412e-01  -8.8341595e-01
  -4.2509891e+00   6.6171065e+00   9.6135066e-01  -2.3809085e-02   4.1169654e-01  -9.1100993e-01
  -2.2536609e+00   4.2059013e+00  -1.6421663e-01   6.2536799e-02   4.6312150e-01  -8.8408576e-01
  -3.8831092e+00   6.5797742e+00   1.0124381e+00   1.9339983e-01   5.4674657e-01  -8.1465618e-01
  -1.9750443e+00   4.4746537e+00   9.6077086e-02   3.0091678e-01   5.8505954e-01  -7.5309656e-01
  -3.5830185e+00   5.1644294e+00   4.4598042e+00   3.5157173e-01  -1.7067300e-01   9.2047164e-01
  -2.0065106e+00   2.6975761e+00   3.3901654e+00   3.0420884e-01  -2.1465818e-01   9.2810498e-01
  -3.9791026e+00   4.8923046e+00   4.4969164e+00   1.3494850e-01  -3.3541457e-01   9.3235507e-01
  -2.2473474e+00   2.5166347e+00   3.3776471e+00   6.5383979e-02  -3.9270593e-01   9.1733690e-01
  -4.2988877e+00   4.8560754e+00   4.5297972e+00   1.3938155e-01  -3.4114568e-01   9.2961950e-01
  -2.4836801e+00   2.3577995e+00   3.3268620e+00   6.6732862e-02  -3.9443717e-01   9.1649662e-01
  -4.4301663e+00   4.5706557e+00   4.3743621e+00  -8.8472614e-02  -4.7942007e-01   8.7311453e-01
  -2.7317941e+00   2.2108435e+00   3.2315430e+00  -1.7734386e-01  -5.3831509e-01   8.2387257e-01
  -4.7784335e+00   4.6017292e+00   4.3559150e+00  -8.2774922e-02  -4.8677695e-01   8.6959561e-01
  -2.9615605e+00   2.0933725e+00   3.1055264e+00  -1.7672569e-01  -5.3933131e-01   8.2334062e-01
  -4.8679434e+00   4.3327592e+00   4.1155726e+00  -3.0545375e-01  -5.8792356e-01   7.4902864e-01
  -3.3709686e+00   2.0570458e+00   2.8875610e+00  -4.0421733e-01  -6.3628424e-01   6.5707740e-01
  -5.2556451e+00   4.2033015e+00   3.7566889e+00  -4.9930801e-01  -6.5266259e-01   5.6984476e-01
  -3.5935623e+00   1.8851227e+00   2.5155868e+00  -5.9567819e-01  -6.7693972e-01   4.3234258e-01
  -5.5728576e+00   4.3275626e+00   3.6050882e+00  -6.5163343e-01  -6.7572390e-01   3.4463181e-01
  -3.7544017e+00   1.8745177e+00   2.2767479e+00  -5.9677978e-01  -6.7552943e-01   4.3302873e-01
  -5.5997723e+00   4.1938011e+00   3.2976911e+00  -6.5669774e-01  -6.6918254e-01   3.4776833e-01
  -3.8953164e+00   1.8931763e+00   2.0096048e+00  -7.3419425e-01  -6.5753965e-01   1.6911657e-01
  -5.8288362e+00   4.3383439e+00   3.0961389e+00  -7.6133562e-01  -6.4093660e-01   9.7817932e-02
  -3.9987715e+00   1.9405524e+00   1.7424846e+00  -7.3568824e-01  -6.5563006e-01   1.7003540e-01
  -5.8295709e+00   4.2901115e+00   2.7880579e+00  -7.6513942e-01  -6.3602556e-01   1.0016564e-01
  -4.0730279e+00   2.0174043e+00   1.4617572e+00  -8.0742259e-01  -5.7978479e-01  -1.0917129e-01
  -5.9667420e+00   4.4559190e+00   2.5562800e+00  -8.1423894e-01  -5.5904733e-01  -1.5646415e-01
  -4.1090298e+00   2.1193456e+00   1.1899064e+00  -8.0886251e-01  -5.7794046e-01  -1.0828790e-01
  -5.9347957e+00   4.4888203e+00   2.2674305e+00  -8.1677679e-01  -5.5577151e-01  -1.5489902e-01
  -4.1110088e+00   2.2468418e+00   9.2040439e-01  -8.0890843e-01  -4.5051190e-01  -3.7776472e-01
  -5.9742480e+00   4.6692533e+00   2.0286227e+00  -8.0645674e-01  -4.3607416e-01  -3.9933301e-01
  -4.0754018e+00   2.3950129e+00   6.6807285e-01  -8.0984988e-01  -4.4930298e-01  -3.7718697e-01
  -5.9081382e+00   4.7750602e+00   1.7787123e+00  -8.0772729e-01  -4.3443761e-01  -3.9854810e-01
  -4.0140396e+00   2.5585082e+00   4.2692507e-01  -7.6326166e-01  -3.2568284e-01  -5.5799849e-01
  -5.8566783e+00   4.9565813e+00   1.5492574e+00  -7.6160291e-01  -3.2146640e-01  -5.6269028e-01
  -3.9096050e+00   2.7401230e+00   2.1642052e-01  -7.1071129e-01  -2.3378440e-01  -6.6350155e-01
  -5.7594221e+00   5.1242360e+00   1.3565257e+00  -7.1302980e-01  -2.3829743e-01  -6.5939582e-01
  -3.7670108e+00   2.9328159e+00   4.3522275e-02  -6.0280873e-01  -8.6521522e-02  -7.9318072e-01
  -5.6017843e+00   5.3017110e+00   1.1744321e+00  -6.1568225e-01  -1.0564372e-01  -7.8088077e-01
  -3.6009743e+00   3.1326211e+00  -1.0489274e-01  -6.0142736e-01  -8.8304479e-02  -7.9403240e-01
  -5.4830756e+00   5.5174027e+00   1.0519584e+00  -6.1441002e-01  -1.0728225e-01  -7.8165904e-01
  -3.4154146e+00   3.3287805e+00  -2.1462258e-01  -4.1373868e-01   1.1611634e-01  -9.0296030e-01
  -5.2498792e+00   5.6664304e+00   9.1622734e-01  -4.4683727e-01   7.7311519e-02  -8.9126841e-01
  -3.2023016e+00   3.5290704e+00  -2.8739925e-01  -4.1053587e-01   1.1198202e-01  -9.0494217e-01
  -5.1213922e+00   5.9163011e+00   8.7389251e-01  -4.4429047e-01   7.4035659e-02  -8.9281840e-01
  -2.9821647e+00   3.7141642e+00  -3.1834092e-01  -1.8831789e-01   3.0895700e-01  -9.3224565e-01
  -4.7477242e+00   6.0206438e+00   7.8149314e-01  -2.4455902e-01   2.5414670e-01  -9.3573519e-01
  -4.9648540e+00   4.5845105e+00   4.3885424e+00   1.8850439e-01  -9.4073900e-01   2.8191529e-01
  -5.2727166e+00   4.4912672e+00   4.2834424e+00   1.8889140e-01  -9.4070789e-01   2.8176002e-01
  -5.3841164e+00   4.4229072e+00   4.0468853e+00   5.1371464e-02  -9.8667684e-01   1.5436899e-01
  -5.6702025e+00   4.3805134e+00   3.8705197e+00   5.0672340e-02  -9.8669414e-01   1.5448947e-01
  -5.6133377e+00   4.3524121e+00   3.6362437e+00  -6.1180498e-02  -9.9812232e-01  -2.9639387e-03
  -5.8420589e+00   4.3662863e+00   3.6847454e+00  -6.1170929e-02  -9.9812293e-01  -2.9544526e-03
  -5.8264902e+00   4.3660022e+00   3.4585055e+00  -6.1170886e-02  -9.9812293e-01  -2.9571903e-03
  -6.0284477e+00   4.3786684e+00   3.3610895e+00  -6.1175478e-02  -9.9812264e-01  -2.9591068e-03
  -5.9024587e+00   4.3808505e+00   3.1462815e+00  -1.3856510e-01  -9.7410866e-01  -1.7863938e-01
  -6.1168331e+00   4.4120736e+00   3.1423055e+00  -1.3856259e-01  -9.7410954e-01  -1.7863654e-01
  -6.0469913e+00   4.4410092e+00   2.9303462e+00  -1.3856242e-01  -9.7410928e-01  -1.7863807e-01
  -6.2250569e+00   4.4875504e+00   2.8146766e+00  -1.3856318e-01  -9.7410908e-01  -1.7863858e-01
  -6.0742559e+00   4.5143507e+00   2.6203787e+00  -1.7575539e-01  -9.1643533e-01  -3.5952237e-01
  -6.2654718e+00   4.5697675e+00   2.5725971e+00  -1.7575654e-01  -9.1643452e-01  -3.5952387e-01
  -6.1422481e+00   4.6186520e+00   2.3877504e+00  -1.7575659e-01  -9.1643459e-01  -3.5952365e-01
  -6.2950159e+00   4.6956539e+00   2.2661538e+00  -1.7575914e-01  -9.1643313e-01  -3.5952612e-01
  -6.1166972e+00   4.7423744e+00   2.1010808e+00  -1.6999671e-01  -8.2937436e-01  -5.3220230e-01
  -6.2765059e+00   4.8265601e+00   2.0209329e+00  -1.6999504e-01  -8.2937635e-01  -5.3219973e-01
  -6.1028441e+00   4.8855270e+00   1.8735685e+00  -1.6999457e-01  -8.2937555e-01  -5.3220112e-01
  -6.2331364e+00   4.9875441e+00   1.7562040e+00  -1.6999451e-01  -8.2937562e-01  -5.3220104e-01
  -6.0330662e+00   5.0461515e+00   1.6251557e+00  -1.3430618e-01  -7.4965762e-01  -6.4805501e-01
  -6.1595343e+00   5.1568742e+00   1.5232831e+00  -1.3430505e-01  -7.4965963e-01  -6.4805293e-01
  -5.9389669e+00   5.2161942e+00   1.4222007e+00  -1.0014392e-01  -6.9049081e-01  -7.1637535e-01
  -6.0493044e+00   5.3407404e+00   1.3175794e+00  -1.0014477e-01  -6.9048853e-01  -7.1637743e-01
  -5.8160982e+00   5.4052458e+00   1.2423408e+00  -3.4466297e-02  -5.9463365e-01  -8.0325768e-01
  -5.8963739e+00   5.5482445e+00   1.1399266e+00  -3.4466381e-02  -5.9463335e-01  -8.0325789e-01
  -5.6355310e+00   5.5968348e+00   1.0927639e+00  -3.4466805e-02  -5.9463410e-01  -8.0325732e-01
  -5.7416574e+00   5.7314860e+00   9.9763847e-01  -3.4466947e-02  -5.9463280e-01  -8.0325828e-01
  -5.4984785e+00   5.7893462e+00   9.6936101e-01   8.5247386e-02  -4.6435965e-01  -8.8153446e-01
  -5.5368517e+00   5.9560235e+00   8.7785042e-01   8.5247736e-02  -4.6436267e-01  -8.8153283e-01
  -5.2425451e+00   5.9825370e+00   8.9234489e-01   8.5249638e-02  -4.6435929e-01  -8.8153443e-01
  -5.3485078e+00   6.1283626e+00   8.0528202e-01   8.5249451e-02  -4.6436094e-01  -8.8153358e-01
  -5.0986724e+00   6.1844639e+00   8.2646454e-01   2.2855997e-01  -3.3823383e-01  -9.1288456e-01
  -4.9031407e+00   6.4559952e+00   7.7481514e-01   2.2855969e-01  -3.3823101e-01  -9.1288567e-01
  -4.6518208e+00   6.5197296e+00   8.3858922e-01   3.8484261e-01  -2.2560295e-01  -8.9498574e-01
  -4.2983745e+00   6.6401793e+00   9.6020809e-01   3.8484111e-01  -2.2561607e-01  -8.9498308e-01
  -4.4270323e+00   6.7798262e+00   8.6968415e-01   3.8484204e-01  -2.2560134e-01  -8.9498639e-01
  -4.1874983e+00   6.8125256e+00   9.9068684e-01   5.4284843e-01  -1.3460402e-01  -8.2897366e-01
  -3.9563681e+00   7.0316751e+00   1.1063192e+00   5.4268929e-01  -1.3545776e-01  -8.2893879e-01
  -3.7450226e+00   7.0194672e+00   1.2748893e+00   6.8979529e-01  -7.2820548e-02  -7.2033299e-01
  -3.5267583e+00   7.1925327e+00   1.4664414e+00   6.8984839e-01  -7.2630116e-02  -7.2030137e-01
  -3.4111738e+00   7.0240776e+00   1.5989705e+00   8.1595269e-01  -4.3636377e-02  -5.7646950e-01
  -3.3438213e+00   7.1279792e+00   1.6864375e+00   8.1595023e-01  -4.3637504e-02  -5.7647289e-01
  -3.1693667e+00   7.2507994e+00   1.9240668e+00   8.1595057e-01  -4.3636501e-02  -5.7647248e-01
  -3.0879423e+00   7.0714155e+00   2.0659058e+00   9.1145733e-01  -4.9987817e-02  -4.0834637e-01
  -3.0218450e+00   7.2317550e+00   2.1938126e+00   9.1145855e-01  -4.9987178e-02  -4.0834372e-01
  -2.9182442e+00   7.0947505e+00   2.4418302e+00   9.1145871e-01  -4.9988094e-02  -4.0834324e-01
  -2.8694907e+00   7.0078625e+00   2.5878426e+00   9.6928747e-01  -9.1217452e-02  -2.2838822e-01
  -2.8246811e+00   7.1704169e+00   2.7130949e+00   9.6928878e-01  -9.1216586e-02  -2.2838301e-01
  -2.8108682e+00   6.9876520e+00   2.8447142e+00   9.6928846e-01  -9.1215092e-02  -2.2838494e-01
  -2.7583572e+00   7.0707751e+00   3.0343772e+00   9.6928843e-01  -9.1215147e-02  -2.2838508e-01
  -2.7732064e+00   6.8403955e+00   3.1229648e+00   9.8515162e-01  -1.6426314e-01  -4.9939068e-02
  -2.7449536e+00   6.9621155e+00   3.2799392e+00   9.8515162e-01  -1.6426314e-01  -4.9939045e-02
  -2.7749568e+00   6.7534594e+00   3.3733707e+00   9.8518295e-01  -1.6396183e-01  -5.0309738e-02
  -2.7542334e+00   6.8186290e+00   3.5679356e+00   9.8522964e-01  -1.6385723e-01  -4.9732937e-02
  -2.7815768e+00   6.7189274e+00   3.7324974e+00   9.5779391e-01  -2.6413159e-01   1.1342539e-01
  -2.8484649e+00   6.5115545e+00   3.8149342e+00   9.5791956e-01  -2.6372192e-01   1.1331753e-01
  -2.8809634e+00   6.4924315e+00   4.0447776e+00   9.5787154e-01  -2.6371004e-01   1.1375032e-01
  -2.9762920e+00   6.2616017e+00   4.1060346e+00   8.8941899e-01  -3.8225242e-01   2.5063309e-01
  -3.0210842e+00   6.2836418e+00   4.2986679e+00   8.8945580e-01  -3.8230230e-01   2.5042630e-01
  -3.1294692e+00   6.1163274e+00   4.4282052e+00   8.8945758e-01  -3.8230171e-01   2.5042085e-01
  -3.2415137e+00   5.8914561e+00   4.4051843e+00   7.8394868e-01  -5.1104410e-01   3.5250304e-01
  -3.3120867e+00   5.9064936e+00   4.5845626e+00   7.8502105e-01  -5.1089822e-01   3.5032121e-01
  -3.4337800e+00   5.6649356e+00   4.5049796e+00   7.8502221e-01  -5.1089720e-01   3.5032012e-01
  -3.4800324e+00   5.7198705e+00   4.6887411e+00   7.8502248e-01  -5.1089709e-01   3.5031967e-01
  -3.6194201e+00   5.5119174e+00   4.6309455e+00   6.5227059e-01  -6.4030566e-01   4.0564978e-01
  -3.7367792e+00   5.4933937e+00   4.7904160e+00   6.5227094e-01  -6.4030566e-01   4.0564921e-01
  -3.9079883e+00   5.3306038e+00   4.8087560e+00   6.5227288e-01  -6.4030491e-01   4.0564728e-01
  -4.0398864e+00   5.1520102e+00   4.6851125e+00   5.0106816e-01  -7.6080620e-01   4.1243741e-01
  -4.1844500e+00   5.1274028e+00   4.8153494e+00   5.0106589e-01  -7.6080654e-01   4.1243954e-01
  -4.3158327e+00   4.9126919e+00   4.5788972e+00   5.0106273e-01  -7.6080796e-01   4.1244077e-01
  -4.3811401e+00   4.9780331e+00   4.7787700e+00   5.0106704e-01  -7.6080648e-01   4.1243827e-01
  -4.5044181e+00   4.8338194e+00   4.6072450e+00   3.4262211e-01  -8.6346579e-01   3.7018498e-01
  -4.6769054e+00   4.8049243e+00   4.6994914e+00   3.4262360e-01  -8.6346561e-01   3.7018402e-01
  -4.7874018e+00   4.6239358e+00   4.3795997e+00   3.4261678e-01  -8.6346771e-01   3.7018543e-01
  -4.8643969e+00   4.6883062e+00   4.6010074e+00   3.4262007e-01  -8.6346680e-01   3.7018451e-01
  -6.4126640e-01   1.4917691e+00  -8.2157179e-01   5.7231290e-01   2.3807117e-01  -7.8471655e-01
   1.8050461e-01   1.8247800e+00  -1.2959764e-01   6.0532029e-01   1.1790112e-01  -7.8720180e-01
   3.1372960e-02   1.8726270e+00  -2.6646992e-01   6.7359997e-01  -3.0473823e-01  -6.7334813e-01
  -5.3030133e-01   1.6685061e+00  -7.3674233e-01   6.7460094e-01  -3.1555898e-01  -6.6733508e-01
  -2.6326031e-01   1.8317523e+00  -5.5647296e-01   6.4975171e-01  -5.4383775e-01  -5.3109624e-01
   2.1401961e-01   1.4457465e+00  -3.9459436e-01   3.5356259e-01   6.1233192e-01  -7.0713727e-01
   6.3855091e-01   9.9365022e-01  -5.7381141e-01   3.5356296e-01   6.1231164e-01  -7.0715465e-01
  -1.0785827e-01   6.4686423e-01  -1.2152757e+00   4.1598894e-01   1.0892818e-01  -9.0282216e-01
  -8.2167603e-02   7.8999377e-01  -1.1105403e+00   3.5365203e-01   6.1240122e-01  -7.0703252e-01
   2.0133178e-01   8.8817221e-01  -8.8374926e-01   3.5356584e-01   6.1232438e-01  -7.0714217e-01
  -2.1899969e-01   7.3688345e-01   1.7719345e+00   6.6470591e-01  -7.3915814e-01  -1.0867978e-01
  -4.6664542e-01   4.0577654e-01   1.7053409e+00   6.4744223e-01  -3.3428547e-01   6.8488815e-01
   2.5799707e-01   1.1497451e+00   1.4000424e+00   6.8376597e-01  -4.4144550e-01   5.8102493e-01
  -4.0251699e-01   5.5664470e-01   1.7592871e+00   7.3444186e-01  -6.5579435e-01   1.7472526e-01
   8.4654076e-02   1.0430979e+00   1.5870549e+00   6.9410093e-01  -7.1963307e-01  -1.8765838e-02
  -5.7603884e-02   8.9614013e-01   1.7025142e+00   6.3156935e-01  -7.3612614e-01  -2.4338953e-01
   7.1637817e-02  -2.5115694e-01   1.3388734e+00   4.4180604e-01  -1.0359456e-01   8.9110919e-01
   2.4267531e-01   5.6565952e-01   1.3162689e+00   4.6338531e-01  -6.3444026e-02   8.8388286e-01
   3.6950307e-01  -2.5449963e-02   1.2073469e+00   4.6338394e-01  -6.3453190e-02   8.8388292e-01
   7.9238565e-01   4.1906394e-01   1.0175543e+00   4.6338758e-01  -6.3442918e-02   8.8388175e-01
  -1.1200284e+00  -2.6434440e-01   9.6470264e-01  -3.5351465e-01  -6.1238988e-01   7.0711104e-01
  -7.3127594e-01  -6.8729062e-01   7.9280117e-01  -3.5364487e-01  -6.1233016e-01   7.0709764e-01
  -1.3164011e-01  -4.3222735e-01   1.2974651e+00  -2.7827801e-01  -6.0096555e-01   7.4926748e-01
  -3.8420447e-01  -5.4200725e-01   1.0921083e+00  -3.5335877e-01  -6.1239725e-01   7.0718257e-01
  -5.8717316e-01   2.7340157e-01   1.6875905e+00   1.9531782e-01  -5.3219596e-01   8.2378298e-01
  -6.8742713e-01   2.4976828e-01   1.6555484e+00  -1.5986687e-01  -8.1763190e-01   5.5310095e-01
  -1.5199002e+00  -3.6936495e-02   1.0318523e+00   5.8037420e-02  -9.2389832e-01   3.7821098e-01
  -1.1623120e+00   1.2123401e-01   1.5418462e+00   5.9085050e-01  -6.8423006e-01  -4.2746336e-01
  -1.3570659e+00   5.3692754e-02   1.3477021e+00   4.7301950e-01  -8.6760119e-01  -1.5336470e-01
  -9.3438821e-01   2.1702171e-01   1.6223873e+00   3.0284840e-01  -9.5128974e-01   5.7712104e-02
  -1.6551975e+00  -5.9648429e-02   7.2670015e-01  -6.3169452e-01  -7.2358375e-01  -2.7818805e-01
  -1.6210334e+00  -9.3700824e-02   8.1093823e-01  -5.1800918e-01  -8.0731521e-01   2.8268117e-01
  -1.7992960e+00   3.5651026e-01  -1.8295138e-01  -1.2780039e-01  -9.2170679e-01  -3.6622896e-01
  -1.9164751e+00   2.1729370e-01   1.2170652e-01   3.1323029e-01  -8.6435655e-01  -3.9341395e-01
  -1.7826622e+00   3.2026333e-02   6.0963411e-01   1.5241072e-02  -9.1991442e-01  -3.9182288e-01
  -1.8725390e+00   1.1209552e-01   3.9128177e-01   3.5489192e-01  -8.5141451e-01  -3.8619303e-01
  -1.1980831e+00  -3.5067999e-01  -3.8886243e-01  -8.1689681e-01  -5.4901442e-01  -1.7681283e-01
  -1.4362446e+00  -1.8462214e-01   1.9604193e-01  -8.1692586e-01  -5.4899840e-01  -1.7672830e-01
  -1.0938960e+00  -7.3499223e-01   3.2316789e-01  -8.1694660e-01  -5.4894481e-01  -1.7679890e-01
  -4.9272880e-01   5.8040746e-01  -1.1029571e+00  -4.6343226e-01   6.3406364e-02  -8.8386095e-01
  -1.0616188e+00   5.9607926e-01  -8.0362880e-01  -4.6326773e-01   6.3427048e-02  -8.8394571e-01
  -1.0353101e+00  -4.8265317e-02  -8.6361481e-01  -4.6333559e-01   6.3268139e-02  -8.8392153e-01
  -8.7567304e-01   1.3296184e+00  -8.7613418e-01  -2.1993609e-01  -2.3814803e-01  -9.4599875e-01
  -1.6229119e+00   6.8220106e-01  -5.7199952e-01   1.3087751e-01  -5.0776635e-01  -8.5149540e-01
  -1.0594071e+00   1.3044309e+00  -8.6482603e-01   2.4425152e-01  -5.9913703e-01  -7.6248017e-01
  -1.5480998e+00   8.7927949e-01  -6.9856324e-01   4.2701070e-01  -6.9182554e-01  -5.8227080e-01
  -1.4312373e+00   1.0227806e+00  -7.8804005e-01   5.0735303e-01  -7.3147651e-01  -4.5556012e-01
  -1.4253292e+00   1.2179016e+00  -8.0726548e-01  -2.3849922e-01  -3.1038891e-03  -9.7113773e-01
   3.0470526e-01   1.7942064e+00   6.7995325e-04   7.5701803e-01   4.9671864e-01  -4.2449298e-01
   3.2351818e-01   1.7768532e+00   9.0495158e-02   9.3951794e-01   3.3126893e-01   8.6988167e-02
   3.8820978e-01   1.4000005e+00   1.1269879e+00   9.9524123e-01  -2.5303285e-02  -9.4099112e-02
   3.3457265e-01   1.8267801e+00   2.8022637e-01   9.3303836e-01  -3.0562617e-01  -1.8982115e-01
   4.0264437e-01   1.8135974e+00   5.2866121e-01   7.6431264e-01  -5.6665843e-01  -3.0777333e-01
   4.1999952e-01   1.7234743e+00   7.4709225e-01   6.7074807e-01  -6.6827811e-01  -3.2171632e-01
   4.0603673e-01   1.5996112e+00   9.4623418e-01   8.2126948e-01  -4.9889915e-01  -2.7679610e-01
   8.5195803e-01   7.7252137e-01   6.7850451e-01   8.1693695e-01   5.4897855e-01   1.7673870e-01
   8.4637601e-01   1.0446011e+00  -1.4073650e-01   8.1693814e-01   5.4895995e-01   1.7679095e-01
   5.7681754e-01   1.2767635e+00   3.8406753e-01   8.1694473e-01   5.4896369e-01   1.7674889e-01
  -7.4600797e+00   1.2009093e+01   4.4781090e+00   3.5355343e-01   6.1237254e-01  -7.0710667e-01
  -9.3711619e+00   1.3033691e+01   4.4098965e+00   3.5355324e-01   6.1237259e-01  -7.0710672e-01
  -8.4311542e+00   1.4378659e+01   6.1770839e+00  -6.9812521e-02   9.6105172e-01   2.6740570e-01
  -8.5614928e+00   1.4370279e+01   5.9722506e+00   3.5354937e-01   6.1237765e-01  -7.0710428e-01
  -1.0591365e+01   1.3615099e+01   4.3033061e+00   3.5358418e-01   6.1233501e-01  -7.0712379e-01
  -8.4099515e+00   1.0679656e+01   2.7855192e+00  -5.7322403e-01   7.3919779e-01   3.5355456e-01
  -6.9629166e+00   1.1518286e+01   3.3782436e+00  -5.7322491e-01   7.3919697e-01   3.5355488e-01
  -6.3282721e+00   1.1517469e+01   4.4089128e+00  -5.7322227e-01   7.3920071e-01   3.5355133e-01
  -6.6213437e+00   1.1529678e+01   3.9082256e+00  -5.7322374e-01   7.3919783e-01   3.5355496e-01
  -7.9227272e+00   1.0999832e+01   2.9060525e+00  -5.7322358e-01   7.3919828e-01   3.5355429e-01
  -7.4335657e+00   1.1300172e+01   3.0711976e+00  -5.7322163e-01   7.3920208e-01   3.5354949e-01
  -1.0930470e+01   1.2219616e+01   6.6650545e+00   1.8917343e-01   9.8120367e-01  -3.8115231e-02
  -9.8796907e+00   1.2686528e+01   7.3969380e+00  -3.2011308e-01   8.5695307e-01  -4.0392951e-01
  -1.1025794e+01   1.2236719e+01   6.4298465e+00   9.5754804e-02   9.9312678e-01   6.7306950e-02
  -1.1037986e+01   1.2252650e+01   6.3400105e+00   1.7011339e-01   9.4230557e-01   2.8830826e-01
  -1.1093576e+01   1.2289194e+01   6.2533720e+00   1.7011249e-01   9.4230591e-01   2.8830767e-01
  -1.1116566e+01   1.2369258e+01   6.0052546e+00   1.7011611e-01   9.4230599e-01   2.8830529e-01
  -1.1102779e+01   1.2402397e+01   5.9214399e+00   1.7476038e-01   8.3186078e-01   5.2675085e-01
  -1.1128152e+01   1.2462619e+01   5.8347537e+00   1.7476119e-01   8.3186005e-01   5.2675172e-01
  -1.1072204e+01   1.2591432e+01   5.6127687e+00   1.7475150e-01   8.3186016e-01   5.2675477e-01
  -1.1031986e+01   1.2637115e+01   5.5450377e+00   1.0109607e-01   6.7881488e-01   7.2731695e-01
  -1.1026373e+01   1.2715493e+01   5.4711059e+00   1.0109743e-01   6.7881187e-01   7.2731957e-01
  -1.0897328e+01   1.2874335e+01   5.3049207e+00   1.0110295e-01   6.7881129e-01   7.2731934e-01
  -1.0835233e+01   1.2924924e+01   5.2618532e+00  -4.0852432e-02   5.0394758e-01   8.6276759e-01
  -1.0801982e+01   1.3013632e+01   5.2116133e+00  -4.0852323e-02   5.0394592e-01   8.6276857e-01
  -1.0615678e+01   1.3179558e+01   5.1235171e+00  -4.0858815e-02   5.0394762e-01   8.6276727e-01
  -1.0539223e+01   1.3226752e+01   5.1102779e+00  -2.3183419e-01   3.3100912e-01   9.1470535e-01
  -1.0485306e+01   1.3316725e+01   5.0913838e+00  -2.3183352e-01   3.3101266e-01   9.1470424e-01
  -1.0265494e+01   1.3465666e+01   5.0931966e+00  -2.3182664e-01   3.3100911e-01   9.1470726e-01
  -1.0184126e+01   1.3501634e+01   5.1108375e+00  -4.4588696e-01   1.8348749e-01   8.7608057e-01
  -1.0119157e+01   1.3583790e+01   5.1266970e+00  -4.4588817e-01   1.8348427e-01   8.7608063e-01
  -9.8943242e+00   1.3693811e+01   5.2180854e+00  -4.4589202e-01   1.8348795e-01   8.7607789e-01
  -9.8181156e+00   1.3712265e+01   5.2634170e+00  -6.5396199e-01   8.1417809e-02   7.5213353e-01
  -9.7530435e+00   1.3778703e+01   5.3128039e+00  -6.5396222e-01   8.1417360e-02   7.5213338e-01
  -9.5525649e+00   1.3833019e+01   5.4812357e+00  -6.5396280e-01   8.1418431e-02   7.5213276e-01
  -9.4908339e+00   1.3830073e+01   5.5472738e+00  -8.2779508e-01   3.8656814e-02   5.5969719e-01
  -9.4364764e+00   1.3875098e+01   5.6245585e+00  -8.2779296e-01   3.8660340e-02   5.5970009e-01
  -9.2866273e+00   1.3864387e+01   5.8469247e+00  -8.2779387e-01   3.8664490e-02   5.5969846e-01
  -9.2466601e+00   1.3839078e+01   5.9238629e+00  -9.4377224e-01   6.1021933e-02   3.2491581e-01
  -9.2122760e+00   1.3859925e+01   6.0198230e+00  -9.4377350e-01   6.1019899e-02   3.2491252e-01
  -9.1326258e+00   1.3783654e+01   6.2655070e+00  -9.4377350e-01   6.1020675e-02   3.2491238e-01
  -9.1186858e+00   1.3738067e+01   6.3420690e+00  -9.8615197e-01   1.4545796e-01   7.9663531e-02
  -9.1107788e+00   1.3735218e+01   6.4451564e+00  -9.8615266e-01   1.4545634e-01   7.9657945e-02
  -9.1114785e+00   1.3601780e+01   6.6801511e+00  -9.8615323e-01   1.4545260e-01   7.9657738e-02
  -9.1242317e+00   1.3540751e+01   6.7451406e+00  -9.4917349e-01   2.8051239e-01  -1.4276723e-01
  -9.1457315e+00   1.3517827e+01   6.8430423e+00  -9.4917471e-01   2.8051300e-01  -1.4275794e-01
  -9.2260675e+00   1.3343458e+01   7.0345576e+00  -9.4917590e-01   2.8050813e-01  -1.4275959e-01
  -9.2625022e+00   1.3273903e+01   7.0783950e+00  -8.3786344e-01   4.4783733e-01  -3.1213233e-01
  -9.3124302e+00   1.3237137e+01   7.1596684e+00  -8.3786487e-01   4.4783693e-01  -3.1212906e-01
  -9.4608415e+00   1.3043763e+01   7.2806047e+00  -8.3786231e-01   4.4784629e-01  -3.1212249e-01
  -9.5146946e+00   1.2973720e+01   7.2966338e+00  -6.6734360e-01   6.2471542e-01  -4.0544193e-01
  -9.5883525e+00   1.2931101e+01   7.3522009e+00  -6.6733316e-01   6.2471897e-01  -4.0545366e-01
  -9.7831105e+00   1.2743295e+01   7.3844468e+00  -6.6831882e-01   6.1975421e-01  -4.1140573e-01
  -1.9944894e+00   2.2617381e+00   2.3876457e+00  -1.6298860e-01   3.1931345e-01  -9.3352752e-01
  -9.6107315e+00   1.1706635e+01   6.9199016e+00   7.5645611e-02   4.7766676e-01  -8.7527836e-01
  -2.3210514e+00   2.1791012e+00   2.3315580e+00   1.3686087e-01   5.1341985e-01  -8.4715356e-01
  -9.7834404e+00   1.1495399e+01   6.7251071e+00   2.8473165e-01   5.8274614e-01  -7.6114047e-01
  -2.5158008e+00   1.9785543e+00   2.1311226e+00   4.1934480e-01   6.3676915e-01  -6.4705100e-01
  -1.0086852e+01   1.1413055e+01   6.4575326e+00   5.3150269e-01   6.6511240e-01  -5.2452873e-01
  -2.6723901e+00   1.9303575e+00   1.9813359e+00   4.2230503e-01   6.3296745e-01  -6.4885335e-01
  -2.8044168e+00   1.9084466e+00   1.8131597e+00   6.4511293e-01   6.7424000e-01  -3.5948536e-01
  -1.0231825e+01   1.3234549e+01   5.0605013e+00   2.3896304e-01  -2.6320443e-01   9.3467646e-01
  -2.2031207e+00   3.1462738e+00   1.9926121e-01   1.2348480e-02  -4.2244549e-01   9.0630421e-01
  -1.0118844e+01   1.3442517e+01   5.1119807e+00  -6.1997800e-02  -4.6899964e-01   8.8101964e-01
  -2.0233716e+00   3.2615462e+00   2.5062500e-01   1.2798775e-02  -4.2295890e-01   9.0605847e-01
  -9.8760410e+00   1.3469972e+01   5.1434174e+00  -6.1180973e-02  -4.7006022e-01   8.8051137e-01
  -1.8475557e+00   3.3568212e+00   3.3649006e-01  -2.8446370e-01  -5.8309206e-01   7.6097573e-01
  -9.7627036e+00   1.3645066e+01   5.2676514e+00  -3.5375489e-01  -6.1211409e-01   7.0722968e-01
  -1.6787527e+00   3.4304889e+00   4.5614245e-01  -2.8404758e-01  -5.8362792e-01   7.6072033e-01
  -9.5363936e+00   1.3626727e+01   5.3646429e+00  -3.5292245e-01  -6.1318329e-01   7.0671918e-01
  -1.5255632e+00   3.4790965e+00   6.0289422e-01  -5.4297589e-01  -6.6490259e-01   5.1291494e-01
  -9.4463996e+00   1.3756115e+01   5.5500408e+00  -5.9749782e-01  -6.7206398e-01   4.3740869e-01
  -1.3907068e+00   3.5014525e+00   7.7478879e-01  -5.4255848e-01  -6.6543838e-01   5.1266174e-01
  -9.2588324e+00   1.3683533e+01   5.6941829e+00  -5.9665363e-01  -6.7314565e-01   4.3689745e-01
  -1.2808367e+00   3.4968233e+00   9.6261117e-01  -7.2823973e-01  -6.5680539e-01   1.9563634e-01
  -9.2128253e+00   1.3760671e+01   5.9209510e+00  -7.6012031e-01  -6.4070849e-01   1.0821156e-01
  -1.1981359e+00   3.4648529e+00   1.1635291e+00  -7.2782440e-01  -6.5734146e-01   1.9538127e-01
  -9.0808930e+00   1.3632639e+01   6.0873794e+00  -7.5927183e-01  -6.4180210e-01   1.0768635e-01
  -1.1464300e+00   3.4076078e+00   1.3670578e+00  -8.1523723e-01  -5.5989319e-01  -1.4801310e-01
  -9.0936765e+00   1.3658162e+01   6.3301893e+00  -8.1954704e-01  -5.2230638e-01  -2.3566648e-01
  -1.1270485e+00   3.3256326e+00   1.5698626e+00  -8.1482259e-01  -5.6042894e-01  -1.4826851e-01
  -9.0266205e+00   1.3480882e+01   6.4909523e+00  -8.1868873e-01  -5.2341060e-01  -2.3619927e-01
  -1.1404960e+00   3.2234984e+00   1.7616083e+00  -7.9221749e-01  -3.8725145e-01  -4.7162248e-01
  -9.1051542e+00   1.3462518e+01   6.7223629e+00  -7.6770246e-01  -3.3292823e-01  -5.4753239e-01
  -1.1870459e+00   3.1025936e+00   1.9389106e+00  -7.9180445e-01  -3.8778949e-01  -4.7187395e-01
  -9.1033132e+00   1.3248756e+01   6.8502212e+00  -7.6683627e-01  -3.3404924e-01  -5.4806317e-01
  -1.2638364e+00   2.9693622e+00   2.0929745e+00  -6.6229133e-01  -1.6220031e-01  -7.3147881e-01
  -9.2457719e+00   1.3200284e+01   7.0443836e+00  -6.1163254e-01  -9.8305930e-02  -7.8501056e-01
  -1.3700244e+00   2.8258590e+00   2.2208323e+00  -6.6188022e-01  -1.6273815e-01  -7.3173142e-01
  -9.3005318e+00   1.2967641e+01   7.1165082e+00  -6.1075602e-01  -9.9436505e-02  -7.8555042e-01
  -1.4997919e+00   2.6795232e+00   2.3164018e+00  -4.4300645e-01   8.4869498e-02  -8.9249227e-01
  -9.4965504e+00   1.2907030e+01   7.2526564e+00  -3.7253495e-01   1.4970372e-01  -9.1586381e-01
  -1.6512725e+00   2.5328032e+00   2.3775519e+00  -4.4259347e-01   8.4335920e-02  -8.9274771e-01
  -9.5910823e+00   1.2675382e+01   7.2535306e+00  -3.7166254e-01   1.4854980e-01  -9.1640597e-01
  -1.8164920e+00   2.3931295e+00   2.4017123e+00  -1.6397356e-01   3.2058406e-01  -9.3291936e-01
  -9.4256199e+00   1.1894290e+01   6.9919740e+00  -1.1234843e-01   3.5725895e-01  -9.2722375e-01
  -9.9200558e+00   1.2491707e+01   7.2831820e+00  -1.1878890e-01   3.5556263e-01  -9.2707304e-01
  -1.0852803e+01   1.2165466e+01   6.6893568e+00   7.9755549e-01   4.7844889e-01   3.6741243e-01
  -1.0335707e+01   1.1538438e+01   6.3519486e+00   7.1110058e-01   6.6376665e-01  -2.3184003e-01
  -1.0836242e+01   1.2103822e+01   6.4527141e+00   7.0069365e-01   6.6653311e-01  -2.5448382e-01
  -2.9159074e+00   1.9135926e+00   1.6217756e+00   6.4692278e-01   6.7190613e-01  -3.6060097e-01
  -1.0973451e+01   1.2213677e+01   6.2869357e+00   8.0097648e-01   5.9594393e-01   5.7336869e-02
  -2.9971022e+00   1.9451446e+00   1.4241900e+00   7.8428239e-01   6.1995057e-01  -2.3715459e-02
  -1.0952226e+01   1.2208001e+01   6.0456447e+00   8.0175202e-01   5.9494590e-01   5.6860145e-02
  -3.0493130e+00   2.0036289e+00   1.2172367e+00   7.8542050e-01   6.1848070e-01  -2.4418367e-02
  -1.1030733e+01   1.2364865e+01   5.8796999e+00   8.0747475e-01   4.4110034e-01   3.9168229e-01
  -3.0682347e+00   2.0843307e+00   1.0178548e+00   8.1681653e-01   4.8285076e-01   3.1569907e-01
  -1.0942416e+01   1.2400942e+01   5.6564424e+00   8.0825858e-01   4.4008702e-01   3.9120517e-01
  -3.0541838e+00   2.1883938e+00   8.2303791e-01   8.1797300e-01   4.8135907e-01   3.1498192e-01
  -1.0955927e+01   1.2597630e+01   5.5160627e+00   7.0418688e-01   2.2652762e-01   6.7290867e-01
  -3.0160424e+00   2.3048480e+00   6.4273957e-01   7.6930394e-01   3.3481465e-01   5.4412370e-01
  -1.0804690e+01   1.2660159e+01   5.3360694e+00   7.0580637e-01   2.2442809e-01   6.7191473e-01
  -2.9376179e+00   2.4404395e+00   4.8637292e-01   7.0401609e-01   2.2186783e-01   6.7463769e-01
  -1.0759196e+01   1.2880518e+01   5.2453115e+00   5.0512836e-01  -1.8646989e-02   8.6284276e-01
  -2.8253459e+00   2.5840648e+00   3.6682670e-01   5.6137024e-01   4.0433330e-02   8.2657643e-01
  -1.0557157e+01   1.2950674e+01   5.1282872e+00   5.0592792e-01  -1.9684947e-02   8.6235112e-01
  -2.6931410e+00   2.7328663e+00   2.7003578e-01   5.6256575e-01   3.8896615e-02   8.2583705e-01
  -1.0467213e+01   1.3175282e+01   5.1041618e+00   2.3733419e-01  -2.6111565e-01   9.3567681e-01
  -2.5226357e+00   3.0266556e+00   2.3595368e-01   3.0788777e-01  -2.0513308e-01   9.2904550e-01
  -1.2759884e+00   3.0437070e+00   8.6394489e-01  -8.7179769e-01   8.7150122e-02   4.8205149e-01
  -1.4532649e+00   3.3094140e+00   5.8065893e-01  -7.8806197e-01   2.7716339e-02   6.1497166e-01
  -1.3434490e+00   3.3305115e+00   7.2043239e-01  -7.8805964e-01   2.7716317e-02   6.1497464e-01
  -2.2969435e+00   2.7745871e+00   2.0926159e-01  -1.5112625e-01   3.3963492e-01   9.2833667e-01
  -2.7124440e+00   2.4402760e+00   3.7124881e-01  -1.6070721e-02   5.5590122e-01   8.3109300e-01
  -2.4078206e+00   2.4139574e+00   3.9980038e-01  -3.8097606e-02   5.4655612e-01   8.3655543e-01
  -2.5390096e+00   2.6372838e+00   2.4532110e-01  -3.5511768e-02   5.6759132e-01   8.2254423e-01
  -2.8636002e+00   2.2153076e+00   5.9319684e-01   1.4575778e-01   7.5772454e-01   6.3608819e-01
  -2.7981080e+00   2.3215961e+00   4.7002355e-01   1.1382469e-01   6.7110449e-01   7.3257266e-01
  -2.9212155e+00   1.9856688e+00   9.7590848e-01   1.9992087e-01   8.5851468e-01   4.7221202e-01
  -2.9168656e+00   2.0679314e+00   8.2450719e-01   1.9992170e-01   8.5851584e-01   4.7220956e-01
  -2.6556783e+00   2.0745645e+00   7.3865875e-01   1.2586500e-01   8.2337243e-01   5.5336773e-01
  -2.8513795e+00   1.8522194e+00   1.3696887e+00   1.8216064e-01   9.5744284e-01   2.2387656e-01
  -2.9005332e+00   1.8987594e+00   1.2106476e+00   1.8216070e-01   9.5744304e-01   2.2387566e-01
  -2.6709780e+00   1.8875910e+00   1.1032768e+00   1.5566445e-01   9.4831909e-01   2.7651306e-01
  -2.6616455e+00   1.8219931e+00   1.7460462e+00   6.6874821e-02   9.9766861e-01  -1.3605562e-02
  -2.5433187e+00   1.8112139e+00   1.5265784e+00   6.7037258e-02   9.9767353e-01  -1.2390854e-02
  -2.7900844e+00   1.8276646e+00   1.5245223e+00   6.6028722e-02   9.9773160e-01  -1.3109896e-02
  -2.4441957e+00   1.8779556e+00   2.0001496e+00  -8.7565831e-02   9.7200538e-01  -2.1803157e-01
  -2.2189001e+00   1.9107063e+00   1.9488846e+00  -2.3551468e-01   9.4771102e-01  -2.1535240e-01
  -2.5598021e+00   1.8389070e+00   1.8756645e+00  -9.5165622e-02   9.7062788e-01  -2.2096385e-01
  -2.0892587e+00   2.0191768e+00   2.1749647e+00  -2.8872864e-01   8.7544723e-01  -3.8759247e-01
  -1.7163802e+00   2.2983192e+00   2.2919779e+00  -5.1756186e-01   7.4544111e-01  -4.2005626e-01
  -1.7816390e+00   2.1674365e+00   2.1367028e+00  -5.1026052e-01   7.5357073e-01  -4.1444585e-01
  -1.9345904e+00   2.1381735e+00   2.2743104e+00  -5.2114557e-01   7.4912366e-01  -4.0892668e-01
  -1.4120154e+00   2.5772697e+00   2.2036986e+00  -7.1503700e-01   5.6800339e-01  -4.0754662e-01
  -1.5313568e+00   2.4696620e+00   2.2631078e+00  -7.1503679e-01   5.6800370e-01  -4.0754654e-01
  -1.5523016e+00   2.3534561e+00   2.1289172e+00  -7.0261359e-01   5.9562745e-01  -3.8930975e-01
  -1.3203580e+00   2.6803007e+00   2.1358935e+00  -8.7480469e-01   3.8553887e-01  -2.9338802e-01
  -1.2381523e+00   2.7994391e+00   2.0473376e+00  -8.7480288e-01   3.8554003e-01  -2.9339191e-01
  -1.2353302e+00   2.6667435e+00   1.8567973e+00  -8.7949179e-01   3.8715021e-01  -2.7678313e-01
  -1.1347820e+00   2.8282358e+00   1.5151186e+00  -9.7390045e-01   2.2251986e-01  -4.4752950e-02
  -1.0979950e+00   3.0506898e+00   1.7143381e+00  -9.6964876e-01   2.2171235e-01  -1.0307721e-01
  -1.1364891e+00   2.9472001e+00   1.8538559e+00  -9.6964940e-01   2.2171116e-01  -1.0307376e-01
  -1.0982980e+00   3.2522026e+00   1.2830606e+00  -9.8460647e-01   1.0750009e-01   1.3781809e-01
  -1.1316205e+00   2.9493900e+00   1.2701945e+00  -9.8407789e-01   9.7885683e-02   1.4835463e-01
  -1.0769869e+00   3.1636455e+00   1.4993418e+00  -9.8576645e-01   1.0021600e-01   1.3498615e-01
  -1.2054870e+00   3.3297137e+00   9.6048783e-01  -9.2280816e-01   2.6556094e-02   3.8434344e-01
  -1.1396057e+00   3.2964729e+00   1.1209657e+00  -9.2280834e-01   2.6556027e-02   3.8434301e-01
  -2.1301833e+00   2.9774909e+00   1.8783706e-01  -4.0045447e-01   2.2745543e-01   8.8763745e-01
  -1.9167784e+00   2.7719426e+00   3.3320071e-01  -3.8022667e-01   2.2955673e-01   8.9595278e-01
  -1.5407662e+00   2.9401927e+00   5.3491312e-01  -6.3644508e-01   1.1164147e-01   7.6319974e-01
  -1.6332749e+00   3.2561859e+00   4.1630748e-01  -6.0413264e-01   1.0122636e-01   7.9042835e-01
  -1.7714636e+00   3.1890291e+00   3.1928884e-01  -6.0413308e-01   1.0122632e-01   7.9042802e-01
  -1.9158886e+00   3.1109460e+00   2.4854510e-01  -3.9262912e-01   2.1649596e-01   8.9385227e-01
  -1.1459827e+00   2.5937149e+00   1.5655762e+00  -7.9528409e-01  -4.1476236e-01  -4.4214862e-01
  -1.1795117e+00   2.5237310e+00   1.6573675e+00  -7.0856319e-01  -2.8514445e-01  -6.4546947e-01
  -1.5345153e+00   2.0653149e+00   1.8501425e+00  -3.0561384e-01   1.1382421e-01  -9.4532758e-01
  -1.2684192e+00   2.3610890e+00   1.7416414e+00  -7.5059269e-01   3.2838669e-01  -5.7338713e-01
  -1.6207169e+00   1.9626581e+00   1.8346005e+00  -8.9578044e-02   4.9839505e-01  -8.6230977e-01
  -1.9154202e+00   1.7742841e+00   1.7161858e+00   3.1385853e-01   2.4980006e-01  -9.1602006e-01
  -2.0447119e+00   1.6986343e+00   1.5916976e+00   3.1669409e-01   8.5346950e-01  -4.1387759e-01
  -2.2837202e+00   1.6521247e+00   1.2488305e+00   6.4505255e-01   6.2007814e-01  -4.4655381e-01
  -2.3124869e+00   1.6477861e+00   1.1242761e+00   7.4901383e-01   6.5704211e-01   8.5287451e-02
  -2.3408884e+00   1.7706410e+00   7.8158966e-01   9.4982133e-01   2.9471978e-01   1.0478398e-01
  -2.2941129e+00   1.8560023e+00   6.0327904e-01   5.3254950e-01   5.1415668e-01   6.7233469e-01
  -2.1265155e+00   2.0848181e+00   3.5109779e-01   7.5341033e-01  -1.9976067e-03   6.5754763e-01
  -2.0165391e+00   2.1669352e+00   2.8711538e-01   2.2712184e-01  -3.9663249e-02   9.7305832e-01
  -1.6920515e+00   2.4106796e+00   2.5258765e-01   3.3372649e-01  -4.5207485e-01   8.2719705e-01
  -1.5472255e+00   2.4736075e+00   2.8208158e-01  -3.2937685e-01  -3.5103668e-01   8.7651819e-01
  -1.2336043e+00   2.5859054e+00   4.8992990e-01  -2.0914952e-01  -7.9708352e-01   5.6649301e-01
  -1.0977934e+00   2.5911209e+00   6.2644518e-01  -7.6735853e-01  -4.6337484e-01   4.4322076e-01
  -9.4189323e-01   2.5434205e+00   9.4019905e-01  -5.4377544e-01  -8.3918647e-01   8.6221327e-03
  -9.0339831e-01   2.4572736e+00   1.1107612e+00  -9.6047799e-01  -2.0664552e-01  -1.8649307e-01
  -9.6987187e-01   2.1784287e+00   1.5099188e+00  -5.9203443e-01  -5.4631357e-01  -5.9248352e-01
  -1.6248892e+00   1.5011527e+00   1.6012233e+00  -1.5597383e-01   8.1581363e-01  -5.5688444e-01
  -1.3988230e+00   1.6854950e+00   1.6786023e+00   9.8209133e-02  -8.6131181e-02  -9.9143148e-01
  -1.0510479e+00   2.0325738e+00   1.6125962e+00  -6.8292204e-01   3.6479583e-01  -6.3288348e-01
  -1.8995240e+00   1.3755570e+00   1.3589480e+00   7.3721366e-01   2.0644352e-01  -6.4334835e-01
  -2.0376592e+00   1.3569947e+00   1.0887185e+00   4.3911766e-01   8.9804995e-01  -2.6114498e-02
  -2.1306858e+00   1.4327215e+00   7.4535540e-01   8.5070666e-01   5.2554205e-01   1.0184749e-02
  -2.1098691e+00   1.4683176e+00   6.1889713e-01   7.2890161e-01   4.4729486e-01   5.1829504e-01
  -1.9839723e+00   1.6918685e+00   3.0629079e-01   8.6978790e-01   7.1287168e-02   4.8824907e-01
  -1.8734196e+00   1.7936420e+00   2.0688953e-01   2.3265883e-01   1.4492237e-01   9.6170025e-01
  -1.4038261e+00   2.1516329e+00   1.3084131e-01  -3.5879147e-01  -4.0862005e-01   8.3922484e-01
  -1.5110087e+00   2.0916135e+00   1.0894316e-01   4.1413177e-01  -3.6369857e-01   8.3439693e-01
  -1.1527019e+00   2.8644563e+00   1.0945641e+00  -9.8214206e-01  -1.8682644e-01   2.2200228e-02
  -1.1291699e+00   2.7216528e+00   1.3097824e+00  -9.9596900e-01  -8.3867573e-02   3.1811651e-02
  -1.1987786e+00   2.8652035e+00   9.4201779e-01  -4.3183129e-01  -8.2632836e-01   3.6152894e-01
  -9.8596088e-01   1.5429952e+00   1.6357323e+00   2.1868510e-01  -4.1778940e-01  -8.8183266e-01
  -5.8796447e-01   1.9748526e+00   1.3172614e+00  -1.8756157e-01  -6.9416773e-01  -6.9494735e-01
  -7.4022740e-01   1.8261661e+00   1.4699312e+00   3.2948890e-02  -6.5848215e-01  -7.5187475e-01
  -8.2889809e-01   1.6429851e+00   1.6026772e+00  -1.3037080e-02  -4.9870395e-01  -8.6667434e-01
  -1.1606586e+00   1.3411565e+00   1.6743854e+00   1.9453522e-01  -2.7487679e-01  -9.4159375e-01
  -1.5148650e+00   1.1140523e+00   1.5422126e+00   4.8438551e-01  -1.7962970e-01  -8.5621484e-01
  -1.2993075e+00   1.2870652e+00   1.6340256e+00   4.8193459e-01  -1.1299651e-01  -8.6889058e-01
  -1.6368542e+00   1.0721611e+00   1.4544417e+00   6.8535481e-01   7.5183010e-02  -7.2431781e-01
  -1.8243812e+00   1.0197779e+00   1.2349921e+00   8.1724955e-01  -2.0613641e-01  -5.3815514e-01
  -7.8039656e-01   2.2990471e+00   5.2403656e-01  -1.0712132e-02  -9.9985584e-01   1.3173739e-02
  -8.3279563e-01   2.2851232e+00   2.9609297e-01  -3.4323801e-02  -9.9253963e-01   1.1699130e-01
  -1.2376638e+00   2.1537140e+00   7.5790969e-02   3.9170102e-01  -9.0021159e-01   1.9023514e-01
  -9.8801270e-01   2.2471586e+00   1.5381999e-01   1.4525678e-01  -9.4899414e-01   2.7984030e-01
  -5.4045181e-01   2.0780876e+00   1.1598595e+00  -1.7717867e-01  -8.7933721e-01  -4.4201107e-01
  -6.2753386e-01   2.2020444e+00   9.0287362e-01  -4.9970138e-02  -9.2565792e-01  -3.7504721e-01
  -6.1837757e-01   2.2749927e+00   6.5098095e-01  -1.7350774e-01  -9.7292703e-01  -1.5266977e-01
  -2.6032332e-01  -3.5482361e-01   9.0913727e-01   1.0952624e-01   4.9722093e-01  -8.6068307e-01
  -1.5594537e+00   8.5001955e-01   1.3503931e+00   4.3342665e-01   6.3242374e-01  -6.4201367e-01
  -5.5212975e-01  -5.1594407e-01   6.7230239e-01   4.6055052e-01   6.4752568e-01  -6.0712743e-01
  -1.8155535e+00   8.2960003e-01   1.0358151e+00   6.7601854e-01   6.7046319e-01  -3.0574179e-01
  -7.8584616e-01  -5.2039010e-01   3.5249316e-01   6.7583995e-01   6.7042526e-01  -3.0621941e-01
  -1.9608219e+00   9.1980140e-01   6.5901735e-01   8.0585755e-01   5.8671808e-01   7.9721376e-02
  -9.0811572e-01  -4.3246630e-01  -2.9883321e-02   8.0585987e-01   5.8670704e-01   7.9779160e-02
  -1.9535364e+00   1.0923546e+00   2.8677897e-01   7.9661678e-01   4.0159427e-01   4.5180055e-01
  -8.9222170e-01  -2.4536602e-01  -3.9538652e-01   7.9655865e-01   4.0151680e-01   4.5197187e-01
  -1.8097345e+00   1.3360704e+00  -1.1614753e-02   6.4957321e-01   1.4690782e-01   7.4597100e-01
  -7.4080741e-01   8.4904901e-03  -6.8094951e-01   6.4954119e-01   1.4688065e-01   7.4600423e-01
  -1.5757914e+00   1.6300300e+00  -1.7125238e-01   3.9031934e-01  -1.3305582e-01   9.1101425e-01
  -4.8106092e-01   2.8523312e-01  -8.3666322e-01   3.9019684e-01  -1.3313353e-01   9.1105537e-01
  -1.2594220e+00   1.9003008e+00  -1.8136434e-01   6.3643039e-02  -3.9005889e-01   9.1858784e-01
  -1.5578790e-01   5.3695022e-01  -8.3669313e-01   6.3411046e-02  -3.9016171e-01   9.1856022e-01
  -9.0130396e-01   2.0601204e+00  -5.3319419e-02  -2.7430802e-01  -5.7970579e-01   7.6726547e-01
   1.7748245e-01   7.2004048e-01  -6.8012097e-01  -2.7434981e-01  -5.7971533e-01   7.6724333e-01
  -6.0097898e-01   2.1385827e+00   2.1414164e-01  -5.6466447e-01  -6.6902845e-01   4.8327526e-01
   4.6077186e-01   8.0297108e-01  -3.9426229e-01  -5.6467413e-01  -6.6902756e-01   4.8326520e-01
  -4.0444611e-01   2.1172909e+00   5.7424357e-01  -7.5736204e-01  -6.4265883e-01   1.1572541e-01
   6.4552662e-01   7.7135756e-01  -2.8619046e-02  -7.5736186e-01  -6.4265898e-01   1.1572578e-01
  -3.3677211e-01   1.9863282e+00   9.5777679e-01  -8.1909486e-01  -5.0516871e-01  -2.7182381e-01
   6.9982822e-01   6.3065877e-01   3.5359026e-01  -8.1909489e-01  -5.0516853e-01  -2.7182405e-01
  -4.0909464e-01   1.7675353e+00   1.2979648e+00  -7.3919892e-01  -2.8033018e-01  -6.1237239e-01
   6.1428757e-01   4.0520275e-01   6.8627801e-01  -7.3919892e-01  -2.8033016e-01  -6.1237240e-01
  -6.0890828e-01   1.4987430e+00   1.5359857e+00  -5.3148868e-01  -7.0200061e-03  -8.4703631e-01
   4.0369532e-01   1.3397302e-01   9.1191960e-01  -5.3148872e-01  -7.0200678e-03  -8.4703628e-01
  -9.0166360e-01   1.2264282e+00   1.6306837e+00  -2.3187934e-01   2.6750385e-01  -9.3523989e-01
   1.0446491e-01  -1.3613242e-01   9.9149943e-01  -2.3187919e-01   2.6750402e-01  -9.3523988e-01
  -1.2367403e+00   9.9767627e-01   1.5656844e+00   1.0782447e-01   4.9577418e-01  -8.6173189e-01
  -1.0042567e+01   1.1534803e+01   7.6585784e+00  -7.3919881e-01  -2.8033033e-01  -6.1237246e-01
  -1.0078399e+01   1.2113051e+01   7.4371208e+00  -7.3919813e-01  -2.8033331e-01  -6.1237191e-01
  -1.0778139e+01   1.1230890e+01   7.0526217e+00   7.3919877e-01   2.8033036e-01   6.1237249e-01
  -1.0863582e+01   1.1870899e+01   6.8627739e+00   7.3919507e-01   2.8031945e-01   6.1238195e-01
  -1.1150733e+01   1.1567143e+01   7.3484442e+00   7.3918546e-01   2.8038134e-01   6.1236522e-01
  -1.0281682e+01   1.1450311e+01   6.6248651e+00  -5.7322121e-01   7.3919955e-01   3.5355547e-01
  -1.0691597e+01   1.0878399e+01   7.1559984e+00  -5.7321393e-01   7.3920005e-01   3.5356623e-01
  -1.0385316e+01   1.1082112e+01   7.2266612e+00  -5.7322405e-01   7.3919891e-01   3.5355220e-01
  -9.9669961e+00   1.1547394e+01   6.9320922e+00  -5.7322340e-01   7.3919926e-01   3.5355254e-01
  -1.0060384e+01   1.1169642e+01   7.5704749e+00  -5.7322214e-01   7.3919959e-01   3.5355388e-01
  -9.6897545e+00   1.1723003e+01   7.0144326e+00  -5.7322847e-01   7.3919656e-01   3.5354994e-01
  -1.5864076e+00   2.2292794e+00   2.0626806e+00   3.4966279e-02  -3.3168988e-01  -9.4274025e-01
  -1.7128973e+00   2.1060487e+00   2.0705725e+00   5.0415573e-01  -4.6240655e-01  -7.2938823e-01
  -2.1546455e+00   1.8251989e+00   1.8479201e+00   6.8663340e-01  -4.2503820e-01  -5.8981108e-01
  -2.3537897e+00   1.7567152e+00   1.6174243e+00   8.0570853e-01   2.4652763e-01  -5.3857023e-01
  -2.5275549e+00   1.7608790e+00   1.3175162e+00   8.6937396e-01  -2.3107327e-01  -4.3679979e-01
  -2.5314855e+00   2.0171182e+00   6.4155456e-01   8.5815661e-01  -5.0996589e-01  -5.9177928e-02
  -2.5778518e+00   1.7776102e+00   1.1622739e+00   8.7536016e-01  -4.1434643e-01  -2.4912170e-01
  -2.5903996e+00   1.8487541e+00   9.2475591e-01   9.6398465e-01  -2.6270942e-01  -4.1440936e-02
  -2.4593005e+00   2.1161445e+00   4.8202608e-01   8.3102435e-01  -5.1667053e-01   2.0603421e-01
  -2.2311415e+00   2.3565304e+00   3.1750582e-01   6.9929150e-01  -7.1224284e-01   6.0840267e-02
  -2.0390033e+00   2.5071645e+00   2.2880732e-01   5.8185128e-01  -7.6957439e-01   2.6306718e-01
  -1.8456416e+00   2.6455977e+00   2.8469111e-01   4.9271412e-01  -8.6316187e-01   1.1038288e-01
  -1.6248780e+00   2.7502970e+00   3.2962708e-01   2.9687622e-01  -9.3406479e-01   1.9846279e-01
  -1.4203300e+00   2.8411716e+00   5.2688410e-01   3.0135910e-01  -9.5244546e-01   4.5059400e-02
  -1.2797241e+00   2.8632590e+00   6.5580240e-01   9.2663924e-02  -9.8522185e-01  -1.4405313e-01
  -1.0695700e+00   2.8360945e+00   8.8049609e-01  -6.6822678e-02  -9.8977093e-01  -1.2604856e-01
  -1.0045102e+00   2.7377177e+00   1.1619934e+00   1.8225575e-01  -8.5952755e-01  -4.7748847e-01
  -9.6926319e-01   2.5159418e+00   1.5443966e+00   4.3232850e-02  -8.3839802e-01  -5.4334122e-01
  -1.0350155e+00   2.3929762e+00   1.6667535e+00   1.4617453e-01  -5.9439549e-01  -7.9077620e-01
  -1.3495287e+00   2.0349930e+00   1.8503496e+00   3.3279976e-01  -6.0895613e-01  -7.2001164e-01
  -1.7783587e+00   1.6812951e+00   1.7938873e+00   5.5714074e-01  -4.3355431e-01  -7.0825479e-01
  -1.9135968e+00   1.5660802e+00   1.7133054e+00   7.7494819e-01  -2.3339519e-01  -5.8735168e-01
  -2.1944740e+00   1.5029544e+00   1.3408241e+00   7.9336016e-01  -3.4474144e-01  -5.0173000e-01
  -2.3449387e+00   1.5920362e+00   8.1385976e-01   8.8850684e-01  -4.0483112e-01  -2.1602630e-01
  -2.2933396e+00   1.4777167e+00   1.1456877e+00   9.3970022e-01  -2.0017135e-01  -2.7729936e-01
  -2.3189534e+00   1.6690937e+00   6.5436525e-01   8.7891863e-01  -4.6215365e-01   1.1796625e-01
  -2.1540333e+00   1.9097395e+00   2.5922838e-01   8.5399387e-01  -5.2004294e-01   1.5805463e-02
  -2.0269727e+00   2.0496286e+00   1.9785943e-01   6.1464328e-01  -7.6137956e-01   2.0619118e-01
  -1.3698119e+00   2.4700744e+00   2.1641957e-01   3.5971728e-01  -9.3276432e-01  -2.3541504e-02
  -1.6202284e+00   2.3293173e+00   1.3470311e-01   4.9866889e-01  -7.1435994e-01   4.9093708e-01
  -9.9953886e-01   2.5562832e+00   5.2787064e-01   1.7179550e-01  -9.6556947e-01  -1.9535075e-01
  -1.1103781e+00   2.5508821e+00   3.4851089e-01   2.1395201e-01  -9.7626182e-01   3.3725279e-02
  -7.8578551e-01   2.5284533e+00   8.0723307e-01   7.7733647e-02  -9.7815075e-01  -1.9281750e-01
  -7.3997077e-01   2.4645965e+00   9.8456414e-01   1.7180555e-02  -8.7290432e-01  -4.8758884e-01
  -7.8872779e-01   2.2064437e+00   1.4036430e+00   1.8418482e-01  -8.2711968e-01  -5.3098869e-01
  -8.3925070e-01   2.0562253e+00   1.5513417e+00   1.0418841e-01  -5.4244316e-01  -8.3360674e-01
  -1.1802819e+00   1.6771506e+00   1.7202271e+00   3.5207373e-01  -5.8124227e-01  -7.3362219e-01
  -1.3207274e+00   1.5199467e+00   1.7378949e+00   4.7573498e-01  -2.9259979e-01  -8.2949478e-01
  -1.6321011e+00   1.3332867e+00   1.5804262e+00   6.5528180e-01  -4.2236756e-01  -6.2626784e-01
  -2.1073781e+00   1.2891671e+00   6.4796037e-01   9.8525355e-01  -1.6002017e-01  -6.0572138e-02
  -2.0416150e+00   1.2099439e+00   1.0344089e+00   8.3391057e-01  -4.4869268e-01  -3.2135343e-01
  -2.0531872e+00   1.4581080e+00   3.4475264e-01   8.4113678e-01  -5.3922561e-01  -4.1529024e-02
  -1.5672328e+00   1.9463134e+00   5.5640060e-03   6.6920745e-01  -7.3774517e-01   8.8845049e-02
  -1.4115372e+00   2.0462158e+00  -3.8659076e-02   4.1969829e-01  -8.6846081e-01   2.6387338e-01
  -1.4772342e+00   1.8747394e+00   1.8903750e+00   4.4698673e-01  -3.7209090e-01  -8.1348093e-01
  -1.2881664e+00   2.4931451e+00   1.8286471e+00  -9.1644475e-01   1.3502019e-01  -3.7669427e-01
  -1.3696341e+00   2.4153564e+00   1.9299945e+00  -7.7290143e-01   4.6292944e-01  -4.3395820e-01
  -8.8517551e-01   2.6127387e+00   1.2339601e+00  -9.3799362e-01   3.2333450e-01   1.2499111e-01
  -2.4933896e+00   1.8857363e+00   6.7138531e-01   3.3564246e-02   9.1021378e-01   4.1277636e-01
  -2.1975856e+00   1.7333035e+00   1.6760406e+00  -1.1936016e-01   9.9248076e-01  -2.7112489e-02
  -1.9059875e+00   1.9605965e+00   2.0090532e+00   4.7020338e-01  -1.0584419e-01  -8.7618822e-01
  -2.4380199e+00   1.9870936e+00   5.1770181e-01  -8.9934000e-02   7.4658894e-01   6.5917891e-01
  -1.8027796e+00   1.6538781e+00  -2.4652828e-02   7.6633598e-01  -5.3695452e-01   3.5271662e-01
  -1.6965199e+00   1.1639958e+00   1.4898736e+00  -6.3872426e-02   9.8173541e-01  -1.7920907e-01
  -1.3051934e+00   1.4025712e+00   1.7047065e+00  -4.6324915e-01   8.0063178e-01  -3.7998549e-01
  -1.5187184e+00   2.2559905e+00   9.5977140e-02  -1.9133681e-01   2.9461782e-01   9.3626415e-01
  -9.4350954e-01   1.7502153e+00   1.6419696e+00  -8.1932236e-01   4.6972532e-01  -3.2873850e-01
  -1.9372156e+00   1.5932401e+00   1.7275560e-01   7.6611542e-01  -5.3132887e-01   3.6160308e-01
  -1.8684496e+00   1.2066471e+00   1.3666239e+00   7.8646250e-01   1.7897881e-03  -6.1763544e-01
  -2.0766870e+00   1.3284240e+00   2.3673807e-01   3.3841458e-01   7.4989129e-01   5.6845283e-01
  -1.0755524e+00   2.1529689e+00   1.7435859e+00  -8.3347109e-01   4.1862541e-01  -3.6066426e-01
  -2.0348159e+00   1.3877890e+00   1.6069799e-01   4.5404812e-01   3.6554084e-01   8.1253935e-01
  -2.1110939e+00   1.1847454e+00   5.3372513e-01   9.8279593e-01   1.7357095e-01   6.3129060e-02
  -2.0816135e+00   1.0409811e+00   8.9944853e-01   7.1272297e-01   6.8996751e-01   1.2637565e-01
  -2.0360170e+00   1.0443353e+00   1.0314279e+00   6.9392504e-02   9.4372289e-01  -3.2337562e-01
  -1.5602719e+00   1.2250613e+00   1.5879847e+00  -4.7441323e-01   8.6996188e-01  -1.3453034e-01
  -7.2996365e-01   2.0351878e+00   1.4143082e+00  -8.4366553e-01   5.3684818e-01  -4.7440709e-03
  -1.1205062e+00   1.5487658e+00   1.7001957e+00  -6.9616895e-01   7.0701002e-01  -1.2444126e-01
  -6.9584179e-01   2.3800691e+00   9.1366075e-01  -8.8825494e-01   3.9992321e-01   2.2597476e-01
  -6.9774844e-01   2.1412938e+00   1.2598529e+00  -9.5569063e-01   2.0609280e-01   2.1019317e-01
  -8.0610370e-01   2.3645066e+00   6.6075652e-01  -7.9058217e-01  -5.9360398e-03   6.1232720e-01
  -8.9416875e-01   2.4794536e+00   4.8885135e-01  -8.1433080e-01   2.9808831e-01   4.9800473e-01
  -1.0607979e+00   2.4505623e+00   2.9978320e-01  -6.5923340e-01   1.9104866e-01   7.2726318e-01
  -1.2884792e+00   2.3385544e+00   1.6512358e-01  -5.1680251e-01   4.1589715e-01   7.4829455e-01
  -1.9429274e+00   1.9295143e+00   1.4828290e-01  -2.9843932e-01   6.0382987e-01   7.3913698e-01
  -2.0586320e+00   1.8206817e+00   2.3554933e-01  -7.7585841e-02   8.2611069e-01   5.5814118e-01
  -2.2739230e+00   1.5540431e+00   6.0157249e-01  -7.0409861e-02   8.2635894e-01   5.5872475e-01
  -2.2565346e+00   1.4744330e+00   7.7440787e-01  -1.1048715e-01   9.5716820e-01   2.6762217e-01
  -2.2241406e+00   1.3916758e+00   1.1228950e+00  -1.8543262e-02   9.7884487e-01   2.0376180e-01
  -1.8191984e+00   1.4963628e+00   1.7036439e+00  -2.7260520e-01   9.6014205e-01  -6.1754790e-02
  -2.1066411e+00   1.3962553e+00   1.3000671e+00  -3.0224992e-01   9.5321799e-01  -4.5212793e-03
  -1.2992850e+00   1.9013362e+00   1.8042078e+00  -6.8352724e-01   7.2734334e-01  -6.1336563e-02
  -1.6678980e+00   1.5874455e+00   1.7993564e+00  -5.7176364e-01   7.7618805e-01  -2.6574132e-01
  -9.5420275e-01   2.3603476e+00   1.5338198e+00  -8.6913714e-01   4.7318764e-01   1.4385444e-01
  -1.2687023e+00   2.7340194e+00   4.7595598e-01  -6.1717108e-01   4.0715031e-01   6.7329673e-01
  -1.1048831e+00   2.7704477e+00   6.6016763e-01  -8.6317267e-01   1.5838115e-01   4.7942503e-01
  -9.3074069e-01   2.6590687e+00   1.0418069e+00  -8.4939363e-01   2.9511961e-01   4.3753273e-01
  -1.6030860e+00   2.6446464e+00   2.5307919e-01  -5.2996391e-01   2.6119195e-01   8.0679428e-01
  -1.7811484e+00   2.5202274e+00   2.2238884e-01  -3.3610022e-01   5.4688964e-01   7.6677791e-01
  -2.1018349e+00   2.3385587e+00   2.1340709e-01  -3.2358027e-01   5.4231916e-01   7.7536168e-01
  -2.1959403e+00   2.2023784e+00   3.0658796e-01  -8.7663431e-02   7.4646424e-01   6.5962585e-01
  -2.4698985e+00   1.7215007e+00   1.0817864e+00  -1.4311229e-01   9.3117840e-01   3.3529937e-01
  -2.4084926e+00   1.6951176e+00   1.2645687e+00  -1.0520806e-01   9.9352424e-01  -4.2905120e-02
  -1.5979395e+00   2.1196344e+00   1.9610484e+00  -7.5112138e-01   6.2991238e-01  -1.9755269e-01
  -1.7443436e+00   2.0032249e+00   1.9809580e+00  -4.9308510e-01   8.5142012e-01  -1.7874805e-01
  -2.0426798e+00   1.7973027e+00   1.7908803e+00  -4.9603649e-01   8.5938127e-01  -1.2414360e-01
