   3.9798641e+01   1.1193676e+02   1.5817556e+02  -1.9325918e-01  -2.5825620e-01   9.4654880e-01
   3.9786276e+01   1.1218510e+02   1.5793640e+02  -6.7978914e-01   6.4926970e-01   3.4108002e-01
   3.9898586e+01   1.1197858e+02   1.5820190e+02  -1.1707388e-01  -2.0949484e-01   9.7077578e-01
   4.0158671e+01   1.1219034e+02   1.5826621e+02  -1.6842973e-01  -4.7737495e-02   9.8455704e-01
   4.0326966e+01   1.1231907e+02   1.5829178e+02  -2.5746920e-02  -8.1175631e-02   9.9636721e-01
   4.0708119e+01   1.1258765e+02   1.5826047e+02   2.0811195e-01   3.3479746e-02   9.7753185e-01
   4.0808113e+01   1.1266054e+02   1.5823946e+02   1.4593343e-01   4.1242194e-02   9.8843438e-01
   4.0870485e+01   1.1274460e+02   1.5821574e+02   2.8342150e-01   1.4720921e-01   9.4762952e-01
   4.1068013e+01   1.1295095e+02   1.5812589e+02   2.9374303e-01   1.2399031e-01   9.4780875e-01
   4.1145848e+01   1.1295999e+02   1.5809689e+02   4.1189627e-01   2.5101713e-01   8.7597481e-01
   4.1145134e+01   1.1303211e+02   1.5807328e+02   4.2640401e-01   2.9776730e-01   8.5411607e-01
   4.1332993e+01   1.1323317e+02   1.5791974e+02   2.8520315e-01   3.6703564e-01   8.8540612e-01
   4.1411537e+01   1.1338585e+02   1.5781693e+02   4.6218903e-01   3.7386452e-01   8.0411854e-01
   4.1493315e+01   1.1338009e+02   1.5776775e+02   6.7786433e-01   1.8375863e-01   7.1185161e-01
   4.1662208e+01   1.1374123e+02   1.5740068e+02   5.8560180e-01   4.9970392e-01   6.3825271e-01
   4.1713628e+01   1.1374744e+02   1.5734636e+02   6.2247483e-01   5.8499149e-01   5.1991349e-01
   4.1690721e+01   1.1380275e+02   1.5731430e+02   6.2062424e-01   5.6630078e-01   5.4233660e-01
   4.1748774e+01   1.1408174e+02   1.5685300e+02   5.5662309e-01   7.6493179e-01   3.2411432e-01
   4.1752952e+01   1.1414399e+02   1.5671697e+02   5.0936394e-01   7.5976955e-01   4.0410222e-01
   4.1711402e+01   1.1422221e+02   1.5658997e+02   4.8557065e-01   8.2813439e-01   2.8002602e-01
   4.1738637e+01   1.1430938e+02   1.5626563e+02   6.3297216e-01   7.4731607e-01   2.0215076e-01
   4.1661236e+01   1.1405104e+02   1.5698685e+02   2.5667472e-01   8.1927014e-01   5.1275192e-01
   4.1656472e+01   1.1396425e+02   1.5712454e+02   2.6062805e-01   8.0650093e-01   5.3068754e-01
   4.1507796e+01   1.1354998e+02   1.5766099e+02   2.6317020e-01   6.5679844e-01   7.0665214e-01
   4.0491953e+01   1.1247103e+02   1.5828911e+02  -7.9519808e-02   2.3695619e-01   9.6826048e-01
   4.1560258e+01   1.1380694e+02   1.5736395e+02  -8.9939107e-02   7.9497871e-01   5.9993316e-01
   4.1031453e+01   1.1306510e+02   1.5806824e+02  -1.4983705e-01   6.2441292e-01   7.6658813e-01
   4.0920581e+01   1.1295630e+02   1.5813101e+02  -1.5202065e-01   5.8255467e-01   7.9844836e-01
   4.0014431e+01   1.1222639e+02   1.5821565e+02  -4.5198771e-01   3.5604023e-01   8.1788903e-01
   3.9791003e+01   1.1203684e+02   1.5816738e+02  -5.4069288e-01   4.1217408e-01   7.3332376e-01
   4.1252482e+01   1.1342337e+02   1.5775424e+02  -4.3691977e-01   7.6494144e-01   4.7325016e-01
   4.0732765e+01   1.1278860e+02   1.5819549e+02  -4.0886627e-01   6.1431677e-01   6.7486538e-01
   4.0249292e+01   1.1241969e+02   1.5822493e+02  -4.7487684e-01   6.5081136e-01   5.9239898e-01
   4.7103615e+01   1.0737909e+02   1.5278392e+02   7.9794937e-01   6.0207867e-01   2.7894174e-02
   4.3951043e+01   1.1141776e+02   1.5447050e+02   7.4994325e-01   6.4779126e-01  -1.3398361e-01
   4.6871163e+01   1.0756757e+02   1.5241270e+02   7.1720617e-01   6.5925346e-01  -2.2583222e-01
   4.3771826e+01   1.1141246e+02   1.5396915e+02   6.5190422e-01   6.7537630e-01  -3.4480101e-01
   4.6571347e+01   1.0758751e+02   1.5188491e+02   5.8277063e-01   6.6819373e-01  -4.6248841e-01
   4.3420717e+01   1.1137658e+02   1.5347490e+02   4.9446008e-01   6.5928937e-01  -5.6643337e-01
   4.6175483e+01   1.0749649e+02   1.5143341e+02   4.0526173e-01   6.2737832e-01  -6.6495066e-01
   4.2987478e+01   1.1123211e+02   1.5307455e+02   3.0019447e-01   5.9450612e-01  -7.4595291e-01
   4.5712937e+01   1.0730125e+02   1.5109166e+02   1.9785762e-01   5.3983593e-01  -8.1818674e-01
   4.2504243e+01   1.1098974e+02   1.5279778e+02   8.3518065e-02   4.8583632e-01  -8.7005046e-01
   4.5218016e+01   1.0701628e+02   1.5088503e+02  -2.4081078e-02   4.1204596e-01  -9.1084479e-01
   4.2006847e+01   1.1066748e+02   1.5266514e+02  -1.3952965e-01   3.4131878e-01  -9.2953373e-01
   3.9140937e+01   1.1312087e+02   1.5410533e+02  -3.9879599e-01   1.2247044e-01  -9.0882493e-01
   4.1380532e+01   1.1052437e+02   1.5277828e+02  -3.7321450e-01   1.4445135e-01  -9.1643043e-01
   4.4470515e+01   1.0627022e+02   1.5083259e+02  -4.5091465e-01   8.2512850e-02  -8.8874496e-01
   4.1576943e+01   1.1061051e+02   1.5272160e+02  -2.6816551e-01   2.3600239e-01  -9.3401827e-01
   4.4727416e+01   1.0666272e+02   1.5082885e+02  -2.4405574e-01   2.5351321e-01  -9.3603838e-01
   4.3978658e+01   1.0448366e+02   1.5377446e+02  -6.5733375e-01  -6.6834882e-01   3.4816979e-01
   3.9307862e+01   1.1084817e+02   1.5715738e+02  -5.0166256e-01  -6.5953878e-01   5.5977074e-01
   4.4166105e+01   1.0463126e+02   1.5418123e+02  -4.9518229e-01  -6.5836903e-01   5.6687275e-01
   3.9697769e+01   1.1072103e+02   1.5727957e+02  -4.0453731e-01  -6.2830058e-01   6.6452084e-01
   4.5039379e+01   1.0483813e+02   1.5475355e+02  -8.5228387e-02  -4.8359411e-01   8.7113309e-01
   3.9984519e+01   1.1095130e+02   1.5761439e+02  -2.4228692e-01  -5.6475099e-01   7.8889376e-01
   4.4599273e+01   1.0477571e+02   1.5458152e+02  -3.0090961e-01  -5.9358273e-01   7.4639999e-01
   3.9756601e+01   1.1172499e+02   1.5806430e+02  -1.1352777e-01  -4.9738052e-01   8.6007213e-01
   4.0199283e+01   1.1119751e+02   1.5781623e+02  -1.0700015e-01  -4.9684754e-01   8.6121628e-01
   4.5290121e+01   1.0498267e+02   1.5485853e+02  -8.4594422e-02  -4.8449502e-01   8.7069418e-01
   4.0168292e+01   1.1186657e+02   1.5815692e+02   3.5131232e-02  -4.0779633e-01   9.1239682e-01
   4.5540171e+01   1.0514471e+02   1.5492514e+02   1.3864721e-01  -3.4014674e-01   9.3009523e-01
   4.0487932e+01   1.1212117e+02   1.5821627e+02   1.8737234e-01  -3.0368203e-01   9.3416745e-01
   4.5789032e+01   1.0532422e+02   1.5495327e+02   1.3708813e-01  -3.3820901e-01   9.3103250e-01
   4.0715359e+01   1.1238704e+02   1.5823120e+02   3.3087043e-01  -1.8643695e-01   9.2507623e-01
   4.6025680e+01   1.0551303e+02   1.5494220e+02   3.5101368e-01  -1.6992805e-01   9.2082238e-01
   4.0851779e+01   1.1255058e+02   1.5821530e+02   3.3135038e-01  -1.8706640e-01   9.2477732e-01
   4.1118277e+01   1.1263803e+02   1.5809671e+02   4.6581433e-01  -6.6413535e-02   8.8238668e-01
   4.6255379e+01   1.0571551e+02   1.5489093e+02   3.4726628e-01  -1.6509928e-01   9.2311882e-01
   4.1174320e+01   1.1293206e+02   1.5808452e+02   5.8260399e-01   5.8525497e-02   8.1064626e-01
   4.6460664e+01   1.0591587e+02   1.5480520e+02   5.3817958e-01   1.1834316e-02   8.4274711e-01
   4.1384250e+01   1.1295287e+02   1.5793263e+02   5.8137965e-01   6.0340664e-02   8.1139183e-01
   4.6650661e+01   1.0612283e+02   1.5468047e+02   5.3654812e-01   1.3877143e-02   8.4375562e-01
   4.1513145e+01   1.1320265e+02   1.5779473e+02   6.7767112e-01   1.8400810e-01   7.1197111e-01
   4.6813675e+01   1.0632407e+02   1.5452410e+02   6.8487221e-01   1.9345685e-01   7.0251300e-01
   4.1579992e+01   1.1337805e+02   1.5768572e+02   6.7796781e-01   1.8367321e-01   7.1177511e-01
   4.1752057e+01   1.1347105e+02   1.5744471e+02   7.5344078e-01   2.9767350e-01   5.8627423e-01
   4.6953191e+01   1.0652421e+02   1.5433145e+02   6.8074950e-01   1.9872406e-01   7.0504529e-01
   4.1727160e+01   1.1373389e+02   1.5733999e+02   8.0118573e-01   4.0371885e-01   4.4171543e-01
   4.7058755e+01   1.0670738e+02   1.5412002e+02   7.8159312e-01   3.5961229e-01   5.0969716e-01
   4.1857588e+01   1.1372359e+02   1.5711377e+02   7.9970430e-01   4.0582099e-01   4.4247300e-01
   4.7135181e+01   1.0688216e+02   1.5387849e+02   7.7962489e-01   3.6218230e-01   5.1089040e-01
   4.1849361e+01   1.1394411e+02   1.5688214e+02   8.1935209e-01   4.9866401e-01   2.8283628e-01
   4.7177397e+01   1.0703727e+02   1.5362267e+02   8.1953332e-01   5.0022358e-01   2.7953803e-01
   4.1862982e+01   1.1403011e+02   1.5669111e+02   8.1940905e-01   4.9843905e-01   2.8306768e-01
   4.7186472e+01   1.0717439e+02   1.5335075e+02   8.1957979e-01   5.0015242e-01   2.7952909e-01
   4.1901932e+01   1.1407113e+02   1.5637323e+02   8.1028190e-01   5.7482964e-01   1.1407948e-01
   4.7161203e+01   1.0728948e+02   1.5306909e+02   7.9777234e-01   6.0230812e-01   2.8003730e-02
   4.3916629e+01   1.1150677e+02   1.5482655e+02   7.9972056e-01   5.9918806e-01   3.7692101e-02
   4.1770839e+01   1.1428061e+02   1.5615043e+02   7.8866009e-01   6.1479282e-01  -6.7120606e-03
   3.8933519e+01   1.1291867e+02   1.5419179e+02  -4.9239387e-01   3.1229040e-02  -8.6981206e-01
   4.4251322e+01   1.0605928e+02   1.5092332e+02  -4.4787986e-01   7.8664447e-02  -8.9062649e-01
   3.8758887e+01   1.1269336e+02   1.5430583e+02  -5.7811969e-01  -5.9072467e-02  -8.1381083e-01
   4.4063664e+01   1.0585488e+02   1.5104643e+02  -6.1514196e-01  -1.0634274e-01  -7.8121162e-01
   3.8593481e+01   1.1248952e+02   1.5446382e+02  -6.5055439e-01  -1.5150173e-01  -7.4419501e-01
   4.3898461e+01   1.0565108e+02   1.5120467e+02  -6.1640012e-01  -1.0471886e-01  -7.8043889e-01
   3.8454894e+01   1.1229186e+02   1.5465239e+02  -7.1333752e-01  -2.3786982e-01  -6.5921737e-01
   4.3753989e+01   1.0545275e+02   1.5138606e+02  -7.1334092e-01  -2.3787561e-01  -6.5921159e-01
   3.8346327e+01   1.1210415e+02   1.5486882e+02  -7.6160678e-01  -3.2147420e-01  -5.6268059e-01
   4.3645915e+01   1.0526523e+02   1.5160290e+02  -7.6160410e-01  -3.2146838e-01  -5.6268755e-01
   3.8269593e+01   1.1192986e+02   1.5510882e+02  -7.9567335e-01  -3.9906547e-01  -4.5568703e-01
   4.3578230e+01   1.0509542e+02   1.5184724e+02  -8.0591678e-01  -4.3677731e-01  -3.9965451e-01
   3.8226384e+01   1.1177237e+02   1.5536805e+02  -8.1365743e-01  -4.7082177e-01  -3.4101091e-01
   4.3535299e+01   1.0493807e+02   1.5210659e+02  -8.0717356e-01  -4.3514635e-01  -3.9889661e-01
   3.8216714e+01   1.1163419e+02   1.5564126e+02  -8.1898113e-01  -5.3063329e-01  -2.1839922e-01
   4.3526536e+01   1.0480164e+02   1.5237763e+02  -8.1402707e-01  -5.5931750e-01  -1.5660100e-01
   3.8241835e+01   1.1151851e+02   1.5592385e+02  -8.0653310e-01  -5.8378266e-01  -9.3285378e-02
   4.3551923e+01   1.0468616e+02   1.5266026e+02  -8.1528530e-01  -5.5770369e-01  -1.5580909e-01
   3.8300189e+01   1.1142679e+02   1.5621024e+02  -7.8155583e-01  -6.2284823e-01   3.5079487e-02
   4.3610555e+01   1.0459586e+02   1.5294411e+02  -7.6167794e-01  -6.4050060e-01   9.8008680e-02
   3.8391766e+01   1.1136149e+02   1.5649522e+02  -7.3949236e-01  -6.5355671e-01   1.6129065e-01
   4.3702390e+01   1.0453078e+02   1.5322905e+02  -7.6292568e-01  -6.3888863e-01   9.8821746e-02
   3.8513832e+01   1.1132303e+02   1.5677354e+02  -6.8616117e-01  -6.6887762e-01   2.8598179e-01
   4.3824064e+01   1.0449333e+02   1.5350463e+02  -6.5274278e-01  -6.7430643e-01   3.4530812e-01
   3.8661321e+01   1.1131518e+02   1.5703830e+02  -6.1832411e-01  -6.7499446e-01   4.0256401e-01
   3.9203834e+01   1.1083385e+02   1.5702424e+02  -5.5352970e-01  -6.7209077e-01   4.9183216e-01
   3.8813731e+01   1.1136371e+02   1.5730516e+02  -5.4666935e-01  -6.6639924e-01   5.0701546e-01
   3.9290700e+01   1.1333602e+02   1.5409321e+02  -2.2842100e-01   2.7695119e-01  -9.3333911e-01
   3.9249180e+01   1.1351677e+02   1.5425044e+02  -6.5330869e-01   7.3817101e-01  -1.6820023e-01
   3.8725541e+01   1.1157469e+02   1.5735299e+02  -7.8114741e-01  -1.5997454e-01   6.0350383e-01
   3.8654181e+01   1.1146778e+02   1.5722886e+02  -7.7904405e-01  -2.0840510e-01   5.9131860e-01
   3.8499705e+01   1.1147462e+02   1.5700953e+02  -7.7851295e-01  -3.7925132e-01   5.0008602e-01
   3.8432273e+01   1.1148735e+02   1.5689677e+02  -8.2454852e-01  -4.2151539e-01   3.7741822e-01
   3.8338742e+01   1.1153417e+02   1.5670323e+02  -9.1385887e-01  -2.5620037e-01   3.1499736e-01
   3.8249917e+01   1.1154338e+02   1.5644685e+02  -9.1172997e-01  -2.8685639e-01   2.9404400e-01
   3.8198484e+01   1.1159317e+02   1.5630004e+02  -9.2416169e-01  -3.5271997e-01   1.4667582e-01
   3.8159294e+01   1.1165774e+02   1.5612935e+02  -9.7353774e-01  -2.1369351e-01   8.0989817e-02
   3.8127776e+01   1.1170850e+02   1.5585854e+02  -9.6353444e-01  -2.6353151e-01   4.6395272e-02
   3.8110036e+01   1.1178916e+02   1.5570258e+02  -9.0688758e-01  -3.9263622e-01  -1.5294354e-01
   3.8112845e+01   1.1186348e+02   1.5557133e+02  -9.6226010e-01  -1.8118889e-01  -2.0304210e-01
   3.8143823e+01   1.1198130e+02   1.5531419e+02  -9.7013184e-01  -1.5880213e-01  -1.8337418e-01
   3.8165226e+01   1.1208518e+02   1.5517315e+02  -8.8393830e-01  -2.6311538e-01  -3.8655320e-01
   3.8201052e+01   1.1217697e+02   1.5505890e+02  -9.1072174e-01  -4.1805173e-02  -4.1089930e-01
   3.8293856e+01   1.1232664e+02   1.5483541e+02  -9.2071294e-01  -2.1710344e-02  -3.8963616e-01
   3.8352197e+01   1.1244685e+02   1.5472012e+02  -8.0287269e-01  -1.0443908e-01  -5.8693093e-01
   3.8417228e+01   1.1254893e+02   1.5463090e+02  -8.0759798e-01   1.0079964e-01  -5.8105502e-01
   3.8562733e+01   1.1271809e+02   1.5445928e+02  -7.9851092e-01   8.9086045e-02  -5.9535198e-01
   3.8632771e+01   1.1281791e+02   1.5439566e+02  -6.6494022e-01   6.3960640e-02  -7.4415291e-01
   3.8747168e+01   1.1294259e+02   1.5431303e+02  -6.7868704e-01   2.1441006e-01  -7.0243308e-01
   3.9154235e+01   1.1334177e+02   1.5414449e+02  -5.1368447e-01   3.8095362e-01  -7.6876694e-01
   3.8107235e+01   1.1189245e+02   1.5576382e+02  -9.5628530e-01   2.2074884e-01   1.9180298e-01
   3.8108110e+01   1.1199260e+02   1.5556461e+02  -9.9494878e-01   8.0577449e-02  -5.9868184e-02
   3.8178877e+01   1.1220338e+02   1.5524843e+02  -8.9405627e-01   4.4715587e-01   2.6739679e-02
   3.8331612e+01   1.1251580e+02   1.5481187e+02  -9.2410111e-01   3.7255674e-01  -8.5080023e-02
   3.8399221e+01   1.1262350e+02   1.5471210e+02  -8.6830202e-01   3.9484117e-01  -3.0025333e-01
   3.8616502e+01   1.1289750e+02   1.5450398e+02  -8.0991999e-01   5.6066330e-01  -1.7229706e-01
   3.8827836e+01   1.1311296e+02   1.5433037e+02  -7.5444358e-01   4.9855909e-01  -4.2691185e-01
   3.8950818e+01   1.1322683e+02   1.5426847e+02  -6.8610359e-01   5.9866157e-01  -4.1335963e-01
   3.8446500e+01   1.1162443e+02   1.5692718e+02  -7.0904323e-01   5.9291161e-01   3.8172442e-01
   3.8272525e+01   1.1178919e+02   1.5633375e+02  -6.8858999e-01   6.2321922e-01   3.7073121e-01
   3.8670118e+01   1.1241568e+02   1.5573531e+02  -5.7345237e-01   7.3907601e-01   3.5343886e-01
   4.0180566e+01   1.1388456e+02   1.5511326e+02  -5.7320093e-01   7.3924302e-01   3.5349745e-01
   3.8684130e+01   1.1227798e+02   1.5604596e+02  -5.7347194e-01   7.3901360e-01   3.5353760e-01
   3.9184803e+01   1.1337470e+02   1.5456427e+02  -5.7390431e-01   7.3878885e-01   3.5330564e-01
   3.9512305e+01   1.1347019e+02   1.5489617e+02  -5.7323538e-01   7.3920342e-01   3.5352440e-01
   3.9798486e+01   1.1365968e+02   1.5496399e+02  -5.7322114e-01   7.3921708e-01   3.5351892e-01
   4.0493354e+01   1.1395651e+02   1.5546999e+02  -5.7320956e-01   7.3922167e-01   3.5352810e-01
   4.0791458e+01   1.1403664e+02   1.5578577e+02  -5.7321586e-01   7.3920211e-01   3.5355879e-01
   4.1292529e+01   1.1423606e+02   1.5617994e+02  -5.7299385e-01   7.3846708e-01   3.5544961e-01
   4.0980604e+01   1.1395708e+02   1.5625797e+02  -5.7165214e-01   7.4052223e-01   3.5332797e-01
   4.1468940e+01   1.1408062e+02   1.5679023e+02  -5.7127098e-01   7.4175619e-01   3.5135056e-01
   4.1039366e+01   1.1379820e+02   1.5668618e+02  -5.7312491e-01   7.3926394e-01   3.5357695e-01
   4.0991616e+01   1.1362668e+02   1.5696737e+02  -5.7313150e-01   7.3923635e-01   3.5362395e-01
   3.8630585e+01   1.1204081e+02   1.5645501e+02  -5.7338428e-01   7.3913588e-01   3.5342413e-01
   3.8943149e+01   1.1213932e+02   1.5675574e+02  -5.7265397e-01   7.3954900e-01   3.5374384e-01
   3.8834941e+01   1.1276923e+02   1.5526311e+02  -5.7375867e-01   7.3902724e-01   3.5304353e-01
   3.8472620e+01   1.1246294e+02   1.5531563e+02  -5.7358893e-01   7.3920573e-01   3.5294563e-01
   3.9132527e+01   1.1312992e+02   1.5499152e+02  -5.7355585e-01   7.3921248e-01   3.5298527e-01
   3.8747756e+01   1.1292569e+02   1.5479386e+02  -5.7373901e-01   7.3906807e-01   3.5299000e-01
   4.0673248e+01   1.1315134e+02   1.5744506e+02  -5.7320474e-01   7.3920531e-01   3.5357011e-01
   4.1023884e+01   1.1344777e+02   1.5739372e+02  -5.7314393e-01   7.3924805e-01   3.5357934e-01
   4.0460173e+01   1.1292914e+02   1.5756418e+02  -5.7321726e-01   7.3919283e-01   3.5357593e-01
   3.9997491e+01   1.1257771e+02   1.5754752e+02  -5.7544385e-01   7.3802615e-01   3.5239435e-01
   4.0308705e+01   1.1265899e+02   1.5788332e+02  -5.7325094e-01   7.3913590e-01   3.5364032e-01
   5.0846330e+01   1.0100764e+02   1.4957307e+02   7.9344949e-01   1.5397347e-01  -5.8883791e-01
   4.9851773e+01   1.0049888e+02   1.4884475e+02   4.5632307e-01  -5.9538523e-01  -6.6127580e-01
   4.8997425e+01   9.9693605e+01   1.4915882e+02   3.5255525e-02  -6.1980623e-01  -7.8396256e-01
   4.8996031e+01   9.9144555e+01   1.5040601e+02   1.8312883e-01  -9.7207374e-01  -1.4675311e-01
   4.9123888e+01   9.9165705e+01   1.5045743e+02   2.2687242e-01  -9.6274293e-01  -1.4715626e-01
   5.0056135e+01   9.9534546e+01   1.5123545e+02   5.3379309e-01  -7.9434275e-01   2.8997334e-01
   5.0926468e+01   1.0041056e+02   1.5074176e+02   7.6115747e-01  -6.0957259e-01  -2.2149620e-01
   5.0875599e+01   1.0090842e+02   1.4966431e+02   8.5856899e-01  -3.0009684e-01  -4.1569361e-01
   5.0950028e+01   1.0041180e+02   1.5090706e+02   8.5003080e-01  -4.1113204e-01   3.2926902e-01
   5.0945341e+01   1.0050113e+02   1.5091050e+02   7.4638101e-01   2.8465941e-01   6.0156829e-01
   5.0414478e+01   1.0119635e+02   1.5124325e+02   7.3500238e-01   2.5796239e-01   6.2707806e-01
   5.0842655e+01   1.0107146e+02   1.4963840e+02   6.7790355e-01   6.6985703e-01  -3.0288338e-01
   5.0334952e+01   1.0172906e+02   1.4995016e+02   6.9675143e-01   6.6377407e-01  -2.7192174e-01
   4.9808514e+01   1.0068592e+02   1.4878203e+02  -6.7160545e-02   3.8756471e-01  -9.1939277e-01
   4.9299814e+01   1.0132885e+02   1.4908992e+02  -6.2769314e-02   3.8988908e-01  -9.1872004e-01
   4.8877350e+01   9.9705198e+01   1.4923861e+02  -7.8491356e-01  -4.3311550e-01  -4.4308201e-01
   4.8313432e+01   1.0043897e+02   1.4953837e+02  -7.4842866e-01  -3.1274315e-01  -5.8484721e-01
   4.8964614e+01   9.9177507e+01   1.5047926e+02  -6.7854762e-01  -6.7103162e-01   2.9881380e-01
   4.8447352e+01   9.9846432e+01   1.5080563e+02  -6.7597459e-01  -6.7090957e-01   3.0485850e-01
   4.9487309e+01   1.0022998e+02   1.5165652e+02   5.7264780e-02  -3.8358355e-01   9.2172903e-01
   5.0366002e+01   1.0126986e+02   1.5128453e+02   8.5126236e-01   1.4815905e-01   5.0338980e-01
   5.0288474e+01   1.0128019e+02   1.5140259e+02   8.2161271e-01   1.0508189e-01   5.6027703e-01
   5.0054264e+01   1.0151334e+02   1.5166288e+02   7.5093518e-01   5.6083977e-02   6.5799008e-01
   5.0109396e+01   1.0119372e+02   1.5161593e+02   7.3622025e-01  -9.5353240e-03   6.7667483e-01
   4.9995939e+01   1.0106039e+02   1.5171257e+02   6.3632630e-01  -1.3330289e-01   7.5981522e-01
   4.9870616e+01   1.0092067e+02   1.5177372e+02   4.9285010e-01  -1.9045322e-01   8.4901493e-01
   4.9688799e+01   1.0111257e+02   1.5194029e+02   5.7485876e-01  -1.8842739e-01   7.9626159e-01
   4.9660254e+01   1.0073838e+02   1.5184272e+02   4.0476986e-01  -3.5093035e-01   8.4439875e-01
   4.9535052e+01   1.0057498e+02   1.5182283e+02   2.4128562e-01  -3.9814569e-01   8.8502048e-01
   4.9334721e+01   1.0080867e+02   1.5200081e+02   3.3489874e-01  -3.9034230e-01   8.5759881e-01
   4.9352914e+01   1.0042343e+02   1.5179743e+02   1.7363465e-01  -5.2191110e-01   8.3514060e-01
   4.9439496e+01   1.0034449e+02   1.5172801e+02   1.9387438e-01  -5.4368672e-01   8.1658892e-01
   4.9168499e+01   1.0035392e+02   1.5177086e+02   2.2850601e-02  -5.7122611e-01   8.2047461e-01
   4.8918221e+01   1.0054054e+02   1.5191777e+02   7.4419607e-02  -5.7367328e-01   8.1569645e-01
   4.8896357e+01   1.0023598e+02   1.5167587e+02  -1.1395572e-01  -6.8637345e-01   7.1826568e-01
   4.8589300e+01   1.0038407e+02   1.5174933e+02  -1.9570353e-01  -6.9203649e-01   6.9482777e-01
   4.8641915e+01   1.0013820e+02   1.5150510e+02  -2.3788999e-01  -7.3731770e-01   6.3227443e-01
   4.8471863e+01   1.0009783e+02   1.5134167e+02  -4.3566138e-01  -7.6965142e-01   4.6672889e-01
   4.8193602e+01   1.0024938e+02   1.5134162e+02  -4.1054511e-01  -7.7741669e-01   4.7652493e-01
   4.8284259e+01   1.0002774e+02   1.5100126e+02  -5.4147707e-01  -8.0110517e-01   2.5501587e-01
   4.8202883e+01   1.0003337e+02   1.5079172e+02  -6.3976231e-01  -7.5321339e-01   1.5288483e-01
   4.7949672e+01   1.0025374e+02   1.5089159e+02  -5.8773533e-01  -7.8795723e-01   1.8354997e-01
   4.8381421e+01   9.9933342e+01   1.5090124e+02  -5.0225669e-01  -8.3010019e-01   2.4222283e-01
   4.8068449e+01   1.0011788e+02   1.5056154e+02  -6.5305092e-01  -7.5641983e-01  -3.6790574e-02
   4.8024276e+01   1.0018870e+02   1.5036562e+02  -7.3165639e-01  -6.6111641e-01  -1.6614459e-01
   4.7809970e+01   1.0039220e+02   1.5041180e+02  -6.7361105e-01  -7.2851447e-01  -1.2455850e-01
   4.7993446e+01   1.0033663e+02   1.5005990e+02  -7.0685642e-01  -5.7065424e-01  -4.1798055e-01
   4.7818023e+01   1.0058461e+02   1.5001181e+02  -7.0132396e-01  -5.8328481e-01  -4.0978473e-01
   4.8104703e+01   1.0046952e+02   1.4974003e+02  -6.3512236e-01  -4.7169417e-01  -6.1165693e-01
   4.8255640e+01   1.0048647e+02   1.4957464e+02  -6.2800200e-01  -4.2166826e-01  -6.5407138e-01
   4.7838855e+01   1.0080727e+02   1.4975704e+02  -6.2910412e-01  -4.7720542e-01  -6.1359839e-01
   4.8226544e+01   1.0065589e+02   1.4949904e+02  -5.8722126e-01  -3.8822285e-01  -7.1024939e-01
   4.7932451e+01   1.0096705e+02   1.4957709e+02  -5.8447490e-01  -3.5949222e-01  -7.2743002e-01
   4.8287779e+01   1.0084618e+02   1.4937570e+02  -5.0109908e-01  -2.4237497e-01  -8.3075513e-01
   4.9224731e+01   1.0137527e+02   1.4910727e+02   7.0988557e-02   2.3206751e-01  -9.7010582e-01
   4.8412242e+01   1.0097037e+02   1.4927938e+02  -4.6089905e-01  -8.6466124e-02  -8.8323025e-01
   4.8250451e+01   1.0120023e+02   1.4931987e+02  -4.6446222e-01  -2.1897020e-01  -8.5809492e-01
   4.8534185e+01   1.0152202e+02   1.4920756e+02  -2.3578206e-01   3.1959512e-02  -9.7128029e-01
   4.8788135e+01   1.0173688e+02   1.4920165e+02  -3.1343421e-02   2.1444890e-01  -9.7623218e-01
   4.9016204e+01   1.0145868e+02   1.4912758e+02  -9.6319554e-02   2.2042159e-01  -9.7063735e-01
   4.9176633e+01   1.0156915e+02   1.4915149e+02   5.4082477e-02   2.4667702e-01  -9.6758748e-01
   4.9260690e+01   1.0145465e+02   1.4912847e+02   7.0936784e-02   2.2413854e-01  -9.7197216e-01
   5.0259286e+01   1.0188068e+02   1.5002530e+02   7.3428271e-01   5.2371169e-01  -4.3192009e-01
   5.0208518e+01   1.0188879e+02   1.4993749e+02   7.8999849e-01   5.0284096e-01  -3.5078961e-01
   4.9971211e+01   1.0225722e+02   1.5000064e+02   7.0202939e-01   5.4882930e-01  -4.5380738e-01
   5.0051166e+01   1.0198305e+02   1.4979856e+02   6.9222659e-01   5.3718981e-01  -4.8192266e-01
   4.9721842e+01   1.0223134e+02   1.4969145e+02   5.2279275e-01   4.8339868e-01  -7.0214917e-01
   4.9753929e+01   1.0198146e+02   1.4953267e+02   5.3232498e-01   5.2559184e-01  -6.6361384e-01
   4.9387116e+01   1.0208723e+02   1.4940576e+02   2.8404934e-01   3.6532004e-01  -8.8648590e-01
   4.9456484e+01   1.0182661e+02   1.4930599e+02   2.9720792e-01   4.6425869e-01  -8.3434485e-01
   4.9316368e+01   1.0169651e+02   1.4920770e+02   1.8762832e-01   3.1958152e-01  -9.2879668e-01
   5.0357281e+01   1.0142036e+02   1.5125364e+02   8.5398539e-01   1.5428717e-01   4.9689479e-01
   5.0215707e+01   1.0179929e+02   1.5133713e+02   8.6896034e-01   2.5487653e-01   4.2420029e-01
   5.0374288e+01   1.0164863e+02   1.5108629e+02   8.9428869e-01   2.6329178e-01   3.6183585e-01
   5.0262933e+01   1.0201617e+02   1.5098780e+02   9.1265594e-01   3.8467019e-01   1.3815928e-01
   5.0395745e+01   1.0177853e+02   1.5083112e+02   8.8457771e-01   4.0545157e-01   2.3050229e-01
   5.0382022e+01   1.0186721e+02   1.5065490e+02   9.0864942e-01   4.1399993e-01   5.4408515e-02
   5.0197730e+01   1.0221819e+02   1.5060697e+02   8.5584210e-01   4.9064137e-01  -1.6372341e-01
   5.0330607e+01   1.0193934e+02   1.5042026e+02   8.6172133e-01   4.9918421e-01  -9.0837678e-02
   5.0115206e+01   1.0228587e+02   1.5036312e+02   8.4052589e-01   5.1788593e-01  -1.5909241e-01
   5.0279037e+01   1.0194953e+02   1.5018835e+02   8.2725983e-01   5.0445647e-01  -2.4731527e-01
   4.9139030e+01   9.9329096e+01   1.5000786e+02   5.7013812e-01  -7.4143583e-01  -3.5385793e-01
   5.0608307e+01   1.0073431e+02   1.4945498e+02   5.8040756e-01  -7.3056626e-01  -3.5972214e-01
   5.0631899e+01   1.0006610e+02   1.5088727e+02   5.7503216e-01  -7.3916944e-01  -3.5066586e-01
   5.0474266e+01   9.9875644e+01   1.5103106e+02   5.7515461e-01  -7.4030460e-01  -3.4806073e-01
   5.0307125e+01   9.9751964e+01   1.5101816e+02   5.7451577e-01  -7.4070016e-01  -3.4827419e-01
   5.0721843e+01   1.0019107e+02   1.5077170e+02   5.7627039e-01  -7.3803242e-01  -3.5102791e-01
   5.0767344e+01   1.0075303e+02   1.4967267e+02   5.7779678e-01  -7.3211381e-01  -3.6077728e-01
   5.0852534e+01   1.0067364e+02   1.4997343e+02   5.7210548e-01  -7.4015233e-01  -3.5336927e-01
   5.0873568e+01   1.0061077e+02   1.5013902e+02   5.7182811e-01  -7.4005505e-01  -3.5402137e-01
   5.0845518e+01   1.0042615e+02   1.5048026e+02   5.7501308e-01  -7.3878060e-01  -3.5151555e-01
   4.9474428e+01   1.0004217e+02   1.4905904e+02   5.7438974e-01  -7.3960404e-01  -3.5080234e-01
   5.0085235e+01   9.9566279e+01   1.5104951e+02   5.7179975e-01  -7.4556665e-01  -3.4230896e-01
   4.9868837e+01   9.9447134e+01   1.5094718e+02   5.7242993e-01  -7.4546532e-01  -3.4147539e-01
   4.9649260e+01   9.9321303e+01   1.5085198e+02   5.7690231e-01  -7.4128592e-01  -3.4304358e-01
   4.9509184e+01   9.9295856e+01   1.5067519e+02   5.7356849e-01  -7.3784074e-01  -3.5582330e-01
   4.9354721e+01   9.9254760e+01   1.5051164e+02   5.7287324e-01  -7.3828224e-01  -3.5602751e-01
   4.9203198e+01   9.9295823e+01   1.5018136e+02   5.7026564e-01  -7.4211984e-01  -3.5221476e-01
   4.9752212e+01   1.0028723e+02   1.4899828e+02   5.7407960e-01  -7.3710497e-01  -3.5652332e-01
   5.0067290e+01   1.0050686e+02   1.4905080e+02   5.7279858e-01  -7.3662392e-01  -3.5956501e-01
   5.0220916e+01   1.0059637e+02   1.4911291e+02   5.7477769e-01  -7.3588221e-01  -3.5792175e-01
   5.0467668e+01   1.0072131e+02   1.4925470e+02   5.8022138e-01  -7.3034804e-01  -3.6046482e-01
   4.9068517e+01   9.9423800e+01   1.4970283e+02   5.5321291e-01  -7.4768669e-01  -3.6731471e-01
   4.9130760e+01   9.9595866e+01   1.4944506e+02   5.5041934e-01  -7.5028367e-01  -3.6621436e-01
   4.9168351e+01   9.9721535e+01   1.4924297e+02   5.5027103e-01  -7.5184553e-01  -3.6322182e-01
   4.9369295e+01   9.9929774e+01   1.4912356e+02   5.7510999e-01  -7.3875885e-01  -3.5140270e-01
   4.8039883e+01   1.0075339e+02   1.5185096e+02  -4.1943689e-01  -6.1460048e-01   6.6808603e-01
   4.8067868e+01   1.0049630e+02   1.5158674e+02  -5.0795494e-01  -6.8431965e-01   5.2315237e-01
   4.7787088e+01   1.0069519e+02   1.5156278e+02  -5.4435280e-01  -6.7160219e-01   5.0262364e-01
   4.9216956e+01   1.0109095e+02   1.5214729e+02   2.5800494e-01  -2.8694165e-01   9.2254970e-01
   4.8892545e+01   1.0119611e+02   1.5225442e+02   1.5008751e-01  -3.1418276e-01   9.3742356e-01
   4.8854004e+01   1.0083683e+02   1.5210006e+02  -1.5520480e-02  -4.6391660e-01   8.8574291e-01
   4.8557476e+01   1.0101347e+02   1.5218694e+02  -1.8443465e-02  -4.6389589e-01   8.8569771e-01
   4.8479472e+01   1.0063937e+02   1.5193327e+02  -2.8613303e-01  -5.7006644e-01   7.7016372e-01
   4.8225701e+01   1.0086546e+02   1.5202278e+02  -1.8790760e-01  -5.9360184e-01   7.8251363e-01
   5.0044812e+01   1.0205827e+02   1.5147990e+02   8.0731355e-01   3.5446335e-01   4.7180564e-01
   4.9802758e+01   1.0215608e+02   1.5176807e+02   7.2824947e-01   2.9281182e-01   6.1960790e-01
   4.9886520e+01   1.0177662e+02   1.5179994e+02   6.8646100e-01   1.4606223e-01   7.1234621e-01
   4.9620896e+01   1.0190843e+02   1.5201730e+02   6.4379197e-01   1.3329998e-01   7.5350051e-01
   4.9451690e+01   1.0174241e+02   1.5214796e+02   5.0434495e-01  -3.2347276e-02   8.6289619e-01
   4.9547883e+01   1.0138000e+02   1.5207062e+02   4.9321248e-01  -6.8304037e-02   8.6722316e-01
   4.9188772e+01   1.0145548e+02   1.5224878e+02   3.2735151e-01  -1.7201243e-01   9.2911394e-01
   5.0078475e+01   1.0240254e+02   1.5063571e+02   7.8532896e-01   6.0987147e-01  -1.0637303e-01
   4.9892292e+01   1.0265465e+02   1.5087396e+02   7.8957063e-01   6.1284135e-01   3.1681221e-02
   5.0106107e+01   1.0232161e+02   1.5097587e+02   8.3092488e-01   5.1841820e-01   2.0200600e-01
   4.9921272e+01   1.0251806e+02   1.5122145e+02   8.2657500e-01   5.1931551e-01   2.1699117e-01
   4.9887038e+01   1.0241091e+02   1.5146410e+02   8.0248212e-01   4.1476842e-01   4.2894009e-01
   4.9129803e+01   1.0230706e+02   1.4944840e+02   1.8610514e-01   5.0079618e-01  -8.4532128e-01
   4.9120951e+01   1.0265293e+02   1.4968346e+02   3.0076778e-01   6.0566922e-01  -7.3668415e-01
   4.9476751e+01   1.0246133e+02   1.4970624e+02   4.3354676e-01   6.1214023e-01  -6.6130292e-01
   4.9419387e+01   1.0273960e+02   1.4994571e+02   4.7222965e-01   6.6009461e-01  -5.8418684e-01
   4.9569018e+01   1.0276846e+02   1.5014593e+02   6.2567096e-01   6.6093063e-01  -4.1437489e-01
   4.9822374e+01   1.0252878e+02   1.5014991e+02   6.3252133e-01   6.5729240e-01  -4.0973585e-01
   4.9991174e+01   1.0245543e+02   1.5037335e+02   7.4622981e-01   6.5863671e-01  -9.6637227e-02
   4.9779170e+01   1.0274879e+02   1.5056492e+02   7.4217255e-01   6.3514199e-01  -2.1394988e-01
   4.8271506e+01   1.0211136e+02   1.4938454e+02  -2.6066795e-01   2.6980289e-01  -9.2696204e-01
   4.8619768e+01   1.0202221e+02   1.4929291e+02  -9.4221666e-02   3.2634462e-01  -9.4054318e-01
   4.8594429e+01   1.0235208e+02   1.4942001e+02  -6.4479471e-02   3.8532969e-01  -9.2052345e-01
   4.8796259e+01   1.0250666e+02   1.4950269e+02   1.2557459e-01   4.9837899e-01  -8.5781665e-01
   4.7625339e+01   1.0071170e+02   1.5134960e+02  -6.7232315e-01  -6.7258008e-01   3.0922099e-01
   4.7756486e+01   1.0047297e+02   1.5107330e+02  -6.8188622e-01  -6.9135505e-01   2.3887103e-01
   4.7486371e+01   1.0073946e+02   1.5096868e+02  -7.7361171e-01  -6.2590163e-01   9.8853858e-02
   4.7625726e+01   1.0056043e+02   1.5064543e+02  -7.8348080e-01  -6.1771965e-01  -6.7677668e-02
   4.7405459e+01   1.0086170e+02   1.5060497e+02  -8.1412271e-01  -5.6824085e-01  -1.1960994e-01
   4.7383404e+01   1.0099597e+02   1.5037116e+02  -8.0840686e-01  -4.8139073e-01  -3.3873487e-01
   4.7602569e+01   1.0080567e+02   1.5012872e+02  -8.0075845e-01  -4.8058494e-01  -3.5752486e-01
   4.7687043e+01   1.0090807e+02   1.4987148e+02  -7.7697065e-01  -3.1538791e-01  -5.4483675e-01
   4.7485868e+01   1.0121437e+02   1.4997188e+02  -7.7549107e-01  -3.5012930e-01  -5.2537898e-01
   4.7775522e+01   1.0107934e+02   1.4967483e+02  -7.0589531e-01  -2.2600330e-01  -6.7129302e-01
   4.7599706e+01   1.0141367e+02   1.4975143e+02  -7.0279110e-01  -2.0685805e-01  -6.8065735e-01
   4.7931354e+01   1.0133052e+02   1.4949425e+02  -5.5878714e-01  -6.7476005e-02  -8.2656150e-01
   4.7814028e+01   1.0167977e+02   1.4954341e+02  -5.6092558e-01  -7.7333396e-02  -8.2424635e-01
   4.8239150e+01   1.0164096e+02   1.4931632e+02  -3.8633943e-01   1.3605279e-01  -9.1226722e-01
   4.8045693e+01   1.0195049e+02   1.4943406e+02  -3.9522092e-01   5.9786745e-02  -9.1663841e-01
   4.9827333e+01   1.0269914e+02   1.5105894e+02   3.7467043e-01   8.7899308e-01   2.9494615e-01
   4.7857372e+01   1.0082674e+02   1.5177611e+02  -7.1358833e-01  -1.4875975e-01   6.8458910e-01
   4.7455559e+01   1.0139348e+02   1.4993560e+02  -9.3438547e-01   1.6989710e-01  -3.1314336e-01
   4.7812156e+01   1.0186457e+02   1.4955194e+02  -7.6159766e-01   4.9459056e-01  -4.1874717e-01
   4.8341508e+01   1.0232375e+02   1.4944902e+02  -5.0286799e-01   7.3251253e-01  -4.5885638e-01
   4.9426476e+01   1.0285009e+02   1.5011034e+02   1.4474476e-02   9.9153129e-01  -1.2905887e-01
   4.9641445e+01   1.0214479e+02   1.5193042e+02   1.4664295e-01   6.4674105e-01   7.4847970e-01
   4.8970517e+01   1.0143149e+02   1.5229906e+02  -3.7353078e-01   4.3431396e-01   8.1966221e-01
   4.8671857e+01   1.0123649e+02   1.5226085e+02  -4.2656287e-01   4.9194580e-01   7.5896867e-01
   4.7369815e+01   1.0089852e+02   1.5085093e+02  -9.6994016e-01   5.8479002e-02   2.3621238e-01
   4.7539090e+01   1.0071512e+02   1.5158203e+02   5.6469457e-01  -7.4863479e-01  -3.4737011e-01
   4.7742081e+01   1.0076870e+02   1.5179782e+02   5.6759930e-01  -7.4664604e-01  -3.4691602e-01
   4.7978542e+01   1.0081662e+02   1.5208238e+02   5.6747689e-01  -7.4793854e-01  -3.4432241e-01
   4.8128512e+01   1.0087789e+02   1.5219762e+02   5.7076619e-01  -7.4627196e-01  -3.4249689e-01
   4.8336176e+01   1.0101308e+02   1.5224752e+02   5.6661269e-01  -7.5151763e-01  -3.3789244e-01
   4.8513564e+01   1.0108186e+02   1.5239483e+02   5.7416814e-01  -7.4529100e-01  -3.3892813e-01
   4.8863080e+01   1.0135364e+02   1.5239251e+02   5.7608626e-01  -7.4129849e-01  -3.4438520e-01
   4.9199663e+01   1.0159761e+02   1.5243046e+02   5.7620826e-01  -7.4127955e-01  -3.4422184e-01
   4.9338593e+01   1.0172966e+02   1.5237951e+02   5.7847271e-01  -7.3929804e-01  -3.4468498e-01
   4.9467712e+01   1.0190006e+02   1.5222993e+02   5.7906995e-01  -7.4046269e-01  -3.4116419e-01
   4.9624527e+01   1.0204122e+02   1.5219135e+02   5.8116403e-01  -7.3695585e-01  -3.4517308e-01
   4.9767231e+01   1.0228744e+02   1.5190600e+02   5.8106841e-01  -7.3693578e-01  -3.4537684e-01
   4.9878623e+01   1.0245119e+02   1.5174538e+02   5.8447363e-01  -7.3380354e-01  -3.4629892e-01
   4.9886406e+01   1.0255909e+02   1.5153123e+02   5.8198269e-01  -7.3359942e-01  -3.5089605e-01
   4.9945479e+01   1.0267243e+02   1.5139225e+02   5.8198343e-01  -7.3359817e-01  -3.5089744e-01
   4.9894883e+01   1.0278958e+02   1.5106358e+02   5.8167015e-01  -7.3370726e-01  -3.5118869e-01
   4.9866147e+01   1.0291097e+02   1.5076387e+02   5.8446435e-01  -7.3013292e-01  -3.5398776e-01
   4.9798726e+01   1.0296342e+02   1.5054560e+02   5.8147624e-01  -7.3091972e-01  -3.5726986e-01
   4.9658642e+01   1.0291853e+02   1.5040723e+02   5.9340482e-01  -7.2180656e-01  -3.5618255e-01
   4.9563675e+01   1.0298721e+02   1.5011404e+02   5.8073874e-01  -7.2929828e-01  -3.6175481e-01
   4.9294603e+01   1.0289619e+02   1.4986617e+02   5.7926707e-01  -7.3069487e-01  -3.6129582e-01
   4.9176367e+01   1.0288467e+02   1.4970077e+02   5.7714608e-01  -7.3125207e-01  -3.6355579e-01
   4.8957059e+01   1.0276119e+02   1.4960094e+02   5.7729099e-01  -7.3108886e-01  -3.6365396e-01
   4.8812651e+01   1.0272017e+02   1.4945527e+02   5.7391808e-01  -7.3324570e-01  -3.6464885e-01
   4.8642867e+01   1.0258484e+02   1.4945926e+02   5.7615193e-01  -7.2955847e-01  -3.6850156e-01
   4.8423597e+01   1.0248445e+02   1.4931738e+02   5.7085143e-01  -7.3529723e-01  -3.6533085e-01
   4.8117118e+01   1.0222727e+02   1.4935736e+02   5.7030876e-01  -7.3742046e-01  -3.6188255e-01
   4.7943964e+01   1.0210201e+02   1.4934009e+02   5.6925440e-01  -7.3807929e-01  -3.6219939e-01
   4.7678853e+01   1.0185151e+02   1.4943490e+02   5.6926265e-01  -7.3975090e-01  -3.5875988e-01
   4.7555981e+01   1.0165859e+02   1.4963345e+02   5.6205335e-01  -7.3616586e-01  -3.7703561e-01
   4.7376956e+01   1.0149811e+02   1.4968249e+02   5.6035605e-01  -7.4329738e-01  -3.6539033e-01
   4.7275855e+01   1.0134802e+02   1.4983340e+02   5.6168739e-01  -7.4399877e-01  -3.6190207e-01
   4.7296970e+01   1.0126864e+02   1.5003003e+02   5.6285208e-01  -7.4399090e-01  -3.6010426e-01
   4.7214081e+01   1.0112965e+02   1.5018831e+02   5.6144749e-01  -7.4559864e-01  -3.5896990e-01
   4.7235100e+01   1.0103376e+02   1.5042141e+02   5.6427196e-01  -7.4514203e-01  -3.5547225e-01
   4.7188100e+01   1.0092768e+02   1.5056942e+02   5.6421320e-01  -7.4554511e-01  -3.5471955e-01
   4.7244610e+01   1.0078481e+02   1.5096086e+02   5.6787630e-01  -7.4390439e-01  -3.5231060e-01
   4.7392167e+01   1.0078746e+02   1.5118646e+02   5.3897466e-01  -7.6221777e-01  -3.5851134e-01
   4.7466181e+01   1.0075005e+02   1.5138587e+02   5.6456706e-01  -7.5238853e-01  -3.3937522e-01
   4.9661467e+01   1.0235237e+02   1.5224870e+02   7.3993995e-01   9.9266334e-02   6.6530825e-01
   4.8927475e+01   1.0326616e+02   1.5292869e+02   7.3993920e-01   9.9265595e-02   6.6530919e-01
   4.8777624e+01   1.0308608e+02   1.5306222e+02   5.7539567e-01  -9.8456949e-02   8.1192737e-01
   4.9362226e+01   1.0199279e+02   1.5251534e+02   5.7539336e-01  -9.8460208e-02   8.1192861e-01
   4.8573875e+01   1.0287147e+02   1.5318059e+02   5.7542441e-01  -9.8436094e-02   8.1190953e-01
   4.8382820e+01   1.0269245e+02   1.5324512e+02   3.6561067e-01  -2.9503247e-01   8.8277102e-01
   4.8980710e+01   1.0163531e+02   1.5264419e+02   3.6562087e-01  -2.9502117e-01   8.8277057e-01
   4.8139966e+01   1.0248861e+02   1.5327757e+02   3.6560176e-01  -2.9503311e-01   8.8277450e-01
   4.7924686e+01   1.0232655e+02   1.5326735e+02   1.2923745e-01  -4.7295889e-01   8.7155469e-01
   4.8550818e+01   1.0131171e+02   1.5262378e+02   1.2921189e-01  -4.7298193e-01   8.7154597e-01
   4.7664306e+01   1.0215159e+02   1.5321101e+02   1.2920325e-01  -4.7298613e-01   8.7154497e-01
   4.7443929e+01   1.0202090e+02   1.5312695e+02  -1.1275247e-01  -6.1647404e-01   7.7926031e-01
   4.8110750e+01   1.0105072e+02   1.5245593e+02  -1.1274674e-01  -6.1646987e-01   7.7926444e-01
   4.7189056e+01   1.0189034e+02   1.5298674e+02  -1.1296822e-01  -6.1654539e-01   7.7917262e-01
   4.7733643e+01   1.0088433e+02   1.5218453e+02  -3.3883450e-01  -7.1279897e-01   6.1409185e-01
   4.6906426e+01   1.0168087e+02   1.5265268e+02  -3.3883580e-01  -7.1279899e-01   6.1409111e-01
   4.6583635e+01   1.0169117e+02   1.5242152e+02  -5.2893220e-01  -7.5337282e-01   3.9071745e-01
   4.7353913e+01   1.0080177e+02   1.5174937e+02  -5.2892450e-01  -7.5337047e-01   3.9073240e-01
   4.6405491e+01   1.0167930e+02   1.5215749e+02  -5.2891839e-01  -7.5337107e-01   3.9073950e-01
   4.6280534e+01   1.0169640e+02   1.5191915e+02  -6.6612659e-01  -7.3459415e-01   1.2902247e-01
   4.7104395e+01   1.0083592e+02   1.5127343e+02  -6.6612486e-01  -7.3459455e-01   1.2902910e-01
   4.6166595e+01   1.0174824e+02   1.5162603e+02  -6.6612237e-01  -7.3459599e-01   1.2903377e-01
   4.6100903e+01   1.0181787e+02   1.5137395e+02  -7.3825505e-01  -6.5813417e-01  -1.4777986e-01
   4.6973220e+01   1.0097496e+02   1.5077003e+02  -7.3825486e-01  -6.5813655e-01  -1.4777027e-01
   4.6061290e+01   1.0192881e+02   1.5107779e+02  -7.3825539e-01  -6.5813548e-01  -1.4777234e-01
   4.6060703e+01   1.0204478e+02   1.5083436e+02  -7.3890409e-01  -5.3079211e-01  -4.1506684e-01
   4.6972045e+01   1.0120655e+02   1.5028392e+02  -7.3890086e-01  -5.3078640e-01  -4.1507989e-01
   4.6098940e+01   1.0220495e+02   1.5056147e+02  -7.3890088e-01  -5.3078692e-01  -4.1507920e-01
   4.7111342e+01   1.0134349e+02   1.4992684e+02  -6.9155654e-01  -4.0921791e-01  -5.9522286e-01
   4.6163014e+01   1.0236761e+02   1.5032456e+02  -6.9155910e-01  -4.0922754e-01  -5.9521326e-01
   4.7205667e+01   1.0150860e+02   1.4973454e+02  -6.3909047e-01  -3.1834708e-01  -7.0015606e-01
   4.6268850e+01   1.0254918e+02   1.5011653e+02  -6.3907997e-01  -3.1832084e-01  -7.0017757e-01
   4.6400167e+01   1.0272669e+02   1.4995901e+02  -5.3188200e-01  -1.7221279e-01  -8.2912260e-01
   4.7348544e+01   1.0185867e+02   1.4953092e+02  -5.3186601e-01  -1.7219928e-01  -8.2913567e-01
   4.6577287e+01   1.0293954e+02   1.4980118e+02  -5.3185979e-01  -1.7218861e-01  -8.2914187e-01
   4.6749668e+01   1.0312111e+02   1.4970104e+02  -3.4261780e-01   2.7145291e-02  -9.3908263e-01
   4.7692764e+01   1.0222125e+02   1.4933095e+02  -3.4259648e-01   2.7159765e-02  -9.3908999e-01
   4.6975491e+01   1.0333270e+02   1.4962477e+02  -3.4258326e-01   2.7176633e-02  -9.3909432e-01
   4.7180954e+01   1.0350516e+02   1.4959732e+02  -1.1700573e-01   2.1652304e-01  -9.6924065e-01
   4.8103050e+01   1.0256564e+02   1.4927612e+02  -1.1697898e-01   2.1653746e-01  -9.6924065e-01
   4.7435413e+01   1.0369671e+02   1.4960940e+02  -1.1696019e-01   2.1655667e-01  -9.6923863e-01
   4.7655702e+01   1.0384474e+02   1.4965707e+02   1.2488373e-01   3.7906693e-01  -9.1690366e-01
   4.8542944e+01   1.0286123e+02   1.4937131e+02   1.2488161e-01   3.7906609e-01  -9.1690429e-01
   4.7916184e+01   1.0399922e+02   1.4975641e+02   1.2489039e-01   3.7907341e-01  -9.1690007e-01
   4.8940118e+01   1.0306470e+02   1.4958192e+02   3.6157262e-01   5.0034542e-01  -7.8671450e-01
   4.8348019e+01   1.0408652e+02   1.4995966e+02   3.6156737e-01   5.0034014e-01  -7.8672027e-01
   4.8566734e+01   1.0427637e+02   1.5023167e+02   5.7201011e-01   5.6956425e-01  -5.9025502e-01
   4.9356053e+01   1.0320765e+02   1.4996533e+02   5.7200342e-01   5.6956416e-01  -5.9026160e-01
   4.8771353e+01   1.0432005e+02   1.5047211e+02   5.7200043e-01   5.6956276e-01  -5.9026584e-01
   4.8922068e+01   1.0433010e+02   1.5069548e+02   7.3750393e-01   5.8058463e-01  -3.4497745e-01
   4.9657017e+01   1.0322770e+02   1.5041138e+02   7.3749754e-01   5.8058688e-01  -3.4498732e-01
   4.9069761e+01   1.0430988e+02   1.5097720e+02   7.3749846e-01   5.8058704e-01  -3.4498509e-01
   4.9166159e+01   1.0426602e+02   1.5122518e+02   8.4334495e-01   5.3243291e-01  -7.2694564e-02
   4.9849515e+01   1.0314012e+02   1.5090658e+02   8.4334623e-01   5.3243136e-01  -7.2691015e-02
   4.9243801e+01   1.0418373e+02   1.5152315e+02   8.4334493e-01   5.3243238e-01  -7.2698685e-02
   4.9277317e+01   1.0408987e+02   1.5177370e+02   8.8014501e-01   4.2938036e-01   2.0242842e-01
   4.9916438e+01   1.0295271e+02   1.5140692e+02   8.8014521e-01   4.2937890e-01   2.0243064e-01
   4.9276755e+01   1.0395366e+02   1.5206319e+02   8.7994570e-01   4.2854718e-01   2.0504361e-01
   4.9863852e+01   1.0270541e+02   1.5183139e+02   8.4464317e-01   2.8055562e-01   4.5592374e-01
   4.9247917e+01   1.0361728e+02   1.5241128e+02   8.4460242e-01   2.8052386e-01   4.5601877e-01
   4.9074017e+01   1.0347247e+02   1.5273493e+02   7.3993579e-01   9.9258013e-02   6.6531412e-01
   4.8409601e+01   1.0448895e+02   1.5031656e+02   4.9882458e-01   6.7254443e-01  -5.4667910e-01
   4.6545137e+01   1.0675938e+02   1.5133607e+02   4.0747604e-01   6.2411457e-01  -6.6666655e-01
   4.6601522e+01   1.0699189e+02   1.5159600e+02   5.8340551e-01   6.6723016e-01  -4.6307875e-01
   4.8609602e+01   1.0453421e+02   1.5054875e+02   5.1202086e-01   6.5570620e-01  -5.5487297e-01
   4.6885406e+01   1.0684929e+02   1.5174322e+02   5.7780301e-01   6.7459539e-01  -4.5941782e-01
   4.8779713e+01   1.0454606e+02   1.5080008e+02   6.7909944e-01   6.6620369e-01  -3.0821518e-01
   4.6937988e+01   1.0699841e+02   1.5205604e+02   7.1704680e-01   6.5943926e-01  -2.2579582e-01
   4.8913576e+01   1.0452742e+02   1.5105580e+02   6.7775669e-01   6.6794730e-01  -3.0739594e-01
   4.7145702e+01   1.0684052e+02   1.5224730e+02   7.1262952e-01   6.6515394e-01  -2.2300089e-01
   4.9022114e+01   1.0447921e+02   1.5133292e+02   7.8515914e-01   6.1837127e-01  -3.3795020e-02
   4.7165852e+01   1.0689631e+02   1.5256802e+02   7.9781534e-01   6.0225312e-01   2.7961758e-02
   4.9092894e+01   1.0440362e+02   1.5160535e+02   7.8365136e-01   6.2033103e-01  -3.2862607e-02
   4.7288489e+01   1.0672556e+02   1.5278405e+02   7.9464397e-01   6.0633704e-01   2.9939236e-02
   4.9131184e+01   1.0430037e+02   1.5188361e+02   8.2149158e-01   5.1555610e-01   2.4362574e-01
   4.7267812e+01   1.0669239e+02   1.5308970e+02   8.1971216e-01   4.9999768e-01   2.7941779e-01
   4.9128928e+01   1.0417663e+02   1.5215163e+02   8.2025551e-01   5.1705723e-01   2.4460726e-01
   4.7300872e+01   1.0651610e+02   1.5331009e+02   8.1778668e-01   5.0241916e-01   2.8071324e-01
   4.8989923e+01   1.0404832e+02   1.5255609e+02   7.8426038e-01   3.6646331e-01   5.0063989e-01
   4.7271834e+01   1.0620929e+02   1.5366027e+02   7.8070077e-01   3.6166057e-01   5.0961549e-01
   4.8923445e+01   1.0367841e+02   1.5284688e+02   6.7824180e-01   1.8591927e-01   7.1093044e-01
   4.7085158e+01   1.0588687e+02   1.5402708e+02   6.8385843e-01   1.9240950e-01   7.0378706e-01
   4.8781642e+01   1.0347868e+02   1.5303475e+02   6.7924284e-01   1.8463755e-01   7.1030848e-01
   4.8624906e+01   1.0329009e+02   1.5317447e+02   5.1121046e-01  -1.1351083e-02   8.5938060e-01
   4.6798930e+01   1.0565417e+02   1.5429950e+02   5.3825544e-01   1.2325151e-02   8.4269162e-01
   4.8433261e+01   1.0308804e+02   1.5328646e+02   5.1348087e-01  -1.4212434e-02   8.5798334e-01
   4.6592475e+01   1.0552646e+02   1.5443281e+02   5.3990124e-01   9.5971322e-03   8.4167366e-01
   4.8228319e+01   1.0289493e+02   1.5335729e+02   2.9840634e-01  -2.0718446e-01   9.3168034e-01
   4.7263545e+01   1.0390039e+02   1.4969188e+02  -1.8133383e-01   3.0001282e-01  -9.3654170e-01
   4.5633046e+01   1.0632910e+02   1.5083205e+02  -2.8866856e-02   4.1824257e-01  -9.0787656e-01
   4.7510884e+01   1.0406605e+02   1.4974618e+02   6.1425661e-02   4.6453614e-01  -8.8342123e-01
   4.5749010e+01   1.0661710e+02   1.5096135e+02  -2.3843541e-02   4.1167533e-01  -9.1101861e-01
   4.7746341e+01   1.0420590e+02   1.4983578e+02   6.2533756e-02   4.6312011e-01  -8.8408670e-01
   4.6116892e+01   1.0657977e+02   1.5101244e+02   1.9339844e-01   5.4674637e-01  -8.1465665e-01
   4.8024957e+01   1.0447465e+02   1.5009607e+02   3.0091210e-01   5.8505820e-01  -7.5309947e-01
   4.6416982e+01   1.0516443e+02   1.5445981e+02   3.5156426e-01  -1.7067899e-01   9.2047339e-01
   4.7993491e+01   1.0269757e+02   1.5339017e+02   3.0420049e-01  -2.1466472e-01   9.2810620e-01
   4.6020897e+01   1.0489230e+02   1.5449692e+02   1.3494471e-01  -3.3541751e-01   9.3235455e-01
   4.7752653e+01   1.0251664e+02   1.5337765e+02   6.5397060e-02  -3.9269534e-01   9.1734050e-01
   4.5701114e+01   1.0485607e+02   1.5452980e+02   1.3945340e-01  -3.4109190e-01   9.2962845e-01
   4.7516319e+01   1.0235780e+02   1.5332686e+02   6.6706925e-02  -3.9445634e-01   9.1649025e-01
   4.5569835e+01   1.0457066e+02   1.5437437e+02  -8.8474400e-02  -4.7942452e-01   8.7311191e-01
   4.7268206e+01   1.0221085e+02   1.5323154e+02  -1.7733903e-01  -5.3831496e-01   8.2387370e-01
   4.5221569e+01   1.0460173e+02   1.5435591e+02  -8.2993594e-02  -4.8690559e-01   8.6950274e-01
   4.7038440e+01   1.0209337e+02   1.5310553e+02  -1.7671179e-01  -5.3932346e-01   8.2334874e-01
   4.5132057e+01   1.0433276e+02   1.5411557e+02  -3.0545434e-01  -5.8792193e-01   7.4902967e-01
   4.6629032e+01   1.0205704e+02   1.5288756e+02  -4.0421305e-01  -6.3628072e-01   6.5708345e-01
   4.4744353e+01   1.0420330e+02   1.5375669e+02  -4.9931060e-01  -6.5266076e-01   5.6984459e-01
   4.6406436e+01   1.0188512e+02   1.5251559e+02  -5.9569046e-01  -6.7693957e-01   4.3232591e-01
   4.4427141e+01   1.0432757e+02   1.5360509e+02  -6.5157862e-01  -6.7572845e-01   3.4472650e-01
   4.6245597e+01   1.0187452e+02   1.5227675e+02  -5.9677952e-01  -6.7553046e-01   4.3302749e-01
   4.4400229e+01   1.0419380e+02   1.5329769e+02  -6.5669947e-01  -6.6918295e-01   3.4776427e-01
   4.6104685e+01   1.0189317e+02   1.5200960e+02  -7.3419564e-01  -6.5753912e-01   1.6911262e-01
   4.4171165e+01   1.0433834e+02   1.5309614e+02  -7.6133611e-01  -6.4093632e-01   9.7815973e-02
   4.6001226e+01   1.0194055e+02   1.5174248e+02  -7.3568679e-01  -6.5563086e-01   1.7003860e-01
   4.4170431e+01   1.0429011e+02   1.5278806e+02  -7.6514181e-01  -6.3602359e-01   1.0015985e-01
   4.5926971e+01   1.0201740e+02   1.5146175e+02  -8.0742426e-01  -5.7978122e-01  -1.0917785e-01
   4.4033260e+01   1.0445592e+02   1.5255628e+02  -8.1423761e-01  -5.5905380e-01  -1.5644797e-01
   4.5890971e+01   1.0211935e+02   1.5118990e+02  -8.0886293e-01  -5.7793934e-01  -1.0829069e-01
   4.4065207e+01   1.0448882e+02   1.5226743e+02  -8.1677679e-01  -5.5577133e-01  -1.5489966e-01
   4.5888993e+01   1.0224684e+02   1.5092040e+02  -8.0890907e-01  -4.5051580e-01  -3.7775870e-01
   4.4025752e+01   1.0466926e+02   1.5202862e+02  -8.0645661e-01  -4.3607345e-01  -3.9933405e-01
   4.5924598e+01   1.0239501e+02   1.5066807e+02  -8.0984944e-01  -4.4930066e-01  -3.7719068e-01
   4.4091858e+01   1.0477507e+02   1.5177871e+02  -8.0772646e-01  -4.3443353e-01  -3.9855424e-01
   4.5985960e+01   1.0255851e+02   1.5042692e+02  -7.6326359e-01  -3.2568480e-01  -5.5799472e-01
   4.4143322e+01   1.0495658e+02   1.5154926e+02  -7.6160586e-01  -3.2147086e-01  -5.6268375e-01
   4.6090395e+01   1.0274012e+02   1.5021642e+02  -7.1071101e-01  -2.3378256e-01  -6.6350251e-01
   4.4240579e+01   1.0512423e+02   1.5135653e+02  -7.1303280e-01  -2.3830201e-01  -6.5939092e-01
   4.6232987e+01   1.0293282e+02   1.5004352e+02  -6.0281514e-01  -8.6529436e-02  -7.9317499e-01
   4.4398217e+01   1.0530171e+02   1.5117443e+02  -6.1568792e-01  -1.0565083e-01  -7.8087533e-01
   4.6399026e+01   1.0313262e+02   1.4989511e+02  -6.0141177e-01  -8.8285852e-02  -7.9404628e-01
   4.4516923e+01   1.0551740e+02   1.5105195e+02  -6.1440634e-01  -1.0728066e-01  -7.8166214e-01
   4.6584584e+01   1.0332878e+02   1.4978538e+02  -4.1375850e-01   1.1609411e-01  -9.0295408e-01
   4.4750122e+01   1.0566643e+02   1.5091622e+02  -4.4684018e-01   7.7308519e-02  -8.9126722e-01
   4.6797698e+01   1.0352907e+02   1.4971260e+02  -4.1052362e-01   1.1199329e-01  -9.0494633e-01
   4.4878607e+01   1.0591631e+02   1.5087389e+02  -4.4426484e-01   7.4062898e-02  -8.9282890e-01
   4.7017834e+01   1.0371417e+02   1.4968166e+02  -1.8833371e-01   3.0894444e-01  -9.3224661e-01
   4.5252275e+01   1.0602065e+02   1.5078149e+02  -2.4456304e-01   2.5414519e-01  -9.3573455e-01
   4.5035147e+01   1.0458451e+02   1.5438854e+02   1.8851230e-01  -9.4073990e-01   2.8190700e-01
   4.4727284e+01   1.0449127e+02   1.5428344e+02   1.8889062e-01  -9.4070948e-01   2.8175521e-01
   4.4615884e+01   1.0442291e+02   1.5404688e+02   5.1364864e-02  -9.8667773e-01   1.5436553e-01
   4.4329798e+01   1.0438052e+02   1.5387052e+02   5.0678058e-02  -9.8669472e-01   1.5448389e-01
   4.4386665e+01   1.0435241e+02   1.5363624e+02  -6.1110190e-02  -9.9812688e-01  -2.8777226e-03
   4.4157943e+01   1.0436629e+02   1.5368475e+02  -6.1176705e-02  -9.9812261e-01  -2.9436648e-03
   4.4173509e+01   1.0436600e+02   1.5345851e+02  -6.1176502e-02  -9.9812259e-01  -2.9563916e-03
   4.3971554e+01   1.0437867e+02   1.5336109e+02  -6.1193577e-02  -9.9812152e-01  -2.9635171e-03
   4.4097542e+01   1.0438085e+02   1.5314628e+02  -1.3857725e-01  -9.7410673e-01  -1.7864050e-01
   4.3883166e+01   1.0441207e+02   1.5314231e+02  -1.3856623e-01  -9.7411058e-01  -1.7862806e-01
   4.3953010e+01   1.0444101e+02   1.5293035e+02  -1.3856417e-01  -9.7410747e-01  -1.7864659e-01
   4.3774944e+01   1.0448755e+02   1.5281468e+02  -1.3856574e-01  -9.7410706e-01  -1.7864763e-01
   4.3925745e+01   1.0451435e+02   1.5262038e+02  -1.7575106e-01  -9.1644443e-01  -3.5950128e-01
   4.3734530e+01   1.0456977e+02   1.5257260e+02  -1.7575838e-01  -9.1643929e-01  -3.5951080e-01
   4.3857750e+01   1.0461865e+02   1.5238775e+02  -1.7575453e-01  -9.1643302e-01  -3.5952867e-01
   4.3704982e+01   1.0469566e+02   1.5226615e+02  -1.7575585e-01  -9.1643227e-01  -3.5952994e-01
   4.3883302e+01   1.0474238e+02   1.5210108e+02  -1.6999621e-01  -8.2937705e-01  -5.3219827e-01
   4.3723492e+01   1.0482656e+02   1.5202093e+02  -1.7000514e-01  -8.2936640e-01  -5.3221201e-01
   4.3897159e+01   1.0488553e+02   1.5187357e+02  -1.7000743e-01  -8.2937027e-01  -5.3220525e-01
   4.3766864e+01   1.0498754e+02   1.5175621e+02  -1.6999609e-01  -8.2938289e-01  -5.3218920e-01
   4.3966932e+01   1.0504615e+02   1.5162516e+02  -1.3430059e-01  -7.4965702e-01  -6.4805686e-01
   4.3840466e+01   1.0515687e+02   1.5152328e+02  -1.3429387e-01  -7.4966889e-01  -6.4804453e-01
   4.4061032e+01   1.0521619e+02   1.5142220e+02  -1.0013580e-01  -6.9050914e-01  -7.1635882e-01
   4.3950695e+01   1.0534074e+02   1.5131758e+02  -1.0014972e-01  -6.9047182e-01  -7.1639284e-01
   4.4183902e+01   1.0540524e+02   1.5124234e+02  -3.4484302e-02  -5.9463119e-01  -8.0325872e-01
   4.4103628e+01   1.0554825e+02   1.5113993e+02  -3.4488242e-02  -5.9461720e-01  -8.0326892e-01
   4.4364469e+01   1.0559684e+02   1.5109276e+02  -3.4486026e-02  -5.9461329e-01  -8.0327190e-01
   4.4258344e+01   1.0573149e+02   1.5099764e+02  -3.4483791e-02  -5.9463373e-01  -8.0325687e-01
   4.4501519e+01   1.0578935e+02   1.5096936e+02   8.5235929e-02  -4.6435473e-01  -8.8153816e-01
   4.4463149e+01   1.0595602e+02   1.5087785e+02   8.5234398e-02  -4.6434156e-01  -8.8154524e-01
   4.4757456e+01   1.0598254e+02   1.5089234e+02   8.5252469e-02  -4.6430942e-01  -8.8156042e-01
   4.4651492e+01   1.0612836e+02   1.5080528e+02   8.5243501e-02  -4.6438833e-01  -8.8151972e-01
   4.4901328e+01   1.0618447e+02   1.5082646e+02   2.2856376e-01  -3.3825472e-01  -9.1287587e-01
   4.5096859e+01   1.0645600e+02   1.5077481e+02   2.2856094e-01  -3.3822567e-01  -9.1288734e-01
   4.5348180e+01   1.0651973e+02   1.5083859e+02   3.8484787e-01  -2.2559489e-01  -8.9498551e-01
   4.5701624e+01   1.0664018e+02   1.5096021e+02   3.8483638e-01  -2.2569535e-01  -8.9496512e-01
   4.5572966e+01   1.0677983e+02   1.5086968e+02   3.8484134e-01  -2.2561737e-01  -8.9498265e-01
   4.5812502e+01   1.0681253e+02   1.5099068e+02   5.4285567e-01  -1.3461561e-01  -8.2896705e-01
   4.6043632e+01   1.0703168e+02   1.5110632e+02   5.4269754e-01  -1.3546391e-01  -8.2893239e-01
   4.6254977e+01   1.0701947e+02   1.5127489e+02   6.8980055e-01  -7.2824095e-02  -7.2032760e-01
   4.6473242e+01   1.0719253e+02   1.5146644e+02   6.8985142e-01  -7.2641669e-02  -7.2029731e-01
   4.6588826e+01   1.0702407e+02   1.5159897e+02   8.1585689e-01  -4.3674182e-02  -5.7660221e-01
   4.6656179e+01   1.0712798e+02   1.5168644e+02   8.1595420e-01  -4.3629567e-02  -5.7646787e-01
   4.6830633e+01   1.0725080e+02   1.5192407e+02   8.1595244e-01  -4.3634702e-02  -5.7646997e-01
   4.6912057e+01   1.0707141e+02   1.5206591e+02   9.1144669e-01  -4.9983816e-02  -4.0837060e-01
   4.6978154e+01   1.0723176e+02   1.5219381e+02   9.1145575e-01  -4.9979091e-02  -4.0835097e-01
   4.7081757e+01   1.0709475e+02   1.5244182e+02   9.1145684e-01  -4.9985259e-02  -4.0834776e-01
   4.7130510e+01   1.0700786e+02   1.5258784e+02   9.6929223e-01  -9.1219425e-02  -2.2836722e-01
   4.7175319e+01   1.0717042e+02   1.5271309e+02   9.6928789e-01  -9.1222300e-02  -2.2838451e-01
   4.7189133e+01   1.0698765e+02   1.5284471e+02   9.6928666e-01  -9.1216432e-02  -2.2839205e-01
   4.7241644e+01   1.0707078e+02   1.5303437e+02   9.6928947e-01  -9.1212480e-02  -2.2838170e-01
   4.7226795e+01   1.0684040e+02   1.5312296e+02   9.8515181e-01  -1.6426212e-01  -4.9938690e-02
   4.7255047e+01   1.0696211e+02   1.5327994e+02   9.8515232e-01  -1.6426136e-01  -4.9931152e-02
   4.7225044e+01   1.0675346e+02   1.5337337e+02   9.8518390e-01  -1.6395763e-01  -5.0304828e-02
   4.7245766e+01   1.0681863e+02   1.5356793e+02   9.8523025e-01  -1.6385380e-01  -4.9732234e-02
   4.7218423e+01   1.0671893e+02   1.5373250e+02   9.5779420e-01  -2.6413090e-01   1.1342459e-01
   4.7151535e+01   1.0651155e+02   1.5381494e+02   9.5792007e-01  -2.6372051e-01   1.1331653e-01
   4.7119036e+01   1.0649243e+02   1.5404478e+02   9.5787148e-01  -2.6370849e-01   1.1375436e-01
   4.7023710e+01   1.0626160e+02   1.5410604e+02   8.8942202e-01  -3.8224523e-01   2.5063332e-01
   4.6978917e+01   1.0628364e+02   1.5429866e+02   8.8945346e-01  -3.8228784e-01   2.5045667e-01
   4.6870530e+01   1.0611632e+02   1.5442821e+02   8.8946584e-01  -3.8228379e-01   2.5041889e-01
   4.6758487e+01   1.0589145e+02   1.5440519e+02   7.8394462e-01  -5.1104295e-01   3.5251372e-01
   4.6687911e+01   1.0590649e+02   1.5458456e+02   7.8501141e-01  -5.1089787e-01   3.5034332e-01
   4.6566220e+01   1.0566493e+02   1.5450498e+02   7.8501662e-01  -5.1089325e-01   3.5033840e-01
   4.6519966e+01   1.0571987e+02   1.5468874e+02   7.8502247e-01  -5.1089088e-01   3.5032874e-01
   4.6380582e+01   1.0551192e+02   1.5463095e+02   6.5226851e-01  -6.4030214e-01   4.0565867e-01
   4.6263219e+01   1.0549339e+02   1.5479042e+02   6.5227931e-01  -6.4030231e-01   4.0564104e-01
   4.6092011e+01   1.0533060e+02   1.5480876e+02   6.5227931e-01  -6.4030231e-01   4.0564104e-01
   4.5960113e+01   1.0515201e+02   1.5468511e+02   5.0106898e-01  -7.6080812e-01   4.1243288e-01
   4.5815551e+01   1.0512740e+02   1.5481535e+02   5.0105805e-01  -7.6080975e-01   4.1244317e-01
   4.5684168e+01   1.0491269e+02   1.5457890e+02   5.0111504e-01  -7.6078420e-01   4.1242104e-01
   4.5618861e+01   1.0497803e+02   1.5477877e+02   5.0106834e-01  -7.6080025e-01   4.1244817e-01
   4.5495582e+01   1.0483382e+02   1.5460725e+02   3.4260912e-01  -8.6346862e-01   3.7019040e-01
   4.5323093e+01   1.0480492e+02   1.5469949e+02   3.4258935e-01  -8.6347101e-01   3.7020313e-01
   4.5212599e+01   1.0462394e+02   1.5437960e+02   3.4250208e-01  -8.6349786e-01   3.7022125e-01
   4.5135604e+01   1.0468831e+02   1.5460100e+02   3.4264033e-01  -8.6345957e-01   3.7018263e-01
   4.9358732e+01   1.0149177e+02   1.4917843e+02   5.7233371e-01   2.3802076e-01  -7.8471666e-01
   5.0180502e+01   1.0182478e+02   1.4987040e+02   6.0533268e-01   1.1786881e-01  -7.8719711e-01
   5.0031371e+01   1.0187263e+02   1.4973352e+02   6.7360317e-01  -3.0476203e-01  -6.7333415e-01
   4.9469701e+01   1.0166851e+02   1.4926325e+02   6.7460028e-01  -3.1554117e-01  -6.6734416e-01
   4.9736742e+01   1.0183175e+02   1.4944353e+02   6.4975968e-01  -5.4380098e-01  -5.3112414e-01
   5.0214020e+01   1.0144575e+02   1.4960541e+02   3.5356102e-01   6.1233614e-01  -7.0713440e-01
   5.0638551e+01   1.0099365e+02   1.4942619e+02   3.5356161e-01   6.1230311e-01  -7.0716270e-01
   4.9892144e+01   1.0064686e+02   1.4878473e+02   4.1599125e-01   1.0892997e-01  -9.0282088e-01
   4.9917834e+01   1.0079000e+02   1.4888946e+02   3.5365654e-01   6.1240489e-01  -7.0702708e-01
   5.0201334e+01   1.0088817e+02   1.4911625e+02   3.5356647e-01   6.1232459e-01  -7.0714168e-01
   4.9781001e+01   1.0073688e+02   1.5177193e+02   6.6471305e-01  -7.3915638e-01  -1.0864808e-01
   4.9533352e+01   1.0040578e+02   1.5170534e+02   6.4743731e-01  -3.3427584e-01   6.8489751e-01
   5.0257995e+01   1.0114974e+02   1.5140004e+02   6.8376455e-01  -4.4144522e-01   5.8102682e-01
   4.9597480e+01   1.0055664e+02   1.5175929e+02   7.3443757e-01  -6.5581450e-01   1.7466768e-01
   5.0084653e+01   1.0104309e+02   1.5158706e+02   6.9408891e-01  -7.1964334e-01  -1.8816177e-02
   4.9942400e+01   1.0089614e+02   1.5170251e+02   6.3157237e-01  -7.3612788e-01  -2.4337644e-01
   5.0071637e+01   9.9748844e+01   1.5133887e+02   4.4181800e-01  -1.0357709e-01   8.9110529e-01
   5.0242674e+01   1.0056566e+02   1.5131627e+02   4.6338421e-01  -6.3439410e-02   8.8388377e-01
   5.0369504e+01   9.9974550e+01   1.5120734e+02   4.6338047e-01  -6.3464485e-02   8.8388393e-01
   5.0792384e+01   1.0041906e+02   1.5101756e+02   4.6337071e-01  -6.3445999e-02   8.8389037e-01
   4.8879972e+01   9.9735655e+01   1.5096470e+02  -3.5352435e-01  -6.1238444e-01   7.0711090e-01
   4.9268725e+01   9.9312707e+01   1.5079281e+02  -3.5364651e-01  -6.1232842e-01   7.0709833e-01
   4.9868359e+01   9.9567775e+01   1.5129747e+02  -2.7828562e-01  -6.0097039e-01   7.4926077e-01
   4.9615796e+01   9.9457989e+01   1.5109211e+02  -3.5334604e-01  -6.1239888e-01   7.0718752e-01
   4.9412825e+01   1.0027340e+02   1.5168759e+02   1.9533710e-01  -5.3214503e-01   8.2381132e-01
   4.9312572e+01   1.0024977e+02   1.5165555e+02  -1.5988171e-01  -8.1762417e-01   5.5310809e-01
   4.8480100e+01   9.9963063e+01   1.5103185e+02   5.8053433e-02  -9.2390411e-01   3.7819438e-01
   4.8837686e+01   1.0012123e+02   1.5154185e+02   5.9087218e-01  -6.8416754e-01  -4.2753344e-01
   4.8642937e+01   1.0005369e+02   1.5134771e+02   4.7299980e-01  -8.6761775e-01  -1.5333177e-01
   4.9065611e+01   1.0021702e+02   1.5162239e+02   3.0285871e-01  -9.5128705e-01   5.7702167e-02
   4.8344802e+01   9.9940353e+01   1.5072670e+02  -6.3169239e-01  -7.2358536e-01  -2.7818870e-01
   4.8378969e+01   9.9906299e+01   1.5081094e+02  -5.1803390e-01  -8.0727895e-01   2.8273940e-01
   4.8200704e+01   1.0035651e+02   1.4981704e+02  -1.2779860e-01  -9.2170694e-01  -3.6622922e-01
   4.8083524e+01   1.0021729e+02   1.5012171e+02   3.1328902e-01  -8.6433937e-01  -3.9340494e-01
   4.8217337e+01   1.0003203e+02   1.5060963e+02   1.5250586e-02  -9.1991367e-01  -3.9182427e-01
   4.8127460e+01   1.0011210e+02   1.5039128e+02   3.5489014e-01  -8.5141485e-01  -3.8619390e-01
   4.8801917e+01   9.9649321e+01   1.4961114e+02  -8.1689815e-01  -5.4901489e-01  -1.7680517e-01
   4.8563757e+01   9.9815377e+01   1.5019605e+02  -8.1692409e-01  -5.4900059e-01  -1.7672970e-01
   4.8906107e+01   9.9265006e+01   1.5032317e+02  -8.1694802e-01  -5.4893873e-01  -1.7681120e-01
   4.9507270e+01   1.0058041e+02   1.4889704e+02  -4.6343737e-01   6.3406252e-02  -8.8385827e-01
   4.8938380e+01   1.0059608e+02   1.4919637e+02  -4.6326375e-01   6.3428079e-02  -8.8394772e-01
   4.8964690e+01   9.9951737e+01   1.4913639e+02  -4.6333497e-01   6.3261310e-02  -8.8392235e-01
   4.9124326e+01   1.0132962e+02   1.4912387e+02  -2.1993192e-01  -2.3814508e-01  -9.4600046e-01
   4.8377088e+01   1.0068220e+02   1.4942800e+02   1.3090643e-01  -5.0777883e-01  -8.5148351e-01
   4.8940592e+01   1.0130443e+02   1.4913517e+02   2.4426092e-01  -5.9913329e-01  -7.6248010e-01
   4.8451902e+01   1.0087928e+02   1.4930143e+02   4.2702044e-01  -6.9182215e-01  -5.8226768e-01
   4.8568762e+01   1.0102278e+02   1.4921196e+02   5.0736806e-01  -7.3147579e-01  -4.5554453e-01
   4.8574671e+01   1.0121790e+02   1.4919273e+02  -2.3849887e-01  -3.0995210e-03  -9.7113783e-01
   5.0304705e+01   1.0179420e+02   1.5000068e+02   7.5701404e-01   4.9672313e-01  -4.2449483e-01
   5.0323517e+01   1.0177685e+02   1.5009050e+02   9.3951888e-01   3.3126637e-01   8.6987758e-02
   5.0388210e+01   1.0140000e+02   1.5112698e+02   9.9524024e-01  -2.5315899e-02  -9.4106206e-02
   5.0334573e+01   1.0182678e+02   1.5028023e+02   9.3303691e-01  -3.0562834e-01  -1.8982479e-01
   5.0402644e+01   1.0181360e+02   1.5052866e+02   7.6431140e-01  -5.6665706e-01  -3.0777892e-01
   5.0420001e+01   1.0172347e+02   1.5074709e+02   6.7072272e-01  -6.6829960e-01  -3.2172454e-01
   5.0406038e+01   1.0159961e+02   1.5094623e+02   8.2127100e-01  -4.9889555e-01  -2.7679809e-01
   5.0851957e+01   1.0077252e+02   1.5067850e+02   8.1693485e-01   5.4898211e-01   1.7673737e-01
   5.0846375e+01   1.0104460e+02   1.4985926e+02   8.1693811e-01   5.4896008e-01   1.7679073e-01
   5.0576816e+01   1.0127676e+02   1.5038406e+02   8.1694449e-01   5.4896370e-01   1.7674999e-01
   4.2539920e+01   1.1200909e+02   1.5447811e+02   3.5355185e-01   6.1237318e-01  -7.0710691e-01
   4.0628837e+01   1.1303369e+02   1.5440989e+02   3.5355563e-01   6.1237212e-01  -7.0710593e-01
   4.1568845e+01   1.1437866e+02   1.5617709e+02  -6.9822763e-02   9.6105197e-01   2.6740213e-01
   4.1438506e+01   1.1437028e+02   1.5597225e+02   3.5355896e-01   6.1236778e-01  -7.0710803e-01
   3.9408634e+01   1.1361510e+02   1.5430330e+02   3.5356455e-01   6.1236093e-01  -7.0711117e-01
   4.1590049e+01   1.1067966e+02   1.5278552e+02  -5.7322846e-01   7.3919090e-01   3.5356180e-01
   4.3037084e+01   1.1151828e+02   1.5337825e+02  -5.7322189e-01   7.3919857e-01   3.5355641e-01
   4.3671730e+01   1.1151747e+02   1.5440892e+02  -5.7322215e-01   7.3920132e-01   3.5355023e-01
   4.3378657e+01   1.1152967e+02   1.5390823e+02  -5.7322211e-01   7.3920141e-01   3.5355012e-01
   4.2077270e+01   1.1099983e+02   1.5290605e+02  -5.7322240e-01   7.3920060e-01   3.5355135e-01
   4.2566437e+01   1.1130017e+02   1.5307120e+02  -5.7322955e-01   7.3918660e-01   3.5356902e-01
   3.9069530e+01   1.1221962e+02   1.5666505e+02   1.8915190e-01   9.8120842e-01  -3.8099798e-02
   4.0120311e+01   1.1268653e+02   1.5739694e+02  -3.2010237e-01   8.5696019e-01  -4.0392290e-01
   3.8974207e+01   1.1223672e+02   1.5642984e+02   9.5751431e-02   9.9312741e-01   6.7302417e-02
   3.8962014e+01   1.1225265e+02   1.5634001e+02   1.7011777e-01   9.4229824e-01   2.8832963e-01
   3.8906423e+01   1.1228919e+02   1.5625337e+02   1.7009603e-01   9.4230652e-01   2.8831540e-01
   3.8883435e+01   1.1236926e+02   1.5600526e+02   1.7008339e-01   9.4230625e-01   2.8832373e-01
   3.8897223e+01   1.1240240e+02   1.5592145e+02   1.7473015e-01   8.3189540e-01   5.2670619e-01
   3.8871848e+01   1.1246262e+02   1.5583476e+02   1.7476989e-01   8.3185985e-01   5.2674916e-01
   3.8927795e+01   1.1259143e+02   1.5561277e+02   1.7476897e-01   8.3185986e-01   5.2674945e-01
   3.8968013e+01   1.1263711e+02   1.5554504e+02   1.0111231e-01   6.7880485e-01   7.2732405e-01
   3.8973626e+01   1.1271549e+02   1.5547111e+02   1.0110914e-01   6.7881190e-01   7.2731792e-01
   3.9102673e+01   1.1287434e+02   1.5530492e+02   1.0110284e-01   6.7881255e-01   7.2731818e-01
   3.9164769e+01   1.1292493e+02   1.5526185e+02  -4.0868558e-02   5.0392894e-01   8.6277771e-01
   3.9198017e+01   1.1301363e+02   1.5521161e+02  -4.0869819e-02   5.0394827e-01   8.6276636e-01
   3.9384321e+01   1.1317956e+02   1.5512352e+02  -4.0881245e-02   5.0395127e-01   8.6276407e-01
   3.9460777e+01   1.1322675e+02   1.5511028e+02  -2.3180545e-01   3.3105682e-01   9.1469537e-01
   3.9514694e+01   1.1331673e+02   1.5509138e+02  -2.3181728e-01   3.3099463e-01   9.1471487e-01
   3.9734506e+01   1.1346567e+02   1.5509320e+02  -2.3181939e-01   3.3099572e-01   9.1471395e-01
   3.9815875e+01   1.1350163e+02   1.5511084e+02  -4.4588344e-01   1.8347780e-01   8.7608439e-01
   3.9880843e+01   1.1358379e+02   1.5512670e+02  -4.4588901e-01   1.8346294e-01   8.7608467e-01
   4.0105678e+01   1.1369381e+02   1.5521809e+02  -4.4589712e-01   1.8347068e-01   8.7607892e-01
   4.0181886e+01   1.1371227e+02   1.5526342e+02  -6.5396044e-01   8.1405291e-02   7.5213624e-01
   4.0246956e+01   1.1377870e+02   1.5531281e+02  -6.5395635e-01   8.1413318e-02   7.5213893e-01
   4.0447436e+01   1.1383302e+02   1.5548124e+02  -6.5395084e-01   8.1403152e-02   7.5214481e-01
   4.0509167e+01   1.1383007e+02   1.5554727e+02  -8.2779535e-01   3.8643470e-02   5.5969773e-01
   4.0563523e+01   1.1387510e+02   1.5562456e+02  -8.2779256e-01   3.8648112e-02   5.5970153e-01
   4.0713375e+01   1.1386439e+02   1.5584693e+02  -8.2779308e-01   3.8650528e-02   5.5970059e-01
   4.0753340e+01   1.1383908e+02   1.5592386e+02  -9.4378174e-01   6.1014307e-02   3.2488964e-01
   4.0787723e+01   1.1385992e+02   1.5601982e+02  -9.4377128e-01   6.1031154e-02   3.2491687e-01
   4.0867374e+01   1.1378365e+02   1.5626551e+02  -9.4377127e-01   6.1034401e-02   3.2491628e-01
   4.0881314e+01   1.1373807e+02   1.5634207e+02  -9.8614791e-01   1.4547056e-01   7.9690725e-02
   4.0889222e+01   1.1373522e+02   1.5644515e+02  -9.8615292e-01   1.4545877e-01   7.9650244e-02
   4.0888520e+01   1.1360178e+02   1.5668015e+02  -9.8615291e-01   1.4545884e-01   7.9650248e-02
   4.0875767e+01   1.1354075e+02   1.5674514e+02  -9.4918051e-01   2.8050053e-01  -1.4274387e-01
   4.0854268e+01   1.1351783e+02   1.5684304e+02  -9.4917790e-01   2.8049922e-01  -1.4276379e-01
   4.0773931e+01   1.1334345e+02   1.5703456e+02  -9.4917866e-01   2.8049613e-01  -1.4276484e-01
   4.0737498e+01   1.1327390e+02   1.5707840e+02  -8.3785656e-01   4.4783348e-01  -3.1215631e-01
   4.0687570e+01   1.1323714e+02   1.5715967e+02  -8.3786006e-01   4.4783252e-01  -3.1214829e-01
   4.0539157e+01   1.1304376e+02   1.5728061e+02  -8.3786128e-01   4.4782807e-01  -3.1215141e-01
   4.0485305e+01   1.1297372e+02   1.5729663e+02  -6.6733615e-01   6.2469995e-01  -4.0547802e-01
   4.0411647e+01   1.1293110e+02   1.5735220e+02  -6.6734358e-01   6.2469743e-01  -4.0546968e-01
   4.0216890e+01   1.1274329e+02   1.5738445e+02  -6.6832582e-01   6.1974956e-01  -4.1140136e-01
   4.8005512e+01   1.0226174e+02   1.5238765e+02  -1.6298678e-01   3.1931414e-01  -9.3352761e-01
   4.0389267e+01   1.1170664e+02   1.5691990e+02   7.5607369e-02   4.7764379e-01  -8.7529420e-01
   4.7678948e+01   1.0217910e+02   1.5233156e+02   1.3686962e-01   5.1342491e-01  -8.4714908e-01
   4.0216562e+01   1.1149540e+02   1.5672511e+02   2.8474336e-01   5.8275142e-01  -7.6113205e-01
   4.7484199e+01   1.0197856e+02   1.5213112e+02   4.1934576e-01   6.3676943e-01  -6.4705009e-01
   3.9913146e+01   1.1141306e+02   1.5645753e+02   5.3149693e-01   6.6511133e-01  -5.2453592e-01
   4.7327611e+01   1.0193036e+02   1.5198133e+02   4.2230143e-01   6.3296651e-01  -6.4885660e-01
   4.7195584e+01   1.0190845e+02   1.5181316e+02   6.4510811e-01   6.7424019e-01  -3.5949366e-01
   3.9768174e+01   1.1323455e+02   1.5506050e+02   2.3895518e-01  -2.6321030e-01   9.3467682e-01
   4.7796879e+01   1.0314628e+02   1.5019927e+02   1.2348692e-02  -4.2244517e-01   9.0630436e-01
   3.9881156e+01   1.1344251e+02   1.5511198e+02  -6.2007450e-02  -4.6900529e-01   8.8101596e-01
   4.7976629e+01   1.0326155e+02   1.5025063e+02   1.2786458e-02  -4.2296669e-01   9.0605501e-01
   4.0123961e+01   1.1346997e+02   1.5514342e+02  -6.1186738e-02  -4.7006343e-01   8.8050926e-01
   4.8152445e+01   1.0335682e+02   1.5033649e+02  -2.8444287e-01  -5.8308301e-01   7.6099045e-01
   4.0237296e+01   1.1364507e+02   1.5526766e+02  -3.5375028e-01  -6.1211250e-01   7.0723336e-01
   4.8321246e+01   1.0343049e+02   1.5045614e+02  -2.8405234e-01  -5.8363019e-01   7.6071681e-01
   4.0463606e+01   1.1362673e+02   1.5536464e+02  -3.5291240e-01  -6.1317938e-01   7.0672759e-01
   4.8474436e+01   1.0347910e+02   1.5060290e+02  -5.4298409e-01  -6.6490372e-01   5.1290479e-01
   4.0553600e+01   1.1375612e+02   1.5555004e+02  -5.9749445e-01  -6.7206345e-01   4.3741410e-01
   4.8609296e+01   1.0350145e+02   1.5077479e+02  -5.4254718e-01  -6.6543614e-01   5.1267661e-01
   4.0741169e+01   1.1368353e+02   1.5569418e+02  -5.9665427e-01  -6.7314560e-01   4.3689666e-01
   4.8719163e+01   1.0349683e+02   1.5096261e+02  -7.2823914e-01  -6.5680554e-01   1.9563802e-01
   4.0787174e+01   1.1376067e+02   1.5592095e+02  -7.6012948e-01  -6.4070235e-01   1.0818350e-01
   4.8801867e+01   1.0346485e+02   1.5116353e+02  -7.2782374e-01  -6.5734176e-01   1.9538275e-01
   4.0919106e+01   1.1363264e+02   1.5608738e+02  -7.5927182e-01  -6.4180214e-01   1.0768620e-01
   4.8853565e+01   1.0340761e+02   1.5136706e+02  -8.1523747e-01  -5.5989221e-01  -1.4801547e-01
   4.0906322e+01   1.1365817e+02   1.5633019e+02  -8.1954697e-01  -5.2231115e-01  -2.3565618e-01
   4.8872952e+01   1.0332563e+02   1.5156987e+02  -8.1482216e-01  -5.6043100e-01  -1.4826304e-01
   4.0973380e+01   1.1348088e+02   1.5649095e+02  -8.1868874e-01  -5.2340897e-01  -2.3620288e-01
   4.8859505e+01   1.0322350e+02   1.5176161e+02  -7.9221799e-01  -3.8725336e-01  -4.7162006e-01
   4.0894845e+01   1.1346252e+02   1.5672236e+02  -7.6770210e-01  -3.3292810e-01  -5.4753299e-01
   4.8812956e+01   1.0310259e+02   1.5193891e+02  -7.9180374e-01  -3.8778834e-01  -4.7187609e-01
   4.0896689e+01   1.1324875e+02   1.5685022e+02  -7.6684049e-01  -3.3405789e-01  -5.4805200e-01
   4.8736163e+01   1.0296937e+02   1.5209297e+02  -6.6228572e-01  -1.6219219e-01  -7.3148569e-01
   4.0754227e+01   1.1320028e+02   1.5704439e+02  -6.1161911e-01  -9.8289090e-02  -7.8502313e-01
   4.8629976e+01   1.0282586e+02   1.5222083e+02  -6.6187741e-01  -1.6273390e-01  -7.3173491e-01
   4.0699469e+01   1.1296764e+02   1.5711651e+02  -6.1075807e-01  -9.9438340e-02  -7.8554859e-01
   4.8500207e+01   1.0267953e+02   1.5231640e+02  -4.4303935e-01   8.4837802e-02  -8.9247895e-01
   4.0503450e+01   1.1290703e+02   1.5725266e+02  -3.7252187e-01   1.4971505e-01  -9.1586727e-01
   4.8348727e+01   1.0253281e+02   1.5237756e+02  -4.4259047e-01   8.4338382e-02  -8.9274897e-01
   4.0408918e+01   1.1267538e+02   1.5725353e+02  -3.7166996e-01   1.4854298e-01  -9.1640407e-01
   4.8183509e+01   1.0239313e+02   1.5240172e+02  -1.6397231e-01   3.2058499e-01  -9.3291926e-01
   4.0574380e+01   1.1189429e+02   1.5699197e+02  -1.1232987e-01   3.5727183e-01  -9.2722103e-01
   4.0079945e+01   1.1249171e+02   1.5728318e+02  -1.1876896e-01   3.5557594e-01  -9.2707049e-01
   3.9147197e+01   1.1216547e+02   1.5668935e+02   7.9755278e-01   4.7845047e-01   3.6741625e-01
   3.9664294e+01   1.1153844e+02   1.5635195e+02   7.1111730e-01   6.6376163e-01  -2.3180312e-01
   3.9163758e+01   1.1210382e+02   1.5645271e+02   7.0069301e-01   6.6653312e-01  -2.5448558e-01
   4.7084093e+01   1.0191359e+02   1.5162177e+02   6.4692934e-01   6.7190590e-01  -3.6058965e-01
   3.9026548e+01   1.1221368e+02   1.5628693e+02   8.0097623e-01   5.9594437e-01   5.7335745e-02
   4.7002897e+01   1.0194515e+02   1.5142419e+02   7.8428162e-01   6.1995143e-01  -2.3718378e-02
   3.9047773e+01   1.1220801e+02   1.5604565e+02   8.0175355e-01   5.9494301e-01   5.6868761e-02
   4.6950686e+01   1.0200363e+02   1.5121724e+02   7.8541995e-01   6.1848130e-01  -2.4421097e-02
   3.8969266e+01   1.1236487e+02   1.5587971e+02   8.0747941e-01   4.4111634e-01   3.9165465e-01
   4.6931765e+01   1.0208433e+02   1.5101785e+02   8.1681682e-01   4.8285238e-01   3.1569584e-01
   3.9057585e+01   1.1240094e+02   1.5565644e+02   8.0826015e-01   4.4009252e-01   3.9119574e-01
   4.6945816e+01   1.0218840e+02   1.5082303e+02   8.1797279e-01   4.8135816e-01   3.1498387e-01
   3.9044070e+01   1.1259763e+02   1.5551606e+02   7.0418106e-01   2.2651887e-01   6.7291770e-01
   4.6983959e+01   1.0230485e+02   1.5064273e+02   7.6930457e-01   3.3481582e-01   5.4412209e-01
   3.9195312e+01   1.1266016e+02   1.5533607e+02   7.0580600e-01   2.2442733e-01   6.7191537e-01
   4.7062383e+01   1.0244044e+02   1.5048637e+02   7.0401113e-01   2.2186052e-01   6.7464527e-01
   3.9240803e+01   1.1288052e+02   1.5524531e+02   5.0512286e-01  -1.8652465e-02   8.6284586e-01
   4.7174656e+01   1.0258406e+02   1.5036683e+02   5.6135722e-01   4.0419220e-02   8.2658596e-01
   3.9442842e+01   1.1295068e+02   1.5512829e+02   5.0591766e-01  -1.9695087e-02   8.6235690e-01
   4.7306858e+01   1.0273286e+02   1.5027004e+02   5.6258495e-01   3.8917319e-02   8.2582299e-01
   3.9532787e+01   1.1317528e+02   1.5510416e+02   2.3738466e-01  -2.6107681e-01   9.3567485e-01
   4.7477363e+01   1.0302666e+02   1.5023595e+02   3.0787855e-01  -2.0514057e-01   9.2904690e-01
   4.8724011e+01   1.0304371e+02   1.5086394e+02  -8.7180108e-01   8.7155303e-02   4.8204442e-01
   4.8546735e+01   1.0330941e+02   1.5058066e+02  -7.8806714e-01   2.7707655e-02   6.1496542e-01
   4.8656552e+01   1.0333051e+02   1.5072043e+02  -7.8804081e-01   2.7707407e-02   6.1499917e-01
   4.7703057e+01   1.0277459e+02   1.5020926e+02  -1.5113499e-01   3.3962005e-01   9.2834069e-01
   4.7287556e+01   1.0244027e+02   1.5037125e+02  -1.6083458e-02   5.5588340e-01   8.3110466e-01
   4.7592177e+01   1.0241396e+02   1.5039980e+02  -3.8092662e-02   5.4654556e-01   8.3656255e-01
   4.7460992e+01   1.0263728e+02   1.5024532e+02  -3.5502962e-02   5.6761517e-01   8.2252815e-01
   4.7136398e+01   1.0221531e+02   1.5059319e+02   1.4576029e-01   7.5773070e-01   6.3608028e-01
   4.7201893e+01   1.0232159e+02   1.5047002e+02   1.1382337e-01   6.7109931e-01   7.3257761e-01
   4.7078785e+01   1.0198567e+02   1.5097591e+02   1.9990997e-01   8.5852606e-01   4.7219594e-01
   4.7083136e+01   1.0206793e+02   1.5082451e+02   1.9990210e-01   8.5851504e-01   4.7221931e-01
   4.7344321e+01   1.0207457e+02   1.5073866e+02   1.2586625e-01   8.2338277e-01   5.5335206e-01
   4.7148620e+01   1.0185222e+02   1.5136969e+02   1.8216459e-01   9.5744290e-01   2.2387306e-01
   4.7099466e+01   1.0189876e+02   1.5121065e+02   1.8216459e-01   9.5744290e-01   2.2387306e-01
   4.7329025e+01   1.0188759e+02   1.5110328e+02   1.5566273e-01   9.4831661e-01   2.7652254e-01
   4.7338355e+01   1.0182199e+02   1.5174605e+02   6.6870309e-02   9.9766876e-01  -1.3616128e-02
   4.7456680e+01   1.0181121e+02   1.5152658e+02   6.7035396e-02   9.9767377e-01  -1.2381455e-02
   4.7209915e+01   1.0182767e+02   1.5152452e+02   6.6041069e-02   9.9773104e-01  -1.3090361e-02
   4.7555805e+01   1.0187795e+02   1.5200014e+02  -8.7581939e-02   9.7200206e-01  -2.1803990e-01
   4.7781100e+01   1.0191071e+02   1.5194889e+02  -2.3551177e-01   9.4770986e-01  -2.1536067e-01
   4.7440199e+01   1.0183891e+02   1.5187566e+02  -9.5155098e-02   9.7062934e-01  -2.2096197e-01
   4.7910742e+01   1.0201918e+02   1.5217497e+02  -2.8872258e-01   8.7544939e-01  -3.8759210e-01
   4.8283620e+01   1.0229832e+02   1.5229198e+02  -5.1756291e-01   7.4544757e-01  -4.2004352e-01
   4.8218361e+01   1.0216744e+02   1.5213670e+02  -5.1027013e-01   7.5356751e-01  -4.1443987e-01
   4.8065411e+01   1.0213818e+02   1.5227431e+02  -5.2114373e-01   7.4912504e-01  -4.0892652e-01
   4.8587985e+01   1.0257727e+02   1.5220370e+02  -7.1504097e-01   5.6799514e-01  -4.0755114e-01
   4.8468642e+01   1.0246966e+02   1.5226311e+02  -7.1504336e-01   5.6799153e-01  -4.0755199e-01
   4.8447700e+01   1.0235346e+02   1.5212892e+02  -7.0260866e-01   5.9564029e-01  -3.8929901e-01
   4.8679642e+01   1.0268030e+02   1.5213589e+02  -8.7480794e-01   3.8553124e-01  -2.9338836e-01
   4.8761848e+01   1.0279944e+02   1.5204734e+02  -8.7480090e-01   3.8553573e-01  -2.9340346e-01
   4.8764670e+01   1.0266674e+02   1.5185679e+02  -8.7949360e-01   3.8714723e-01  -2.7678157e-01
   4.8865218e+01   1.0282824e+02   1.5151512e+02  -9.7390117e-01   2.2251817e-01  -4.4745743e-02
   4.8902006e+01   1.0305069e+02   1.5171434e+02  -9.6964898e-01   2.2171165e-01  -1.0307662e-01
   4.8863512e+01   1.0294720e+02   1.5185386e+02  -9.6964898e-01   2.2171165e-01  -1.0307662e-01
   4.8901700e+01   1.0325220e+02   1.5128306e+02  -9.8460638e-01   1.0750494e-01   1.3781499e-01
   4.8868378e+01   1.0294939e+02   1.5127020e+02  -9.8407750e-01   9.7884223e-02   1.4835819e-01
   4.8923012e+01   1.0316364e+02   1.5149935e+02  -9.8576631e-01   1.0021508e-01   1.3498782e-01
   4.8794514e+01   1.0332971e+02   1.5096049e+02  -9.2281045e-01   2.6561236e-02   3.8433759e-01
   4.8860394e+01   1.0329648e+02   1.5112096e+02  -9.2280619e-01   2.6562805e-02   3.8434770e-01
   4.7869817e+01   1.0297749e+02   1.5018784e+02  -4.0045026e-01   2.2744566e-01   8.8764186e-01
   4.8083221e+01   1.0277195e+02   1.5033320e+02  -3.8023926e-01   2.2954509e-01   8.9595042e-01
   4.8459234e+01   1.0294019e+02   1.5053492e+02  -6.3643463e-01   1.1163997e-01   7.6320867e-01
   4.8366724e+01   1.0325618e+02   1.5041631e+02  -6.0415357e-01   1.0123509e-01   7.9041124e-01
   4.8228536e+01   1.0318903e+02   1.5031929e+02  -6.0410556e-01   1.0124005e-01   7.9044729e-01
   4.8084111e+01   1.0311095e+02   1.5024855e+02  -3.9263691e-01   2.1648928e-01   8.9385046e-01
   4.8854018e+01   1.0259372e+02   1.5156557e+02  -7.9527410e-01  -4.1476955e-01  -4.4215984e-01
   4.8820490e+01   1.0252373e+02   1.5165736e+02  -7.0856347e-01  -2.8517024e-01  -6.4545778e-01
   4.8465485e+01   1.0206531e+02   1.5185014e+02  -3.0555959e-01   1.1379986e-01  -9.4534805e-01
   4.8731579e+01   1.0236109e+02   1.5174165e+02  -7.5060432e-01   3.2838831e-01  -5.7337097e-01
   4.8379284e+01   1.0196266e+02   1.5183460e+02  -8.9528695e-02   4.9834595e-01  -8.6234328e-01
   4.8084581e+01   1.0177429e+02   1.5171619e+02   3.1386607e-01   2.4976580e-01  -9.1602682e-01
   4.7955288e+01   1.0169864e+02   1.5159170e+02   3.1671040e-01   8.5345786e-01  -4.1388913e-01
   4.7716280e+01   1.0165213e+02   1.5124883e+02   6.4508601e-01   6.2003831e-01  -4.4656078e-01
   4.7687513e+01   1.0164779e+02   1.5112428e+02   7.4902886e-01   6.5702597e-01   8.5279735e-02
   4.7659112e+01   1.0177064e+02   1.5078159e+02   9.4982621e-01   2.9470614e-01   1.0477818e-01
   4.7705887e+01   1.0185600e+02   1.5060328e+02   5.3258390e-01   5.1413026e-01   6.7232764e-01
   4.7873483e+01   1.0208482e+02   1.5035109e+02   7.5342596e-01  -2.0075266e-03   6.5752969e-01
   4.7983461e+01   1.0216694e+02   1.5028711e+02   2.2712367e-01  -3.9680485e-02   9.7305719e-01
   4.8307951e+01   1.0241068e+02   1.5025258e+02   3.3372194e-01  -4.5207441e-01   8.2719913e-01
   4.8452775e+01   1.0247361e+02   1.5028208e+02  -3.2940287e-01  -3.5102706e-01   8.7651227e-01
   4.8766397e+01   1.0258590e+02   1.5048993e+02  -2.0918396e-01  -7.9705199e-01   5.6652466e-01
   4.8902206e+01   1.0259112e+02   1.5062645e+02  -7.6736761e-01  -4.6334064e-01   4.4324079e-01
   4.9058106e+01   1.0254342e+02   1.5094020e+02  -5.4377979e-01  -8.3918364e-01   8.6229655e-03
   4.9096601e+01   1.0245728e+02   1.5111076e+02  -9.6047450e-01  -2.0665849e-01  -1.8649665e-01
   4.9030127e+01   1.0217843e+02   1.5150992e+02  -5.9198720e-01  -5.4634272e-01  -5.9250382e-01
   4.8375110e+01   1.0150115e+02   1.5160123e+02  -1.5599984e-01   8.1582310e-01  -5.5686328e-01
   4.8601178e+01   1.0168550e+02   1.5167860e+02   9.8186823e-02  -8.6126582e-02  -9.9143409e-01
   4.8948953e+01   1.0203258e+02   1.5161260e+02  -6.8289891e-01   3.6477675e-01  -6.3291943e-01
   4.8100476e+01   1.0137556e+02   1.5135895e+02   7.3721651e-01   2.0644245e-01  -6.4334542e-01
   4.7962339e+01   1.0135700e+02   1.5108872e+02   4.3910468e-01   8.9805645e-01  -2.6109284e-02
   4.7869314e+01   1.0143272e+02   1.5074535e+02   8.5069795e-01   5.2555609e-01   1.0188024e-02
   4.7890130e+01   1.0146832e+02   1.5061890e+02   7.2888155e-01   4.4732791e-01   5.1829472e-01
   4.8016026e+01   1.0169187e+02   1.5030629e+02   8.6979184e-01   7.1261518e-02   4.8824578e-01
   4.8126581e+01   1.0179364e+02   1.5020689e+02   2.3267859e-01   1.4488120e-01   9.6170167e-01
   4.8596174e+01   1.0215163e+02   1.5013085e+02  -3.5880656e-01  -4.0859037e-01   8.3923284e-01
   4.8488991e+01   1.0209161e+02   1.5010895e+02   4.1412508e-01  -3.6367661e-01   8.3440982e-01
   4.8847297e+01   1.0286446e+02   1.5109457e+02  -9.8214088e-01  -1.8683239e-01   2.2202298e-02
   4.8870829e+01   1.0272165e+02   1.5130978e+02  -9.9596865e-01  -8.3871155e-02   3.1813279e-02
   4.8801220e+01   1.0286520e+02   1.5094202e+02  -4.3183156e-01  -8.2632779e-01   3.6152993e-01
   4.9014039e+01   1.0154299e+02   1.5163573e+02   2.1869645e-01  -4.1779578e-01  -8.8182682e-01
   4.9412035e+01   1.0197485e+02   1.5131726e+02  -1.8755458e-01  -6.9418039e-01  -6.9493659e-01
   4.9259771e+01   1.0182616e+02   1.5146993e+02   3.2966510e-02  -6.5849321e-01  -7.5186429e-01
   4.9171104e+01   1.0164298e+02   1.5160268e+02  -1.3017724e-02  -4.9870911e-01  -8.6667166e-01
   4.8839343e+01   1.0134116e+02   1.5167438e+02   1.9454979e-01  -2.7488389e-01  -9.4158867e-01
   4.8485136e+01   1.0111405e+02   1.5154221e+02   4.8439034e-01  -1.7962686e-01  -8.5621270e-01
   4.8700691e+01   1.0128707e+02   1.5163402e+02   4.8194039e-01  -1.1300665e-01  -8.6888605e-01
   4.8363146e+01   1.0107216e+02   1.5145444e+02   6.8535769e-01   7.5181462e-02  -7.2431526e-01
   4.8175618e+01   1.0101978e+02   1.5123499e+02   8.1724533e-01  -2.0612361e-01  -5.3816645e-01
   4.9219603e+01   1.0229904e+02   1.5052403e+02  -1.0714117e-02  -9.9985592e-01   1.3165906e-02
   4.9167206e+01   1.0228512e+02   1.5029609e+02  -3.4326408e-02  -9.9253891e-01   1.1699661e-01
   4.8762337e+01   1.0215371e+02   1.5007580e+02   3.9169892e-01  -9.0021097e-01   1.9024236e-01
   4.9011987e+01   1.0224716e+02   1.5015382e+02   1.4525969e-01  -9.4899229e-01   2.7984505e-01
   4.9459548e+01   1.0207809e+02   1.5115986e+02  -1.7717280e-01  -8.7933547e-01  -4.4201688e-01
   4.9372466e+01   1.0220204e+02   1.5090287e+02  -4.9955911e-02  -9.2565853e-01  -3.7504759e-01
   4.9381622e+01   1.0227499e+02   1.5065098e+02  -1.7349975e-01  -9.7292949e-01  -1.5266319e-01
   4.9739677e+01   9.9645178e+01   1.5090914e+02   1.0953060e-01   4.9722078e-01  -8.6068260e-01
   4.8440547e+01   1.0085002e+02   1.5135039e+02   4.3343268e-01   6.3242397e-01  -6.4200937e-01
   4.9447870e+01   9.9484056e+01   1.5067230e+02   4.6055238e-01   6.4752364e-01  -6.0712819e-01
   4.8184444e+01   1.0082960e+02   1.5103582e+02   6.7601387e-01   6.7046243e-01  -3.0575378e-01
   4.9214155e+01   9.9479609e+01   1.5035249e+02   6.7584111e-01   6.7042573e-01  -3.0621582e-01
   4.8039178e+01   1.0091980e+02   1.5065902e+02   8.0585710e-01   5.8671882e-01   7.9720479e-02
   4.9091886e+01   9.9567530e+01   1.4997012e+02   8.0585930e-01   5.8670834e-01   7.9775327e-02
   4.8046461e+01   1.0109236e+02   1.5028678e+02   7.9661355e-01   4.0158913e-01   4.5181084e-01
   4.9107777e+01   9.9754635e+01   1.4960462e+02   7.9656089e-01   4.0151895e-01   4.5196602e-01
   4.8190266e+01   1.0133607e+02   1.4998839e+02   6.4957819e-01   1.4691021e-01   7.4596619e-01
   4.9259194e+01   1.0000849e+02   1.4931905e+02   6.4953106e-01   1.4687021e-01   7.4601511e-01
   4.8424208e+01   1.0163003e+02   1.4982875e+02   3.9031079e-01  -1.3306109e-01   9.1101714e-01
   4.9518938e+01   1.0028523e+02   1.4916334e+02   3.9021575e-01  -1.3312137e-01   9.1104905e-01
   4.8740578e+01   1.0190030e+02   1.4981864e+02   6.3647288e-02  -3.9006059e-01   9.1858683e-01
   4.9844211e+01   1.0053695e+02   1.4916331e+02   6.3399852e-02  -3.9017026e-01   9.1855736e-01
   4.9098696e+01   1.0206012e+02   1.4994668e+02  -2.7429800e-01  -5.7970222e-01   7.6727175e-01
   5.0177482e+01   1.0072004e+02   1.4931988e+02  -2.7434139e-01  -5.7971212e-01   7.6724876e-01
   4.9399021e+01   1.0213858e+02   1.5021414e+02  -5.6465950e-01  -6.6902910e-01   4.8328017e-01
   5.0460773e+01   1.0080297e+02   1.4960574e+02  -5.6467590e-01  -6.6902760e-01   4.8326308e-01
   4.9595556e+01   1.0211729e+02   1.5057424e+02  -7.5736175e-01  -6.4265926e-01   1.1572493e-01
   5.0645526e+01   1.0077136e+02   1.4997138e+02  -7.5736175e-01  -6.4265926e-01   1.1572493e-01
   4.9663227e+01   1.0198633e+02   1.5095778e+02  -8.1909404e-01  -5.0516856e-01  -2.7182656e-01
   5.0699829e+01   1.0063066e+02   1.5035359e+02  -8.1909404e-01  -5.0516856e-01  -2.7182656e-01
   4.9590907e+01   1.0176753e+02   1.5129797e+02  -7.3920178e-01  -2.8033849e-01  -6.1236513e-01
   5.0614288e+01   1.0040520e+02   1.5068628e+02  -7.3919636e-01  -2.8032171e-01  -6.1237936e-01
   4.9391091e+01   1.0149874e+02   1.5153599e+02  -5.3148855e-01  -7.0147318e-03  -8.4703643e-01
   5.0403695e+01   1.0013397e+02   1.5091192e+02  -5.3148607e-01  -7.0107964e-03  -8.4703802e-01
   4.9098338e+01   1.0122643e+02   1.5163069e+02  -2.3187505e-01   2.6751316e-01  -9.3523830e-01
   5.0104465e+01   9.9863867e+01   1.5099150e+02  -2.3189945e-01   2.6748574e-01  -9.3524009e-01
   4.8763261e+01   1.0099767e+02   1.5156568e+02   1.0783250e-01   4.9577716e-01  -8.6172917e-01
   3.9957432e+01   1.1153480e+02   1.5765858e+02  -7.3919941e-01  -2.8032873e-01  -6.1237246e-01
   3.9921602e+01   1.1211305e+02   1.5743712e+02  -7.3919779e-01  -2.8033588e-01  -6.1237115e-01
   3.9221863e+01   1.1123089e+02   1.5705263e+02   7.3919779e-01   2.8033082e-01   6.1237346e-01
   3.9136420e+01   1.1187090e+02   1.5686277e+02   7.3919274e-01   2.8032557e-01   6.1238197e-01
   3.8849268e+01   1.1156714e+02   1.5734845e+02   7.3918331e-01   2.8038627e-01   6.1236555e-01
   3.9718320e+01   1.1145031e+02   1.5662486e+02  -5.7321799e-01   7.3920008e-01   3.5355957e-01
   3.9308404e+01   1.1087840e+02   1.5715600e+02  -5.7323923e-01   7.3919861e-01   3.5352821e-01
   3.9614683e+01   1.1108211e+02   1.5722666e+02  -5.7322114e-01   7.3920065e-01   3.5355328e-01
   4.0033004e+01   1.1154739e+02   1.5693209e+02  -5.7323361e-01   7.3919411e-01   3.5354675e-01
   3.9939616e+01   1.1116964e+02   1.5757047e+02  -5.7322832e-01   7.3919552e-01   3.5355237e-01
   4.0310246e+01   1.1172301e+02   1.5701443e+02  -5.7322177e-01   7.3919865e-01   3.5355644e-01
   4.8413593e+01   1.0222928e+02   1.5206268e+02   3.4997408e-02  -3.3171446e-01  -9.4273045e-01
   4.8287100e+01   1.0210605e+02   1.5207057e+02   5.0415710e-01  -4.6241501e-01  -7.2938192e-01
   4.7845353e+01   1.0182520e+02   1.5184792e+02   6.8662864e-01  -4.2504869e-01  -5.8980906e-01
   4.7646212e+01   1.0175672e+02   1.5161743e+02   8.0570076e-01   2.4656125e-01  -5.3856646e-01
   4.7472444e+01   1.0176088e+02   1.5131751e+02   8.6937450e-01  -2.3109397e-01  -4.3678777e-01
   4.7468514e+01   1.0201712e+02   1.5064155e+02   8.5815436e-01  -5.0996972e-01  -5.9177523e-02
   4.7422149e+01   1.0177761e+02   1.5116227e+02   8.7536073e-01  -4.1434126e-01  -2.4912830e-01
   4.7409601e+01   1.0184875e+02   1.5092476e+02   9.6398588e-01  -2.6270496e-01  -4.1440533e-02
   4.7540700e+01   1.0211615e+02   1.5048203e+02   8.3102637e-01  -5.1666460e-01   2.0604091e-01
   4.7768859e+01   1.0235653e+02   1.5031750e+02   6.9929588e-01  -7.1223844e-01   6.0841389e-02
   4.7960997e+01   1.0250717e+02   1.5022881e+02   5.8184397e-01  -7.6957155e-01   2.6309166e-01
   4.8154357e+01   1.0264560e+02   1.5028469e+02   4.9270282e-01  -8.6316604e-01   1.1040075e-01
   4.8375125e+01   1.0275030e+02   1.5032963e+02   2.9687511e-01  -9.3406286e-01   1.9847353e-01
   4.8579669e+01   1.0284117e+02   1.5052688e+02   3.0135564e-01  -9.5244690e-01   4.5052020e-02
   4.8720276e+01   1.0286326e+02   1.5065580e+02   9.2667801e-02  -9.8522182e-01  -1.4405081e-01
   4.8930429e+01   1.0283609e+02   1.5088050e+02  -6.6820432e-02  -9.8977126e-01  -1.2604714e-01
   4.8995489e+01   1.0273772e+02   1.5116200e+02   1.8226250e-01  -8.5952690e-01  -4.7748706e-01
   4.9030737e+01   1.0251594e+02   1.5154440e+02   4.3233525e-02  -8.3839661e-01  -5.4334334e-01
   4.8964985e+01   1.0239297e+02   1.5166675e+02   1.4619104e-01  -5.9439246e-01  -7.9077543e-01
   4.8650471e+01   1.0203499e+02   1.5185035e+02   3.3278192e-01  -6.0895130e-01  -7.2002396e-01
   4.8221639e+01   1.0168129e+02   1.5179389e+02   5.5712563e-01  -4.3353839e-01  -7.0827643e-01
   4.8086405e+01   1.0156608e+02   1.5171331e+02   7.7494713e-01  -2.3337225e-01  -5.8736219e-01
   4.7805524e+01   1.0150295e+02   1.5134083e+02   7.9336210e-01  -3.4473200e-01  -5.0173342e-01
   4.7655060e+01   1.0159204e+02   1.5081386e+02   8.8849950e-01  -4.0484924e-01  -2.1602252e-01
   4.7706660e+01   1.0147772e+02   1.5114569e+02   9.3970084e-01  -2.0016507e-01  -2.7730177e-01
   4.7681045e+01   1.0166909e+02   1.5065437e+02   8.7891640e-01  -4.6216079e-01   1.1795494e-01
   4.7845967e+01   1.0190974e+02   1.5025922e+02   8.5399274e-01  -5.2004478e-01   1.5806080e-02
   4.7973025e+01   1.0204963e+02   1.5019786e+02   6.1464265e-01  -7.6137963e-01   2.0619281e-01
   4.8630187e+01   1.0247007e+02   1.5021642e+02   3.5971552e-01  -9.3276466e-01  -2.3555152e-02
   4.8379773e+01   1.0232932e+02   1.5013470e+02   4.9867056e-01  -7.1436001e-01   4.9093527e-01
   4.9000461e+01   1.0255628e+02   1.5052788e+02   1.7181240e-01  -9.6556543e-01  -1.9535581e-01
   4.8889621e+01   1.0255088e+02   1.5034852e+02   2.1396686e-01  -9.7625935e-01   3.3702607e-02
   4.9214214e+01   1.0252845e+02   1.5080724e+02   7.7742415e-02  -9.7814907e-01  -1.9282248e-01
   4.9260029e+01   1.0246460e+02   1.5098457e+02   1.7194988e-02  -8.7290291e-01  -4.8759085e-01
   4.9211273e+01   1.0220644e+02   1.5140365e+02   1.8417836e-01  -8.2712374e-01  -5.3098460e-01
   4.9160750e+01   1.0205623e+02   1.5155135e+02   1.0418175e-01  -5.4243976e-01  -8.3360979e-01
   4.8819719e+01   1.0167715e+02   1.5172023e+02   3.5209303e-01  -5.8124257e-01  -7.3361269e-01
   4.8679272e+01   1.0151995e+02   1.5173790e+02   4.7575168e-01  -2.9262282e-01  -8.2947708e-01
   4.8367900e+01   1.0133329e+02   1.5158043e+02   6.5527618e-01  -4.2237034e-01  -6.2627185e-01
   4.7892622e+01   1.0128917e+02   1.5064796e+02   9.8525505e-01  -1.6001093e-01  -6.0572156e-02
   4.7958385e+01   1.0120994e+02   1.5103441e+02   8.3391912e-01  -4.4867669e-01  -3.2135358e-01
   4.7946813e+01   1.0145811e+02   1.5034475e+02   8.4113044e-01  -5.3923550e-01  -4.1529128e-02
   4.8432766e+01   1.0194631e+02   1.5000557e+02   6.6920610e-01  -7.3774807e-01   8.8831192e-02
   4.8588462e+01   1.0204621e+02   1.4996135e+02   4.1969065e-01  -8.6846724e-01   2.6386436e-01
   4.8522768e+01   1.0187474e+02   1.5189037e+02   4.4696879e-01  -3.7206896e-01  -8.1350082e-01
   4.8711831e+01   1.0249314e+02   1.5182865e+02  -9.1644600e-01   1.3499806e-01  -3.7669916e-01
   4.8630367e+01   1.0241536e+02   1.5193000e+02  -7.7289799e-01   4.6292447e-01  -4.3396962e-01
   4.9114823e+01   1.0261274e+02   1.5123396e+02  -9.3799207e-01   3.2333629e-01   1.2499810e-01
   4.7506611e+01   1.0188574e+02   1.5067139e+02   3.3572098e-02   9.1021159e-01   4.1278055e-01
   4.7802415e+01   1.0173331e+02   1.5167604e+02  -1.1936153e-01   9.9248049e-01  -2.7116346e-02
   4.8094013e+01   1.0196060e+02   1.5200905e+02   4.7021140e-01  -1.0586181e-01  -8.7618178e-01
   4.7561981e+01   1.0198709e+02   1.5051771e+02  -8.9926292e-02   7.4658534e-01   6.5918403e-01
   4.8197219e+01   1.0165388e+02   1.4997535e+02   7.6633219e-01  -5.3694474e-01   3.5273973e-01
   4.8303480e+01   1.0116400e+02   1.5148987e+02  -6.3881687e-02   9.8173534e-01  -1.7920618e-01
   4.8694805e+01   1.0140257e+02   1.5170471e+02  -4.6326319e-01   8.0063932e-01  -3.7995249e-01
   4.8481281e+01   1.0225599e+02   1.5009598e+02  -1.9134756e-01   2.9463342e-01   9.3625705e-01
   4.9056492e+01   1.0175022e+02   1.5164197e+02  -8.1932246e-01   4.6973173e-01  -3.2872909e-01
   4.8062782e+01   1.0159324e+02   1.5017276e+02   7.6611256e-01  -5.3134466e-01   3.6158596e-01
   4.8131551e+01   1.0120665e+02   1.5136663e+02   7.8646196e-01   1.8130496e-03  -6.1763606e-01
   4.7923313e+01   1.0132843e+02   1.5023674e+02   3.3837943e-01   7.4989822e-01   5.6846462e-01
   4.8924447e+01   1.0215297e+02   1.5174358e+02  -8.3346732e-01   4.1864572e-01  -3.6064941e-01
   4.7965182e+01   1.0138779e+02   1.5016070e+02   4.5397774e-01   3.6561621e-01   8.1254477e-01
   4.7888905e+01   1.0118475e+02   1.5053372e+02   9.8279846e-01   1.7355887e-01   6.3122976e-02
   4.7918386e+01   1.0104098e+02   1.5089945e+02   7.1271833e-01   6.8997225e-01   1.2637594e-01
   4.7963982e+01   1.0104433e+02   1.5103143e+02   6.9382030e-02   9.4372476e-01  -3.2337240e-01
   4.8439731e+01   1.0122506e+02   1.5158798e+02  -4.7441933e-01   8.6995909e-01  -1.3452687e-01
   4.9270034e+01   1.0203518e+02   1.5141431e+02  -8.4366581e-01   5.3684775e-01  -4.7428952e-03
   4.8879494e+01   1.0154877e+02   1.5170020e+02  -6.9616427e-01   7.0701576e-01  -1.2443484e-01
   4.9304159e+01   1.0238007e+02   1.5091367e+02  -8.8826246e-01   3.9991007e-01   2.2596844e-01
   4.9302250e+01   1.0214129e+02   1.5125985e+02  -9.5569260e-01   2.0608902e-01   2.1018792e-01
   4.9193895e+01   1.0236450e+02   1.5066076e+02  -7.9057498e-01  -5.9785796e-03   6.1233607e-01
   4.9105831e+01   1.0247945e+02   1.5048886e+02  -8.1433314e-01   2.9808069e-01   4.9800545e-01
   4.8939202e+01   1.0245056e+02   1.5029979e+02  -6.5924166e-01   1.9104336e-01   7.2725709e-01
   4.8711521e+01   1.0233856e+02   1.5016513e+02  -5.1680160e-01   4.1590440e-01   7.4829114e-01
   4.8057074e+01   1.0192952e+02   1.5014829e+02  -2.9844849e-01   6.0384592e-01   7.3912016e-01
   4.7941368e+01   1.0182068e+02   1.5023555e+02  -7.7611633e-02   8.2610588e-01   5.5814470e-01
   4.7726077e+01   1.0155404e+02   1.5060157e+02  -7.0369822e-02   8.2635637e-01   5.5873361e-01
   4.7743464e+01   1.0147443e+02   1.5077441e+02  -1.1045788e-01   9.5717478e-01   2.6761073e-01
   4.7775858e+01   1.0139168e+02   1.5112290e+02  -1.8532052e-02   9.7884503e-01   2.0376203e-01
   4.8180803e+01   1.0149636e+02   1.5170365e+02  -2.7259285e-01   9.6014478e-01  -6.1766755e-02
   4.7893357e+01   1.0139626e+02   1.5130007e+02  -3.0224285e-01   9.5322022e-01  -4.5246212e-03
   4.8700714e+01   1.0190134e+02   1.5180420e+02  -6.8352870e-01   7.2734178e-01  -6.1338877e-02
   4.8332099e+01   1.0158744e+02   1.5179935e+02  -5.7175547e-01   7.7618627e-01  -2.6576410e-01
   4.9045796e+01   1.0236035e+02   1.5153382e+02  -8.6913405e-01   4.7319087e-01   1.4386242e-01
   4.8731299e+01   1.0273402e+02   1.5047595e+02  -6.1717487e-01   4.0715815e-01   6.7328851e-01
   4.8895117e+01   1.0277045e+02   1.5066017e+02  -8.6317587e-01   1.5838492e-01   4.7941802e-01
   4.9069258e+01   1.0265907e+02   1.5104181e+02  -8.4939650e-01   2.9511958e-01   4.3752716e-01
   4.8396915e+01   1.0264464e+02   1.5025308e+02  -5.2996254e-01   2.6119077e-01   8.0679557e-01
   4.8218852e+01   1.0252023e+02   1.5022238e+02  -3.3609658e-01   5.4689566e-01   7.6677521e-01
   4.7898164e+01   1.0233856e+02   1.5021341e+02  -3.2355782e-01   5.4231811e-01   7.7537179e-01
   4.7804061e+01   1.0220238e+02   1.5030659e+02  -8.7642531e-02   7.4645989e-01   6.5963355e-01
   4.7530103e+01   1.0172150e+02   1.5108178e+02  -1.4311375e-01   9.3117824e-01   3.3529917e-01
   4.7591508e+01   1.0169512e+02   1.5126457e+02  -1.0521541e-01   9.9352359e-01  -4.2902129e-02
   4.8402061e+01   1.0211964e+02   1.5196105e+02  -7.5111751e-01   6.2992046e-01  -1.9754164e-01
   4.8255654e+01   1.0200322e+02   1.5198096e+02  -4.9308519e-01   8.5142398e-01  -1.7872939e-01
   4.7957319e+01   1.0179731e+02   1.5179088e+02  -4.9603461e-01   8.5938118e-01  -1.2415172e-01
