   1.1008966e+02   1.1405496e+02   1.0403421e+02   3.3427631e-01   5.5785270e-01   7.5964447e-01
   1.1015937e+02   1.1406558e+02   1.0398457e+02   5.0356031e-01   7.2012827e-01   4.7732828e-01
   1.1024570e+02   1.1404284e+02   1.0391419e+02   5.7391409e-01   7.9574866e-01   1.9340810e-01
   1.1020708e+02   1.1405564e+02   1.0394658e+02   4.8137094e-01   7.5835433e-01   4.3952330e-01
   1.1012572e+02   1.1406293e+02   1.0401105e+02   3.1131052e-01   6.0484696e-01   7.3297061e-01
   1.1004980e+02   1.1404751e+02   1.0404889e+02   1.4786559e-01   4.0765529e-01   9.0108431e-01
   1.0989266e+02   1.1407359e+02   1.0404953e+02  -3.9291485e-02   1.4218225e-01   9.8906035e-01
   1.0998685e+02   1.1398973e+02   1.0406702e+02  -1.5163547e-01   8.1451489e-02   9.8507479e-01
   1.1000733e+02   1.1401919e+02   1.0406337e+02   1.0868560e-02   2.0346850e-01   9.7902117e-01
   1.0877730e+02   1.1532966e+02   1.0077450e+02  -5.3605012e-01   6.9882297e-01  -4.7359976e-01
   1.0890606e+02   1.1529176e+02   1.0056899e+02  -4.3337715e-01   8.1254500e-01  -3.8981389e-01
   1.0887264e+02   1.1526811e+02   1.0057180e+02  -5.7796840e-01   6.5738537e-01  -4.8352560e-01
   1.0894700e+02   1.1532706e+02   1.0061701e+02  -1.8969677e-01   9.1990356e-01  -3.4320923e-01
   1.0903472e+02   1.1533500e+02   1.0065855e+02   3.9549257e-01   9.1799308e-01  -2.9569138e-02
   1.0907795e+02   1.1531617e+02   1.0071910e+02   5.5590941e-01   8.2712661e-01   8.2621448e-02
   1.0872142e+02   1.1534387e+02   1.0085887e+02  -5.3846485e-01   6.9752760e-01  -4.7276935e-01
   1.0870207e+02   1.1535965e+02   1.0091730e+02  -6.0881912e-01   7.2816318e-01  -3.1482957e-01
   1.0859135e+02   1.1540708e+02   1.0124112e+02  -6.0884198e-01   7.2813887e-01  -3.1484158e-01
   1.0856022e+02   1.1539780e+02   1.0129252e+02  -6.5725566e-01   7.4060550e-01  -1.3970861e-01
   1.0856193e+02   1.1541136e+02   1.0135635e+02  -6.5728106e-01   7.4057157e-01  -1.3976896e-01
   1.0849979e+02   1.1541111e+02   1.0164725e+02  -6.5722040e-01   7.4062410e-01  -1.3977583e-01
   1.0849731e+02   1.1541350e+02   1.0171738e+02  -6.7905970e-01   7.3294596e-01   4.0842940e-02
   1.0847368e+02   1.1537918e+02   1.0194037e+02  -6.7910547e-01   7.3290325e-01   4.0848337e-02
   1.0847182e+02   1.1537048e+02   1.0206550e+02  -6.7909201e-01   7.3291614e-01   4.0840774e-02
   1.0847856e+02   1.1536437e+02   1.0212986e+02  -6.7359694e-01   7.0537338e-01   2.2071600e-01
   1.0852018e+02   1.1529878e+02   1.0246650e+02  -6.7352632e-01   7.0543359e-01   2.2073911e-01
   1.0850934e+02   1.1526882e+02   1.0251526e+02  -6.4092969e-01   6.5898196e-01   3.9363931e-01
   1.0853909e+02   1.1527110e+02   1.0255987e+02  -6.4087917e-01   6.5898906e-01   3.9370969e-01
   1.0861425e+02   1.1517033e+02   1.0285088e+02  -6.4092275e-01   6.5894028e-01   3.9372038e-01
   1.0864237e+02   1.1515111e+02   1.0291256e+02  -5.8230253e-01   5.9513224e-01   5.5384238e-01
   1.0870641e+02   1.1505714e+02   1.0308086e+02  -5.8235637e-01   5.9506714e-01   5.5385572e-01
   1.0877028e+02   1.1500490e+02   1.0320415e+02  -5.8232105e-01   5.9512476e-01   5.5383094e-01
   1.0880380e+02   1.1497943e+02   1.0325515e+02  -4.9969524e-01   5.1619239e-01   6.9559333e-01
   1.0898641e+02   1.1482241e+02   1.0350286e+02  -4.9967435e-01   5.1620892e-01   6.9559607e-01
   1.0898732e+02   1.1477668e+02   1.0353503e+02  -3.9588147e-01   4.2484301e-01   8.1411687e-01
   1.0903330e+02   1.1478037e+02   1.0355547e+02  -3.9592462e-01   4.2486158e-01   8.1408620e-01
   1.0923603e+02   1.1459869e+02   1.0374888e+02  -3.9592294e-01   4.2486412e-01   8.1408569e-01
   1.0928782e+02   1.1456539e+02   1.0378359e+02  -2.7459629e-01   3.2426238e-01   9.0523521e-01
   1.0939843e+02   1.1444669e+02   1.0385965e+02  -2.7459772e-01   3.2426002e-01   9.0523562e-01
   1.0952726e+02   1.1435777e+02   1.0393059e+02  -2.7461040e-01   3.2422694e-01   9.0524363e-01
   1.0958380e+02   1.1432706e+02   1.0395166e+02  -1.3989683e-01   2.1784194e-01   9.6590567e-01
   1.0984266e+02   1.1411769e+02   1.0403637e+02  -1.3987504e-01   2.1788200e-01   9.6589979e-01
   1.0984948e+02   1.1407039e+02   1.0404803e+02  -1.3986852e-01   2.1787662e-01   9.6590195e-01
   1.0994049e+02   1.1413104e+02   1.0403110e+02   1.9876600e-01   4.3110969e-01   8.8013437e-01
   1.0989593e+02   1.1417840e+02   1.0401348e+02   1.0955665e-01   4.9723652e-01   8.6067020e-01
   1.0963039e+02   1.1437534e+02   1.0393350e+02   1.0956332e-01   4.9724099e-01   8.6066676e-01
   1.0958323e+02   1.1442090e+02   1.0390690e+02  -4.7639123e-03   5.8754966e-01   8.0917409e-01
   1.0933789e+02   1.1461085e+02   1.0376753e+02  -4.7970317e-03   5.8753137e-01   8.0918717e-01
   1.0929643e+02   1.1465373e+02   1.0372946e+02  -1.0777880e-01   6.7292451e-01   7.3181715e-01
   1.0907963e+02   1.1482997e+02   1.0353548e+02  -1.0773898e-01   6.7294304e-01   7.3180597e-01
   1.0904543e+02   1.1486888e+02   1.0348727e+02  -1.9578600e-01   7.5047557e-01   6.3123234e-01
   1.0886449e+02   1.1502517e+02   1.0324534e+02  -1.9576846e-01   7.5048264e-01   6.3122937e-01
   1.0883885e+02   1.1505893e+02   1.0318868e+02  -2.6589074e-01   8.1747140e-01   5.1092330e-01
   1.0869991e+02   1.1518972e+02   1.0290711e+02  -2.6589620e-01   8.1746942e-01   5.1092362e-01
   1.0868383e+02   1.1521733e+02   1.0284398e+02  -3.1565843e-01   8.7161270e-01   3.7503474e-01
   1.0859153e+02   1.1531795e+02   1.0253245e+02  -3.1577212e-01   8.7157411e-01   3.7502872e-01
   1.0858570e+02   1.1533864e+02   1.0246503e+02  -3.4346082e-01   9.1102354e-01   2.2819023e-01
   1.0854311e+02   1.1540543e+02   1.0213425e+02  -3.4335681e-01   9.1105840e-01   2.2820758e-01
   1.0854784e+02   1.1541865e+02   1.0206489e+02  -3.4801901e-01   9.3443997e-01   7.5529618e-02
   1.0855629e+02   1.1544918e+02   1.0172623e+02  -3.4798416e-01   9.3445214e-01   7.5539553e-02
   1.0857156e+02   1.1545464e+02   1.0165736e+02  -3.2946711e-01   9.4096095e-01  -7.7742634e-02
   1.0863065e+02   1.1544766e+02   1.0132246e+02  -3.2946032e-01   9.4096356e-01  -7.7739850e-02
   1.0865604e+02   1.1544535e+02   1.0125645e+02  -2.8839262e-01   9.3037905e-01  -2.2632835e-01
   1.0876360e+02   1.1540094e+02   1.0093684e+02  -2.8845811e-01   9.3035006e-01  -2.2636404e-01
   1.0879287e+02   1.1538933e+02   1.0087374e+02  -2.3176697e-01   9.0621532e-01  -3.5363522e-01
   1.0892281e+02   1.1530403e+02   1.0057489e+02  -4.0638425e-01   8.0520868e-01  -4.3184582e-01
   1.0998522e+02   1.1417557e+02   1.0398429e+02   4.1621330e-01   6.4688866e-01   6.3898478e-01
   1.0993759e+02   1.1422054e+02   1.0396474e+02   3.4299915e-01   7.0179317e-01   6.2437003e-01
   1.0968021e+02   1.1441330e+02   1.0388947e+02   3.4303249e-01   7.0180668e-01   6.2433652e-01
   1.0963276e+02   1.1445696e+02   1.0386070e+02   2.6650633e-01   7.6224613e-01   5.8987728e-01
   1.0939468e+02   1.1464317e+02   1.0372764e+02   2.6648491e-01   7.6224089e-01   5.8989374e-01
   1.0935320e+02   1.1468393e+02   1.0368760e+02   1.9755703e-01   8.1939298e-01   5.3811371e-01
   1.0914254e+02   1.1485707e+02   1.0350130e+02   1.9751346e-01   8.1938717e-01   5.3813855e-01
   1.0910856e+02   1.1489365e+02   1.0345138e+02   1.3854999e-01   8.7128305e-01   4.7081817e-01
   1.0893248e+02   1.1504763e+02   1.0321824e+02   1.3858782e-01   8.7128510e-01   4.7080323e-01
   1.0890724e+02   1.1507889e+02   1.0316018e+02   9.1653115e-02   9.1612647e-01   3.9027170e-01
   1.0877173e+02   1.1520830e+02   1.0288823e+02   9.1686503e-02   9.1612645e-01   3.9026391e-01
   1.0875619e+02   1.1523326e+02   1.0282405e+02   5.8387110e-02   9.5237107e-01   2.9929965e-01
   1.0866585e+02   1.1533353e+02   1.0252264e+02   5.8408174e-02   9.5237030e-01   2.9929801e-01
   1.0866062e+02   1.1535146e+02   1.0245455e+02   3.9868314e-02   9.7877759e-01   2.0100981e-01
   1.0861846e+02   1.1541900e+02   1.0213404e+02   3.9828755e-02   9.7877983e-01   2.0100677e-01
   1.0862382e+02   1.1542941e+02   1.0206441e+02   3.6710836e-02   9.9442667e-01   9.8832751e-02
   1.0863120e+02   1.1546179e+02   1.0173584e+02   3.6671294e-02   9.9442906e-01   9.8823389e-02
   1.0864704e+02   1.1546441e+02   1.0166708e+02   4.9080696e-02   9.9878762e-01  -3.7907576e-03
   1.0870364e+02   1.1546040e+02   1.0134174e+02   4.9168093e-02   9.9878346e-01  -3.7550852e-03
   1.0872950e+02   1.1545528e+02   1.0127625e+02   7.6661688e-02   9.9170214e-01  -1.0319809e-01
   1.0883327e+02   1.1541490e+02   1.0096534e+02   7.6601434e-02   9.9170304e-01  -1.0323420e-01
   1.0886772e+02   1.1540279e+02   1.0090548e+02   1.1401884e-01   9.7578238e-01  -1.8667741e-01
   1.0899269e+02   1.1533993e+02   1.0065537e+02   1.0384890e-01   9.7528023e-01  -1.9504841e-01
   1.1001827e+02   1.1419964e+02   1.0391740e+02   5.6112840e-01   7.7192325e-01   2.9877987e-01
   1.0996742e+02   1.1424224e+02   1.0389747e+02   5.2479333e-01   7.9968631e-01   2.9170835e-01
   1.0972114e+02   1.1442959e+02   1.0382695e+02   5.2478854e-01   7.9968653e-01   2.9171637e-01
   1.0967276e+02   1.1447079e+02   1.0379671e+02   4.9790652e-01   8.2091892e-01   2.7960905e-01
   1.0944481e+02   1.1465202e+02   1.0367055e+02   4.9791114e-01   8.2091802e-01   2.7960346e-01
   1.0940256e+02   1.1469020e+02   1.0362919e+02   4.7370046e-01   8.4099366e-01   2.6141449e-01
   1.0920076e+02   1.1485903e+02   1.0345173e+02   4.7367193e-01   8.4100195e-01   2.6143951e-01
   1.0916613e+02   1.1489291e+02   1.0340068e+02   4.5296715e-01   8.5923026e-01   2.3779010e-01
   1.0899740e+02   1.1504348e+02   1.0317801e+02   4.5289869e-01   8.5925471e-01   2.3783213e-01
   1.0897162e+02   1.1507193e+02   1.0311903e+02   4.3640076e-01   8.7501611e-01   2.0952608e-01
   1.0884173e+02   1.1519901e+02   1.0285884e+02   4.3638314e-01   8.7502326e-01   2.0953293e-01
   1.0882571e+02   1.1522110e+02   1.0279396e+02   4.2467609e-01   8.8776289e-01   1.7755922e-01
   1.0873912e+02   1.1532028e+02   1.0250519e+02   4.2474788e-01   8.8773117e-01   1.7754608e-01
   1.0873345e+02   1.1533528e+02   1.0243666e+02   4.1823395e-01   8.9701271e-01   1.4299844e-01
   1.0869312e+02   1.1540309e+02   1.0212926e+02   4.1821417e-01   8.9702199e-01   1.4299810e-01
   1.0869802e+02   1.1541053e+02   1.0205945e+02   4.1711837e-01   9.0252110e-01   1.0708843e-01
   1.0870528e+02   1.1544460e+02   1.0174400e+02   4.1713341e-01   9.0251375e-01   1.0709177e-01
   1.0872061e+02   1.1544427e+02   1.0167531e+02   4.2149306e-01   9.0404630e-01   7.1020398e-02
   1.0877520e+02   1.1544338e+02   1.0136267e+02   4.2147702e-01   9.0405434e-01   7.1013251e-02
   1.0880047e+02   1.1543533e+02   1.0129749e+02   4.3113407e-01   9.0156604e-01   3.6084406e-02
   1.0890048e+02   1.1539947e+02   1.0099843e+02   4.3115527e-01   9.0155531e-01   3.6099350e-02
   1.0893331e+02   1.1538524e+02   1.0093857e+02   4.4111820e-01   8.9733957e-01   1.4015205e-02
   1.0904309e+02   1.1533288e+02   1.0070481e+02   3.9561185e-01   9.1794413e-01  -2.9493230e-02
   1.0445502e+02   1.0643062e+02   1.0306435e+02  -1.8932667e-01   6.8233389e-03   9.8189045e-01
   1.0780534e+02   1.1061796e+02   1.0364363e+02  -4.6858789e-02  -9.3877378e-02   9.9448041e-01
   1.0470255e+02   1.0624885e+02   1.0307029e+02   2.9468510e-02  -1.5526542e-01   9.8743317e-01
   1.0494384e+02   1.0607697e+02   1.0303606e+02   2.9448615e-02  -1.5525125e-01   9.8743599e-01
   1.0818453e+02   1.1025456e+02   1.0355612e+02   1.4361250e-01  -2.2646649e-01   9.6337344e-01
   1.0519239e+02   1.0590543e+02   1.0295869e+02   2.4657942e-01  -3.0510926e-01   9.1984071e-01
   1.0542219e+02   1.0575218e+02   1.0284625e+02   2.4657357e-01  -3.0510535e-01   9.1984357e-01
   1.0865252e+02   1.0994246e+02   1.0332715e+02   3.5346247e-01  -3.6641400e-01   8.6070033e-01
   1.0564962e+02   1.0560629e+02   1.0269075e+02   4.4524194e-01  -4.3254061e-01   7.8400780e-01
   1.0585088e+02   1.0548304e+02   1.0250845e+02   4.4525512e-01  -4.3254868e-01   7.8399587e-01
   1.0906240e+02   1.0969144e+02   1.0295588e+02   5.3725035e-01  -4.7896650e-01   6.9422846e-01
   1.0604033e+02   1.0537363e+02   1.0228635e+02   6.1074191e-01  -5.2812307e-01   5.8998334e-01
   1.0619813e+02   1.0528952e+02   1.0204769e+02   6.1074163e-01  -5.2812292e-01   5.8998376e-01
   1.0938378e+02   1.0952013e+02   1.0246986e+02   6.8136448e-01  -5.5578667e-01   4.7628104e-01
   1.0633554e+02   1.0522469e+02   1.0177547e+02   7.3078017e-01  -5.8474766e-01   3.5217967e-01
   1.0643819e+02   1.0518595e+02   1.0149817e+02   7.3077391e-01  -5.8474529e-01   3.5219660e-01
   1.0959281e+02   1.0944124e+02   1.0190512e+02   7.7509502e-01  -5.9116423e-01   2.2305282e-01
   1.1203598e+02   1.1265717e+02   1.0181147e+02   8.0785662e-01  -5.8931330e-01  -8.8046996e-03
   1.1199665e+02   1.1263575e+02   1.0156235e+02   8.0781132e-01  -5.7811679e-01  -1.1498629e-01
   1.0985216e+02   1.0968825e+02   1.0135988e+02   8.0777024e-01  -5.8391020e-01  -8.0969847e-02
   1.0656055e+02   1.0521333e+02   1.0060357e+02   8.0812357e-01  -5.6040254e-01  -1.8134298e-01
   1.0980506e+02   1.0961032e+02   1.0156217e+02   8.0102414e-01  -5.9573279e-01   5.8845310e-02
   1.0655324e+02   1.0518004e+02   1.0090062e+02   7.9645863e-01  -5.9822078e-01   8.8235803e-02
   1.0651338e+02   1.0517053e+02   1.0119601e+02   7.9646062e-01  -5.9822030e-01   8.8221048e-02
   1.0431038e+02   1.0710294e+02   9.8744958e+01  -1.3803800e-01   2.3409081e-01  -9.6236532e-01
   1.0901320e+02   1.1421115e+02   9.9805280e+01  -3.4551419e-01   3.6318044e-01  -8.6528603e-01
   1.0408012e+02   1.0725665e+02   9.8857798e+01  -3.5273673e-01   3.6742301e-01  -8.6056791e-01
   1.0386053e+02   1.0739752e+02   9.9007948e+01  -3.5273033e-01   3.6741890e-01  -8.6057229e-01
   1.0862879e+02   1.1412840e+02   9.9974111e+01  -4.4598665e-01   4.3154611e-01  -7.8413255e-01
   1.0330786e+02   1.0771688e+02   9.9654578e+01  -6.7959585e-01   5.5821246e-01  -4.7597093e-01
   1.0839492e+02   1.1441002e+02   1.0031080e+02  -5.8058382e-01   5.0801525e-01  -6.3627269e-01
   1.0346911e+02   1.0763084e+02   9.9411251e+01  -5.3652797e-01   4.7997670e-01  -6.9408940e-01
   1.0365203e+02   1.0752520e+02   9.9196802e+01  -5.3652797e-01   4.7997670e-01  -6.9408940e-01
   1.0875171e+02   1.1517996e+02   1.0062808e+02  -6.6520354e-01   5.5198966e-01  -5.0280381e-01
   1.0832645e+02   1.1461566e+02   1.0057240e+02  -6.6804817e-01   5.5181138e-01  -4.9921523e-01
   1.0868142e+02   1.1526769e+02   1.0081756e+02  -6.6605980e-01   5.5084399e-01  -5.0292668e-01
   1.0317218e+02   1.0778118e+02   9.9923322e+01  -6.8029667e-01   5.5723769e-01  -4.7611196e-01
   1.0849878e+02   1.1519305e+02   1.0105053e+02  -7.3628221e-01   5.8409719e-01  -3.4164158e-01
   1.0306713e+02   1.0782080e+02   1.0020728e+02  -7.7417626e-01   5.9242866e-01  -2.2288875e-01
   1.0852058e+02   1.1535442e+02   1.0129924e+02  -7.8715836e-01   5.9471176e-01  -1.6340022e-01
   1.0840234e+02   1.1524948e+02   1.0148686e+02  -7.8714609e-01   5.9471092e-01  -1.6346242e-01
   1.0299311e+02   1.0783579e+02   1.0050603e+02  -7.7262166e-01   5.9456660e-01  -2.2259005e-01
   1.0838416e+02   1.1526926e+02   1.0179431e+02  -8.0870223e-01   5.8785034e-01   2.0800790e-02
   1.0295300e+02   1.0782585e+02   1.0080614e+02  -8.1010666e-01   5.8439962e-01   4.6949813e-02
   1.0840881e+02   1.1529544e+02   1.0200984e+02  -8.0919835e-01   5.8717058e-01   2.0706092e-02
   1.0835085e+02   1.1514225e+02   1.0226656e+02  -8.0528403e-01   5.5677301e-01   2.0376812e-01
   1.0294638e+02   1.0779021e+02   1.0111447e+02  -8.0626382e-01   5.8963554e-01   4.7629682e-02
   1.0848486e+02   1.1523684e+02   1.0251723e+02  -7.7202523e-01   5.0945617e-01   3.8004139e-01
   1.0297255e+02   1.0773293e+02   1.0140717e+02  -7.8679665e-01   5.3187246e-01   3.1314967e-01
   1.0844375e+02   1.1504670e+02   1.0268967e+02  -7.7065080e-01   5.1128465e-01   3.8037527e-01
   1.0303298e+02   1.0765080e+02   1.0169716e+02  -7.8515405e-01   5.3412158e-01   3.1344417e-01
   1.0857393e+02   1.1499220e+02   1.0296914e+02  -7.1025344e-01   4.4709661e-01   5.4373217e-01
   1.0312433e+02   1.0754876e+02   1.0196691e+02  -7.0455996e-01   4.4069594e-01   5.5622149e-01
   1.0867547e+02   1.1493616e+02   1.0314778e+02  -7.1054654e-01   4.4671508e-01   5.4366282e-01
   1.0874441e+02   1.1471258e+02   1.0335219e+02  -6.2829170e-01   3.6354268e-01   6.8781266e-01
   1.0324944e+02   1.0742371e+02   1.0222253e+02  -7.0034381e-01   4.4642126e-01   5.5697989e-01
   1.0897539e+02   1.1476082e+02   1.0353491e+02  -5.2250665e-01   2.7029534e-01   8.0865767e-01
   1.0339681e+02   1.0728719e+02   1.0244399e+02  -5.7092684e-01   3.1564993e-01   7.5789686e-01
   1.0899528e+02   1.1450495e+02   1.0363395e+02  -5.2100746e-01   2.7250326e-01   8.0888392e-01
   1.0357417e+02   1.0713165e+02   1.0264169e+02  -5.6889273e-01   3.1841974e-01   7.5826771e-01
   1.0924664e+02   1.1440660e+02   1.0380477e+02  -3.9677688e-01   1.7069650e-01   9.0190399e-01
   1.0377006e+02   1.0696745e+02   1.0280274e+02  -3.9409313e-01   1.6836804e-01   9.0351691e-01
   1.0939997e+02   1.1429358e+02   1.0389360e+02  -3.9684007e-01   1.7058779e-01   9.0189676e-01
   1.0398569e+02   1.0679331e+02   1.0292926e+02  -3.9413203e-01   1.6829522e-01   9.0351351e-01
   1.0956760e+02   1.1403149e+02   1.0397542e+02  -2.5837885e-01   6.3701544e-02   9.6394112e-01
   1.0421616e+02   1.0661336e+02   1.0301697e+02  -1.8913826e-01   7.0892121e-03   9.8192488e-01
   1.0984716e+02   1.1406739e+02   1.0404798e+02  -2.5995317e-01   6.1247161e-02   9.6367688e-01
   1.0768690e+02   1.1096637e+02   1.0365515e+02  -1.9685875e-01   1.2897858e-02   9.8034702e-01
   1.0986995e+02   1.1394975e+02   1.0405011e+02  -1.5672942e-01  -1.4645865e-02   9.8753298e-01
   1.1197050e+02   1.1269341e+02   1.0126763e+02   7.9597521e-01  -5.5200945e-01  -2.4841304e-01
   1.0653471e+02   1.0527507e+02   1.0029326e+02   8.0505493e-01  -5.6462093e-01  -1.8190589e-01
   1.1191112e+02   1.1277467e+02   1.0097830e+02   7.7056509e-01  -5.1388359e-01  -3.7703196e-01
   1.0647508e+02   1.0535612e+02   1.0000686e+02   7.5050902e-01  -4.9382759e-01  -4.3917025e-01
   1.1181899e+02   1.1287778e+02   1.0070490e+02   7.2823873e-01  -4.6971109e-01  -4.9903892e-01
   1.0638270e+02   1.0545939e+02   9.9733608e+01   7.5180590e-01  -4.9207427e-01  -4.3892004e-01
   1.1169683e+02   1.1300015e+02   1.0045203e+02   6.7488749e-01  -4.1329919e-01  -6.1131879e-01
   1.0626777e+02   1.0557742e+02   9.9476763e+01   6.7488749e-01  -4.1329919e-01  -6.1131879e-01
   1.1154619e+02   1.1313998e+02   1.0022483e+02   6.0768880e-01  -3.5095604e-01  -7.1242135e-01
   1.0611669e+02   1.0571751e+02   9.9250012e+01   6.0768044e-01  -3.5094915e-01  -7.1243187e-01
   1.1137011e+02   1.1329450e+02   1.0002739e+02   5.2916466e-01  -2.8207051e-01  -8.0026308e-01
   1.0593501e+02   1.0587450e+02   9.9061701e+01   4.8481342e-01  -2.4733007e-01  -8.3891822e-01
   1.1117172e+02   1.1346093e+02   9.9863665e+01   4.3949463e-01  -2.0968499e-01  -8.7342812e-01
   1.0573646e+02   1.0604102e+02   9.8898256e+01   4.8611210e-01  -2.4557656e-01  -8.3868181e-01
   1.1095518e+02   1.1363592e+02   9.9735874e+01   3.4417793e-01  -1.2990532e-01  -9.2987427e-01
   1.0552148e+02   1.0621460e+02   9.8772519e+01   2.9207550e-01  -9.1662551e-02  -9.5199258e-01
   1.1072396e+02   1.1381647e+02   9.9647544e+01   2.3990228e-01  -5.1239309e-02  -9.6944388e-01
   1.0529016e+02   1.0639519e+02   9.8684509e+01   2.9336367e-01  -8.9901287e-02  -9.5176442e-01
   1.1048281e+02   1.1399907e+02   9.9599099e+01   1.3367929e-01   3.1882387e-02  -9.9051167e-01
   1.0505100e+02   1.0657614e+02   9.8637485e+01   7.7582269e-02   7.0669813e-02  -9.9447814e-01
   1.1023592e+02   1.1418037e+02   9.9592716e+01   2.2407677e-02   1.1088613e-01  -9.9358048e-01
   1.0480408e+02   1.0675740e+02   9.8631436e+01   7.8870144e-02   7.2431769e-02  -9.9425004e-01
   1.0998805e+02   1.1435702e+02   9.9627213e+01  -8.6738350e-02   1.9130936e-01  -9.7768972e-01
   1.0455848e+02   1.0693232e+02   9.8666610e+01  -1.4275832e-01   2.2762938e-01  -9.6322631e-01
   1.0974820e+02   1.1452654e+02   9.9702360e+01  -1.9566715e-01   2.6385775e-01  -9.4450699e-01
   1.0914271e+02   1.1412832e+02   9.9733717e+01  -2.8306419e-01   3.1825858e-01  -9.0475750e-01
   1.0952963e+02   1.1471408e+02   9.9820903e+01  -2.9236184e-01   3.3106813e-01  -8.9717247e-01
   1.1208478e+02   1.1272310e+02   1.0189922e+02   8.2676338e-01  -5.6252452e-01  -5.3366275e-03
   1.1211506e+02   1.1280773e+02   1.0193181e+02   9.9779330e-01   2.5674325e-03   6.6347108e-02
   1.1211294e+02   1.1279033e+02   1.0191171e+02   9.7430117e-01  -2.2280460e-01   3.3095925e-02
   1.1210331e+02   1.1288838e+02   1.0196100e+02   9.4471301e-01   3.1214954e-01   1.0039921e-01
   1.1205301e+02   1.1296055e+02   1.0201427e+02   7.5046814e-01   6.5183364e-01   1.0913509e-01
   1.1201415e+02   1.1298811e+02   1.0211351e+02   5.9265460e-01   7.9854072e-01   1.0532449e-01
   1.0972327e+02   1.1492066e+02   9.9989246e+01   4.8954710e-01   8.6140819e-01  -1.3534984e-01
   1.0958289e+02   1.1492364e+02   9.9908171e+01   7.4406637e-02   7.1706238e-01  -6.9302612e-01
   1.0960779e+02   1.1492652e+02   9.9913847e+01   7.5018581e-02   7.1752461e-01  -6.9248151e-01
   1.0965295e+02   1.1492981e+02   9.9934332e+01   2.7721952e-01   8.0568025e-01  -5.2347747e-01
   1.0952956e+02   1.1486464e+02   9.9877580e+01  -2.4977900e-01   3.8746701e-01  -8.8740057e-01
   1.0956907e+02   1.1488446e+02   9.9882648e+01  -8.4814229e-02   5.4353358e-01  -8.3509149e-01
   1.0972098e+02   1.1478960e+02   9.9803234e+01  -1.2331264e-01   5.2250241e-01  -8.4367365e-01
   1.0978695e+02   1.1474613e+02   9.9772392e+01  -3.6213010e-02   4.6397178e-01  -8.8510949e-01
   1.0994322e+02   1.1462039e+02   9.9700086e+01  -3.6203651e-02   4.6399600e-01  -8.8509717e-01
   1.1002226e+02   1.1458538e+02   9.9684829e+01   6.7765643e-02   3.9218924e-01  -9.1738510e-01
   1.1018835e+02   1.1444943e+02   9.9638981e+01   6.7759953e-02   3.9217273e-01  -9.1739257e-01
   1.1026795e+02   1.1441230e+02   9.9635162e+01   1.7444893e-01   3.1617540e-01  -9.3252383e-01
   1.1043547e+02   1.1427146e+02   9.9618749e+01   1.7445133e-01   3.1618333e-01  -9.3252069e-01
   1.1051431e+02   1.1423335e+02   9.9626653e+01   2.8071226e-01   2.3815350e-01  -9.2977607e-01
   1.1067996e+02   1.1408999e+02   9.9639942e+01   2.8071897e-01   2.3817837e-01  -9.2976767e-01
   1.1075675e+02   1.1405186e+02   9.9659452e+01   3.8455604e-01   1.5959403e-01  -9.0920097e-01
   1.1091726e+02   1.1390840e+02   9.9702165e+01   3.8453414e-01   1.5950463e-01  -9.0922592e-01
   1.1099074e+02   1.1387121e+02   9.9732950e+01   4.8404944e-01   8.1788223e-02  -8.7120998e-01
   1.1114294e+02   1.1373009e+02   9.9804263e+01   4.8406967e-01   8.1876949e-02  -8.7119040e-01
   1.1121193e+02   1.1369478e+02   9.9845782e+01   5.7737513e-01   6.5156065e-03  -8.1645300e-01
   1.1135282e+02   1.1355836e+02   9.9944329e+01   5.7735772e-01   6.4359628e-03  -8.1646595e-01
   1.1141621e+02   1.1352584e+02   9.9995842e+01   6.6274381e-01  -6.5193833e-02  -7.4600295e-01
   1.1154297e+02   1.1339643e+02   1.0011976e+02   6.6274531e-01  -6.5186951e-02  -7.4600223e-01
   1.1159976e+02   1.1336754e+02   1.0018033e+02   7.3860760e-01  -1.3174197e-01  -6.6113756e-01
   1.1170985e+02   1.1324731e+02   1.0032728e+02   7.3860790e-01  -1.3174059e-01  -6.6113749e-01
   1.1175917e+02   1.1322284e+02   1.0039583e+02   8.0352922e-01  -1.9198238e-01  -5.6345680e-01
   1.1185036e+02   1.1311376e+02   1.0056303e+02   8.0353711e-01  -1.9194868e-01  -5.6345702e-01
   1.1189147e+02   1.1309442e+02   1.0063830e+02   8.5632115e-01  -2.4475598e-01  -4.5476214e-01
   1.1196188e+02   1.1299829e+02   1.0082261e+02   8.5632241e-01  -2.4475100e-01  -4.5476244e-01
   1.1199419e+02   1.1298468e+02   1.0090325e+02   8.9597058e-01  -2.8913100e-01  -3.3710531e-01
   1.1204233e+02   1.1290305e+02   1.0110120e+02   8.9598672e-01  -2.8907345e-01  -3.3711176e-01
   1.1206542e+02   1.1289566e+02   1.0118572e+02   9.2177676e-01  -3.2421596e-01  -2.1263024e-01
   1.1209021e+02   1.1282980e+02   1.0139360e+02   9.2177927e-01  -3.2420798e-01  -2.1263153e-01
   1.1210383e+02   1.1282903e+02   1.0148046e+02   9.3321249e-01  -3.4942896e-01  -8.3748776e-02
   1.1210463e+02   1.1277991e+02   1.0169436e+02   9.3319875e-01  -3.4946757e-01  -8.3740713e-02
   1.1210913e+02   1.1277975e+02   1.0177728e+02   9.3359305e-01  -3.5800768e-01  -1.5313906e-02
   1.1209691e+02   1.1274694e+02   1.0189094e+02   9.0762392e-01  -4.1978425e-01  -5.6464226e-05
   1.0978647e+02   1.1484149e+02   9.9863132e+01   2.1108396e-01   7.9936478e-01  -5.6254734e-01
   1.0984964e+02   1.1479800e+02   9.9831455e+01   2.7687038e-01   7.5508679e-01  -5.9429516e-01
   1.1000185e+02   1.1468119e+02   9.9753954e+01   2.7687682e-01   7.5510019e-01  -5.9427513e-01
   1.1007926e+02   1.1464118e+02   9.9746019e+01   3.5304962e-01   7.0248133e-01  -6.1796112e-01
   1.1024187e+02   1.1451375e+02   9.9694067e+01   3.5304921e-01   7.0248000e-01  -6.1796287e-01
   1.1031899e+02   1.1447229e+02   9.9697638e+01   4.3122477e-01   6.4679487e-01  -6.2904817e-01
   1.1048388e+02   1.1433948e+02   9.9674119e+01   4.3122499e-01   6.4679614e-01  -6.2904671e-01
   1.1055936e+02   1.1429768e+02   9.9689413e+01   5.0909624e-01   5.8961723e-01  -6.2703472e-01
   1.1072333e+02   1.1416177e+02   9.9694741e+01   5.0909572e-01   5.8960849e-01  -6.2704336e-01
   1.1079590e+02   1.1412059e+02   9.9721495e+01   5.8519919e-01   5.3201134e-01  -6.1196882e-01
   1.1095574e+02   1.1398394e+02   9.9755545e+01   5.8519868e-01   5.3202976e-01  -6.1195330e-01
   1.1102420e+02   1.1394434e+02   9.9793288e+01   6.5810988e-01   4.7509563e-01  -5.8410233e-01
   1.1117680e+02   1.1380930e+02   9.9855402e+01   6.5811778e-01   4.7501216e-01  -5.8416131e-01
   1.1123999e+02   1.1377220e+02   9.9903454e+01   7.2650477e-01   4.1977625e-01  -5.4403926e-01
   1.1138238e+02   1.1364111e+02   9.9992451e+01   7.2648909e-01   4.1988487e-01  -5.4397638e-01
   1.1143927e+02   1.1360738e+02   1.0004994e+02   7.8906174e-01   3.6739924e-01  -4.9234070e-01
   1.1156867e+02   1.1348249e+02   1.0016413e+02   7.8907431e-01   3.6732931e-01  -4.9237273e-01
   1.1161832e+02   1.1345295e+02   1.0023002e+02   8.4466500e-01   3.1856470e-01  -4.3018317e-01
   1.1173218e+02   1.1333641e+02   1.0036727e+02   8.4466415e-01   3.1856894e-01  -4.3018172e-01
   1.1177381e+02   1.1331178e+02   1.0044034e+02   8.9224974e-01   2.7442556e-01  -3.5858195e-01
   1.1186987e+02   1.1320557e+02   1.0059805e+02   8.9224397e-01   2.7445247e-01  -3.5857570e-01
   1.1190284e+02   1.1318651e+02   1.0067697e+02   9.3091400e-01   2.3577295e-01  -2.7894488e-01
   1.1197917e+02   1.1309243e+02   1.0085219e+02   9.3091825e-01   2.3575324e-01  -2.7894735e-01
   1.1200301e+02   1.1307948e+02   1.0093552e+02   9.5997716e-01   2.0323665e-01  -1.9271407e-01
   1.1205806e+02   1.1299909e+02   1.0112496e+02   9.5997008e-01   2.0327075e-01  -1.9271336e-01
   1.1207244e+02   1.1299266e+02   1.0121116e+02   9.7886290e-01   1.7753614e-01  -1.0153002e-01
   1.1210505e+02   1.1292728e+02   1.0141127e+02   9.7887973e-01   1.7744742e-01  -1.0152283e-01
   1.1210986e+02   1.1292769e+02   1.0149876e+02   9.8725919e-01   1.5896375e-01  -7.0577272e-03
   1.1211928e+02   1.1287835e+02   1.0170579e+02   9.8725257e-01   1.5900453e-01  -7.0651370e-03
   1.1211805e+02   1.1287593e+02   1.0179048e+02   9.8712068e-01   1.5313654e-01   4.6281348e-02
   1.1211511e+02   1.1283280e+02   1.0193042e+02   9.9780021e-01   1.6888643e-03   6.6271367e-02
   1.0983699e+02   1.1484980e+02   9.9951059e+01   4.9323591e-01   8.5978950e-01  -1.3221325e-01
   1.0989825e+02   1.1480826e+02   9.9918922e+01   5.1634660e-01   8.4428251e-01  -1.4343373e-01
   1.1004545e+02   1.1470494e+02   9.9840673e+01   5.1634562e-01   8.4427964e-01  -1.4345415e-01
   1.1011851e+02   1.1465791e+02   9.9837104e+01   5.4425342e-01   8.2500973e-01  -1.5214189e-01
   1.1027617e+02   1.1454391e+02   9.9782946e+01   5.4425054e-01   8.2502179e-01  -1.5208681e-01
   1.1034841e+02   1.1449592e+02   9.9790877e+01   5.7288028e-01   8.0462763e-01  -1.5614919e-01
   1.1050887e+02   1.1437638e+02   9.9763564e+01   5.7288551e-01   8.0461763e-01  -1.5618151e-01
   1.1057891e+02   1.1432846e+02   9.9783158e+01   6.0142834e-01   7.8365875e-01  -1.5544428e-01
   1.1073912e+02   1.1420551e+02   9.9783185e+01   6.0142291e-01   7.8366679e-01  -1.5542475e-01
   1.1080570e+02   1.1415864e+02   9.9814087e+01   6.2928446e-01   7.6258071e-01  -1.4990576e-01
   1.1096264e+02   1.1403452e+02   9.9841451e+01   6.2929185e-01   7.6257104e-01  -1.4992393e-01
   1.1102458e+02   1.1398964e+02   9.9883091e+01   6.5599884e-01   7.4171680e-01  -1.3972015e-01
   1.1117526e+02   1.1386658e+02   9.9937271e+01   6.5600321e-01   7.4171145e-01  -1.3972800e-01
   1.1123146e+02   1.1382460e+02   9.9988888e+01   6.8107102e-01   7.2146538e-01  -1.2501991e-01
   1.1137302e+02   1.1370482e+02   1.0006887e+02   6.8106203e-01   7.2147596e-01  -1.2500779e-01
   1.1142247e+02   1.1366658e+02   1.0012950e+02   7.0397538e-01   7.0225488e-01  -1.0609780e-01
   1.1155224e+02   1.1355225e+02   1.0023378e+02   7.0396675e-01   7.0226486e-01  -1.0608905e-01
   1.1159408e+02   1.1351854e+02   1.0030232e+02   7.2434616e-01   6.8438645e-01  -8.3293668e-02
   1.1170958e+02   1.1341171e+02   1.0042894e+02   7.2432208e-01   6.8441410e-01  -8.3275821e-02
   1.1174308e+02   1.1338323e+02   1.0050412e+02   7.4173480e-01   6.6826018e-01  -5.7077397e-02
   1.1184211e+02   1.1328583e+02   1.0065072e+02   7.4182712e-01   6.6815368e-01  -5.7124190e-02
   1.1186670e+02   1.1326318e+02   1.0073114e+02   7.5599299e-01   6.5398245e-01  -2.7956302e-02
   1.1194736e+02   1.1317695e+02   1.0089497e+02   7.5595192e-01   6.5403044e-01  -2.7944271e-02
   1.1196263e+02   1.1316062e+02   1.0097915e+02   7.6660414e-01   6.4210955e-01   3.6642668e-03
   1.1202336e+02   1.1308710e+02   1.0115716e+02   7.6661451e-01   6.4209716e-01   3.6633580e-03
   1.1202908e+02   1.1307746e+02   1.0124353e+02   7.7353787e-01   6.3266444e-01   3.7079269e-02
   1.1206871e+02   1.1301794e+02   1.0143240e+02   7.7349089e-01   6.3272220e-01   3.7073640e-02
   1.1206483e+02   1.1301524e+02   1.0151936e+02   7.7656060e-01   6.2595244e-01   7.1674071e-02
   1.1208256e+02   1.1297077e+02   1.0171555e+02   7.7659524e-01   6.2590812e-01   7.1685857e-02
   1.1208012e+02   1.1296237e+02   1.0180103e+02   7.7613099e-01   6.2328289e-01   9.5598733e-02
   1.1208853e+02   1.1291587e+02   1.0201459e+02   9.4464414e-01   3.1235447e-01   1.0040979e-01
   1.0984286e+02   1.1484067e+02   1.0008389e+02   5.8683730e-01   8.0286322e-01   1.0503629e-01
   1.1142374e+02   1.1365310e+02   1.0032917e+02   5.8681758e-01   8.0287663e-01   1.0504402e-01
   1.1108862e+02   1.1385797e+02   1.0063544e+02   5.8682673e-01   8.0286951e-01   1.0504733e-01
   1.1123448e+02   1.1347444e+02   1.0275208e+02   5.8681640e-01   8.0287916e-01   1.0503128e-01
   1.1081613e+02   1.1414369e+02   9.9973885e+01   5.8682109e-01   8.0287507e-01   1.0503632e-01
   1.1074261e+02   1.1413445e+02   1.0045523e+02   5.8682478e-01   8.0287181e-01   1.0504067e-01
   1.1105259e+02   1.1395878e+02   1.0006622e+02   5.8681243e-01   8.0288115e-01   1.0503820e-01
   1.1121810e+02   1.1382564e+02   1.0015923e+02   5.8682862e-01   8.0286772e-01   1.0505044e-01
   1.1192108e+02   1.1308436e+02   1.0189791e+02   5.8681995e-01   8.0287551e-01   1.0503931e-01
   1.1154347e+02   1.1334449e+02   1.0201911e+02   5.8681979e-01   8.0287559e-01   1.0503966e-01
   1.1143267e+02   1.1338334e+02   1.0234119e+02   5.8681983e-01   8.0287543e-01   1.0504058e-01
   1.1088510e+02   1.1369848e+02   1.0299149e+02   5.8688105e-01   8.0282311e-01   1.0509846e-01
   1.1057200e+02   1.1389620e+02   1.0322948e+02   5.8681582e-01   8.0287836e-01   1.0504066e-01
   1.1021359e+02   1.1408908e+02   1.0375747e+02   5.8681796e-01   8.0287670e-01   1.0504133e-01
   1.1021620e+02   1.1414768e+02   1.0329493e+02   5.8682230e-01   8.0287299e-01   1.0504546e-01
   1.0990951e+02   1.1432031e+02   1.0368882e+02   5.8682149e-01   8.0287359e-01   1.0504537e-01
   1.0988373e+02   1.1440184e+02   1.0320965e+02   5.8681552e-01   8.0287863e-01   1.0504025e-01
   1.0953205e+02   1.1469539e+02   1.0293064e+02   5.8683172e-01   8.0286609e-01   1.0504561e-01
   1.0941292e+02   1.1472086e+02   1.0340154e+02   5.8683053e-01   8.0286726e-01   1.0504328e-01
   1.0960678e+02   1.1455949e+02   1.0355193e+02   5.8682549e-01   8.0287136e-01   1.0504009e-01
   1.1062841e+02   1.1428458e+02   9.9945685e+01   5.8683694e-01   8.0286233e-01   1.0504521e-01
   1.1044205e+02   1.1442127e+02   9.9942050e+01   5.8680750e-01   8.0288409e-01   1.0504326e-01
   1.1030448e+02   1.1445706e+02   1.0043710e+02   5.8682223e-01   8.0287408e-01   1.0503750e-01
   1.1019149e+02   1.1459985e+02   9.9976901e+01   5.8683325e-01   8.0286560e-01   1.0504078e-01
   1.1000832e+02   1.1472592e+02   1.0003658e+02   5.8682893e-01   8.0286868e-01   1.0504136e-01
   1.1139296e+02   1.1358560e+02   1.0101710e+02   5.8681356e-01   8.0288142e-01   1.0502984e-01
   1.1167409e+02   1.1342829e+02   1.0064888e+02   5.8681197e-01   8.0288424e-01   1.0501722e-01
   1.1155548e+02   1.1353708e+02   1.0048000e+02   5.8682914e-01   8.0286672e-01   1.0505516e-01
   1.1194796e+02   1.1309782e+02   1.0164480e+02   5.8682107e-01   8.0287656e-01   1.0502506e-01
   1.1193249e+02   1.1313910e+02   1.0141567e+02   5.8682771e-01   8.0286799e-01   1.0505341e-01
   1.1153648e+02   1.1342493e+02   1.0144334e+02   5.8682561e-01   8.0286999e-01   1.0504993e-01
   1.1186974e+02   1.1322407e+02   1.0111687e+02   5.8682551e-01   8.0287100e-01   1.0504270e-01
   1.1180028e+02   1.1330181e+02   1.0091068e+02   5.8682659e-01   8.0286980e-01   1.0504589e-01
   1.0929672e+02   1.1492299e+02   1.0250575e+02   5.8682261e-01   8.0287384e-01   1.0503728e-01
   1.0904923e+02   1.1505181e+02   1.0290376e+02   5.8682226e-01   8.0287442e-01   1.0503477e-01
   1.0917989e+02   1.1492610e+02   1.0313472e+02   5.8682857e-01   8.0286859e-01   1.0504411e-01
   1.0920979e+02   1.1505363e+02   1.0199282e+02   5.8682590e-01   8.0287145e-01   1.0503715e-01
   1.0886808e+02   1.1526799e+02   1.0226341e+02   5.8682483e-01   8.0287141e-01   1.0504339e-01
   1.0891773e+02   1.1519506e+02   1.0254344e+02   5.8682363e-01   8.0287293e-01   1.0503850e-01
   1.0909147e+02   1.1527930e+02   1.0092898e+02   5.8682373e-01   8.0287351e-01   1.0503350e-01
   1.0900073e+02   1.1531230e+02   1.0118365e+02   5.8681613e-01   8.0287683e-01   1.0505057e-01
   1.0928508e+02   1.1506619e+02   1.0147624e+02   5.8681609e-01   8.0287664e-01   1.0505223e-01
   1.0889419e+02   1.1533990e+02   1.0156789e+02   5.8682854e-01   8.0287072e-01   1.0502795e-01
   1.0885610e+02   1.1532968e+02   1.0185879e+02   5.8682756e-01   8.0286961e-01   1.0504194e-01
   1.0346365e+02   1.0725845e+02   9.9378780e+01  -7.9315438e-01  -2.2270788e-01  -5.6683977e-01
   1.0358938e+02   1.0729845e+02   9.9187135e+01  -7.9315430e-01  -2.2270783e-01  -5.6683991e-01
   1.0362900e+02   1.0704391e+02   9.9233850e+01  -6.6244660e-01  -3.0273970e-01  -6.8521031e-01
   1.0372375e+02   1.0721554e+02   9.9066382e+01  -6.6258702e-01  -3.0267302e-01  -6.8510399e-01
   1.0384676e+02   1.0702262e+02   9.9032653e+01  -6.6259358e-01  -3.0266130e-01  -6.8510283e-01
   1.0401068e+02   1.0703202e+02   9.8869960e+01  -6.6259844e-01  -3.0266228e-01  -6.8509769e-01
   1.0405130e+02   1.0679322e+02   9.8944323e+01  -5.1343782e-01  -4.0213224e-01  -7.5807075e-01
   1.0417889e+02   1.0691732e+02   9.8792072e+01  -5.1350358e-01  -4.0210663e-01  -7.5803980e-01
   1.0428969e+02   1.0672156e+02   9.8820848e+01  -5.1351527e-01  -4.0208779e-01  -7.5804187e-01
   1.0447751e+02   1.0671331e+02   9.8697993e+01  -5.1350572e-01  -4.0208765e-01  -7.5804841e-01
   1.0451319e+02   1.0649082e+02   9.8804041e+01  -3.5694386e-01  -5.1361336e-01  -7.8025149e-01
   1.0466930e+02   1.0657321e+02   9.8678386e+01  -3.5697223e-01  -5.1360419e-01  -7.8024456e-01
   1.0475410e+02   1.0638340e+02   9.8764537e+01  -3.5697150e-01  -5.1360524e-01  -7.8024420e-01
   1.0495525e+02   1.0636596e+02   9.8683984e+01  -3.5697292e-01  -5.1360510e-01  -7.8024363e-01
   1.0497782e+02   1.0616270e+02   9.8823214e+01  -2.0462139e-01  -6.2890816e-01  -7.5006974e-01
   1.0515600e+02   1.0621058e+02   9.8734463e+01  -2.0458599e-01  -6.2891763e-01  -7.5007145e-01
   1.0520336e+02   1.0603390e+02   9.8869685e+01  -2.0458183e-01  -6.2892301e-01  -7.5006808e-01
   1.0540846e+02   1.0601574e+02   9.8828970e+01  -2.0459084e-01  -6.2892158e-01  -7.5006682e-01
   1.0540893e+02   1.0583613e+02   9.8999184e+01  -6.7664000e-02  -7.3950982e-01  -6.6973637e-01
   1.0560036e+02   1.0585826e+02   9.8955414e+01  -6.7673817e-02  -7.3950772e-01  -6.6973770e-01
   1.0560114e+02   1.0570029e+02   9.9129761e+01  -6.7674223e-02  -7.3950727e-01  -6.6973816e-01
   1.0580353e+02   1.0568861e+02   9.9122202e+01  -6.7671142e-02  -7.3950785e-01  -6.6973782e-01
   1.0577856e+02   1.0553528e+02   9.9313256e+01   1.5736779e-02  -8.1550354e-01  -5.7853810e-01
   1.0597507e+02   1.0553901e+02   9.9313344e+01   1.5740434e-02  -8.1550419e-01  -5.7853708e-01
   1.0592142e+02   1.0540425e+02   9.9516685e+01   6.3319234e-02  -8.5964451e-01  -5.0695363e-01
   1.0611679e+02   1.0540602e+02   9.9538070e+01   6.3303250e-02  -8.5964177e-01  -5.0696028e-01
   1.0604415e+02   1.0529091e+02   9.9751798e+01   1.2107705e-01  -9.1462577e-01  -3.8574610e-01
   1.0622942e+02   1.0529214e+02   9.9807050e+01   1.2110325e-01  -9.1462801e-01  -3.8573255e-01
   1.0611532e+02   1.0518460e+02   1.0002623e+02   1.2109809e-01  -9.1462446e-01  -3.8574260e-01
   1.0630855e+02   1.0519719e+02   1.0005702e+02   1.2107675e-01  -9.1462109e-01  -3.8575729e-01
   1.0620077e+02   1.0511542e+02   1.0026910e+02   1.5891335e-01  -9.6616604e-01  -2.0314954e-01
   1.0636665e+02   1.0512160e+02   1.0036947e+02   1.5889825e-01  -9.6616616e-01  -2.0316075e-01
   1.0618602e+02   1.0504531e+02   1.0059101e+02   1.5889235e-01  -9.6616398e-01  -2.0317577e-01
   1.0638104e+02   1.0506934e+02   1.0062928e+02   1.5892170e-01  -9.6616596e-01  -2.0314335e-01
   1.0623212e+02   1.0502483e+02   1.0082926e+02   1.5433922e-01  -9.8795698e-01  -1.0973115e-02
   1.0636979e+02   1.0504482e+02   1.0096638e+02   1.5434997e-01  -9.8795542e-01  -1.0962196e-02
   1.0611863e+02   1.0500329e+02   1.0117269e+02   1.5435436e-01  -9.8795491e-01  -1.0946830e-02
   1.0632326e+02   1.0503477e+02   1.0121625e+02   1.5432989e-01  -9.8795825e-01  -1.0989835e-02
   1.0613640e+02   1.0502627e+02   1.0138950e+02   1.0766726e-01  -9.7838680e-01   1.7654185e-01
   1.0623965e+02   1.0506698e+02   1.0155219e+02   1.0767162e-01  -9.7838524e-01   1.7654784e-01
   1.0591745e+02   1.0506211e+02   1.0172170e+02   1.0765847e-01  -9.7839956e-01   1.7647652e-01
   1.0613950e+02   1.0509606e+02   1.0177442e+02   1.0768150e-01  -9.7838405e-01   1.7654845e-01
   1.0592136e+02   1.0511978e+02   1.0190736e+02   2.2401638e-02  -9.3815373e-01   3.4549347e-01
   1.0598697e+02   1.0518590e+02   1.0208264e+02   2.2388722e-02  -9.3816309e-01   3.4546889e-01
   1.0559855e+02   1.0521642e+02   1.0219071e+02   2.2360663e-02  -9.3828849e-01   3.4512999e-01
   1.0584338e+02   1.0524866e+02   1.0226238e+02   2.2398808e-02  -9.3815743e-01   3.4548362e-01
   1.0572534e+02   1.0531683e+02   1.0240077e+02  -9.5162375e-02  -8.7026397e-01   4.8330606e-01
   1.0550276e+02   1.0536668e+02   1.0244670e+02  -9.5171890e-02  -8.7026239e-01   4.8330703e-01
   1.0545686e+02   1.0548124e+02   1.0264395e+02  -9.5172365e-02  -8.7025968e-01   4.8331182e-01
   1.0521925e+02   1.0545837e+02   1.0254875e+02  -2.3636278e-01  -7.7968685e-01   5.7984571e-01
   1.0530333e+02   1.0557889e+02   1.0274510e+02  -2.3632281e-01  -7.7972310e-01   5.7981326e-01
   1.0508187e+02   1.0563390e+02   1.0272881e+02  -2.3630744e-01  -7.7972675e-01   5.7981461e-01
   1.0500862e+02   1.0577657e+02   1.0289082e+02  -2.3630550e-01  -7.7973166e-01   5.7980880e-01
   1.0478998e+02   1.0576175e+02   1.0276885e+02  -3.9056043e-01  -6.7326942e-01   6.2783026e-01
   1.0482486e+02   1.0590199e+02   1.0294093e+02  -3.9056173e-01  -6.7326795e-01   6.2783103e-01
   1.0461850e+02   1.0594944e+02   1.0286344e+02  -3.9055361e-01  -6.7327059e-01   6.2783325e-01
   1.0453190e+02   1.0611273e+02   1.0298468e+02  -3.9054995e-01  -6.7327788e-01   6.2782771e-01
   1.0433656e+02   1.0610020e+02   1.0283246e+02  -5.4645780e-01  -5.5879743e-01   6.2380230e-01
   1.0433131e+02   1.0625887e+02   1.0297000e+02  -5.4646007e-01  -5.5879430e-01   6.2380310e-01
   1.0415072e+02   1.0628798e+02   1.0283787e+02  -5.4646846e-01  -5.5879070e-01   6.2379898e-01
   1.0406205e+02   1.0646479e+02   1.0291858e+02  -5.4647085e-01  -5.5878631e-01   6.2380082e-01
   1.0389629e+02   1.0644734e+02   1.0273592e+02  -6.9246723e-01  -4.4478013e-01   5.6803149e-01
   1.0386198e+02   1.0662112e+02   1.0283016e+02  -6.9247266e-01  -4.4477115e-01   5.6803190e-01
   1.0371517e+02   1.0662252e+02   1.0265228e+02  -6.9247943e-01  -4.4476731e-01   5.6802665e-01
   1.0363392e+02   1.0680665e+02   1.0269741e+02  -6.9247208e-01  -4.4478088e-01   5.6802499e-01
   1.0350452e+02   1.0677662e+02   1.0248816e+02  -8.1775741e-01  -3.3968388e-01   4.6463714e-01
   1.0345392e+02   1.0696003e+02   1.0253318e+02  -8.1775451e-01  -3.3968975e-01   4.6463797e-01
   1.0334682e+02   1.0692564e+02   1.0231954e+02  -8.1775165e-01  -3.3969196e-01   4.6464138e-01
   1.0327926e+02   1.0711294e+02   1.0233758e+02  -8.1776572e-01  -3.3966401e-01   4.6463706e-01
   1.0319213e+02   1.0706321e+02   1.0210956e+02  -9.1301989e-01  -2.5129418e-01   3.2131903e-01
   1.0313880e+02   1.0724914e+02   1.0210345e+02  -9.1301309e-01  -2.5131185e-01   3.2132454e-01
   1.0307616e+02   1.0717165e+02   1.0186486e+02  -9.1302477e-01  -2.5129845e-01   3.2130182e-01
   1.0302438e+02   1.0736097e+02   1.0186578e+02  -9.1302856e-01  -2.5128955e-01   3.2129800e-01
   1.0298338e+02   1.0728578e+02   1.0163014e+02  -9.7119895e-01  -1.8618893e-01   1.4868182e-01
   1.0294038e+02   1.0746638e+02   1.0157547e+02  -9.7120078e-01  -1.8618202e-01   1.4867852e-01
   1.0292638e+02   1.0733890e+02   1.0132438e+02  -9.7120181e-01  -1.8617986e-01   1.4867452e-01
   1.0288817e+02   1.0753232e+02   1.0131699e+02  -9.7120044e-01  -1.8618440e-01   1.4867778e-01
   1.0289432e+02   1.0742801e+02   1.0108721e+02  -9.8798197e-01  -1.4917075e-01  -4.0493297e-02
   1.0287296e+02   1.0759566e+02   1.0099073e+02  -9.8798251e-01  -1.4916645e-01  -4.0496073e-02
   1.0291088e+02   1.0741189e+02   1.0074256e+02  -9.8798176e-01  -1.4917733e-01  -4.0474262e-02
   1.0288075e+02   1.0761429e+02   1.0073192e+02  -9.8798125e-01  -1.4918208e-01  -4.0469308e-02
   1.0293176e+02   1.0747970e+02   1.0052248e+02  -9.6211833e-01  -1.4300976e-01  -2.3211319e-01
   1.0294065e+02   1.0762788e+02   1.0039430e+02  -9.6211867e-01  -1.4301671e-01  -2.3210750e-01
   1.0303156e+02   1.0738299e+02   1.0016838e+02  -9.6211723e-01  -1.4301293e-01  -2.3211578e-01
   1.0300266e+02   1.0760080e+02   1.0015396e+02  -9.6211808e-01  -1.4301720e-01  -2.3210962e-01
   1.0309284e+02   1.0743748e+02   9.9978999e+01  -8.9553330e-01  -1.6814844e-01  -4.1200269e-01
   1.0313746e+02   1.0756134e+02   9.9831472e+01  -8.9552534e-01  -1.6811929e-01  -4.1203188e-01
   1.0327835e+02   1.0725337e+02   9.9650916e+01  -8.9550869e-01  -1.6810133e-01  -4.1207539e-01
   1.0324486e+02   1.0749285e+02   9.9625983e+01  -8.9553383e-01  -1.6813569e-01  -4.1200673e-01
   1.0334764e+02   1.0743806e+02   9.9470537e+01  -7.9315431e-01  -2.2270802e-01  -5.6683982e-01
   1.0901712e+02   1.1134713e+02   1.0309593e+02   4.9240411e-01  -4.5682621e-01   7.4084277e-01
   1.1006306e+02   1.1400739e+02   1.0404114e+02   4.9239960e-01  -4.5682673e-01   7.4084544e-01
   1.1024659e+02   1.1403325e+02   1.0393510e+02   4.9222980e-01  -4.5719399e-01   7.4073172e-01
   1.1010281e+02   1.1402669e+02   1.0402662e+02   4.9237299e-01  -4.5683324e-01   7.4085912e-01
   1.1087341e+02   1.1233110e+02   1.0246889e+02   4.9240496e-01  -4.5682566e-01   7.4084254e-01
   1.1208063e+02   1.1272541e+02   1.0190965e+02   4.9215565e-01  -4.5714421e-01   7.4081171e-01
   1.1015662e+02   1.1404888e+02   1.0400454e+02   4.9247786e-01  -4.5658448e-01   7.4094275e-01
   1.1019521e+02   1.1402501e+02   1.0396417e+02   4.9240209e-01  -4.5682858e-01   7.4084265e-01
   1.1002163e+02   1.1398343e+02   1.0405390e+02   4.9253013e-01  -4.5679350e-01   7.4077916e-01
   1.0999346e+02   1.1396542e+02   1.0406152e+02   4.9230404e-01  -4.5685293e-01   7.4089279e-01
   1.1208279e+02   1.1276016e+02   1.0192964e+02   4.9242204e-01  -4.5680173e-01   7.4084595e-01
   1.1210092e+02   1.1279394e+02   1.0193842e+02   4.9237192e-01  -4.5686771e-01   7.4083857e-01
   1.1211103e+02   1.1280945e+02   1.0194126e+02   4.9262005e-01  -4.5653622e-01   7.4087797e-01
   1.1201517e+02   1.1298670e+02   1.0211427e+02   4.9644716e-01  -4.5267887e-01   7.4069026e-01
   1.1208389e+02   1.1291960e+02   1.0202723e+02   4.9182304e-01  -4.5740105e-01   7.4087407e-01
   1.1209638e+02   1.1284589e+02   1.0197347e+02   4.9242434e-01  -4.5679939e-01   7.4084586e-01
   1.1207795e+02   1.1289846e+02   1.0201813e+02   4.9238013e-01  -4.5685854e-01   7.4083877e-01
   1.1028241e+02   1.1400852e+02   1.0389604e+02   4.9251233e-01  -4.5667852e-01   7.4086189e-01
   1.1200376e+02   1.1297866e+02   1.0211690e+02   4.9233280e-01  -4.5692036e-01   7.4083210e-01
   1.0980093e+02   1.0968879e+02   1.0161570e+02   5.8683838e-01   8.0285915e-01   1.0506141e-01
   1.0902737e+02   1.1005071e+02   1.0317105e+02   5.8682421e-01   8.0287253e-01   1.0503827e-01
   1.0807165e+02   1.1070271e+02   1.0352679e+02   5.8682433e-01   8.0287238e-01   1.0503882e-01
   1.0853277e+02   1.1038579e+02   1.0337299e+02   5.8682733e-01   8.0286967e-01   1.0504271e-01
   1.0960369e+02   1.0976006e+02   1.0217287e+02   5.8681788e-01   8.0287777e-01   1.0503361e-01
   1.0937036e+02   1.0985986e+02   1.0271357e+02   5.8683200e-01   8.0286506e-01   1.0505192e-01
   1.1012584e+02   1.1444232e+02   1.0069885e+02   4.3883069e-01   4.1430771e-01   7.9735610e-01
   1.1018969e+02   1.1445637e+02   1.0065519e+02   4.5279183e-01   4.1353051e-01   7.8991904e-01
   1.0945767e+02   1.1486871e+02   1.0139700e+02   9.6025164e-01   1.0357095e-01   2.5921003e-01
   1.0939700e+02   1.1491238e+02   1.0159645e+02   9.5396761e-01   1.3387480e-01   2.6837163e-01
   1.1038544e+02   1.1429669e+02   1.0062888e+02   4.5429914e-01   4.4240026e-01   7.7323625e-01
   1.1045006e+02   1.1423194e+02   1.0063910e+02   2.6055148e-01   5.8181353e-01   7.7045827e-01
   1.1055207e+02   1.1419325e+02   1.0063381e+02   2.6061724e-01   5.8181070e-01   7.7043817e-01
   1.1074375e+02   1.1402597e+02   1.0069529e+02   2.6060977e-01   5.8178659e-01   7.7045889e-01
   1.1079815e+02   1.1396474e+02   1.0073535e+02   6.8914838e-02   7.3436826e-01   6.7524366e-01
   1.1089407e+02   1.1392575e+02   1.0076796e+02   6.8953765e-02   7.3436385e-01   6.7524449e-01
   1.1104853e+02   1.1377426e+02   1.0091694e+02   6.8944476e-02   7.3435196e-01   6.7525837e-01
   1.1108444e+02   1.1372289e+02   1.0098299e+02  -7.6290625e-02   8.6364333e-01   4.9829704e-01
   1.1116387e+02   1.1369179e+02   1.0104905e+02  -7.6209808e-02   8.6363349e-01   4.9832646e-01
   1.1125859e+02   1.1357515e+02   1.0126567e+02  -7.6242111e-02   8.6361344e-01   4.9835627e-01
   1.1127011e+02   1.1353919e+02   1.0134840e+02  -1.5520006e-01   9.5201201e-01   2.6379174e-01
   1.1132500e+02   1.1352301e+02   1.0143908e+02  -1.5519847e-01   9.5201192e-01   2.6379300e-01
   1.1134543e+02   1.1345567e+02   1.0169413e+02  -1.5518406e-01   9.5201645e-01   2.6378511e-01
   1.1132996e+02   1.1343851e+02   1.0178196e+02  -1.5721290e-01   9.8755890e-01   3.3953401e-03
   1.1135564e+02   1.1344225e+02   1.0188534e+02  -1.5721907e-01   9.8755795e-01   3.3863673e-03
   1.1129723e+02   1.1343206e+02   1.0214416e+02  -1.5717020e-01   9.8756577e-01   3.3743185e-03
   1.1125591e+02   1.1343450e+02   1.0222485e+02  -8.1991028e-02   9.6543419e-01  -2.4741524e-01
   1.1125162e+02   1.1346044e+02   1.0232748e+02  -8.2010017e-02   9.6541800e-01  -2.4747209e-01
   1.1112055e+02   1.1350754e+02   1.0255465e+02  -8.2012020e-02   9.6541782e-01  -2.4747215e-01
   1.1105799e+02   1.1352765e+02   1.0261698e+02   6.0186558e-02   8.8859765e-01  -4.5472166e-01
   1.1102701e+02   1.1357515e+02   1.0270570e+02   6.0186084e-02   8.8859270e-01  -4.5473141e-01
   1.1083937e+02   1.1367186e+02   1.0286986e+02   6.0164004e-02   8.8859056e-01  -4.5473851e-01
   1.1076310e+02   1.1370529e+02   1.0290516e+02   2.5005955e-01   7.6752875e-01  -5.9022863e-01
   1.1071215e+02   1.1377087e+02   1.0296886e+02   2.5005972e-01   7.6752819e-01  -5.9022929e-01
   1.1049186e+02   1.1390273e+02   1.0304700e+02   2.5007232e-01   7.6753051e-01  -5.9022094e-01
   1.1041122e+02   1.1394328e+02   1.0305031e+02   4.6185823e-01   6.1867024e-01  -6.3555811e-01
   1.1034960e+02   1.1402116e+02   1.0308134e+02   4.6186048e-01   6.1866522e-01  -6.3556136e-01
   1.1012521e+02   1.1416880e+02   1.0306200e+02   4.6186525e-01   6.1866717e-01  -6.3555600e-01
   1.1005011e+02   1.1420930e+02   1.0303278e+02   6.6679234e-01   4.6221539e-01  -5.8458953e-01
   1.0998841e+02   1.1429216e+02   1.0302791e+02   6.6679357e-01   4.6221286e-01  -5.8459012e-01
   1.0978921e+02   1.1443394e+02   1.0291281e+02   6.6679458e-01   4.6221384e-01  -5.8458819e-01
   1.0972874e+02   1.1446724e+02   1.0285498e+02   8.3702783e-01   3.1943427e-01  -4.4423660e-01
   1.0967740e+02   1.1454725e+02   1.0281577e+02   8.3704552e-01   3.1939527e-01  -4.4423131e-01
   1.0952949e+02   1.1466217e+02   1.0261969e+02   8.3704381e-01   3.1939036e-01  -4.4423807e-01
   1.0949067e+02   1.1468211e+02   1.0254106e+02   9.4946163e-01   2.0966687e-01  -2.3358601e-01
   1.0945866e+02   1.1475191e+02   1.0247359e+02   9.4947347e-01   2.0963239e-01  -2.3356880e-01
   1.0938130e+02   1.1482250e+02   1.0222244e+02   9.4947379e-01   2.0968054e-01  -2.3352429e-01
   1.0936818e+02   1.1482473e+02   1.0213363e+02   9.8882010e-01   1.4792093e-01   1.8820611e-02
   1.0936178e+02   1.1487848e+02   1.0204761e+02   9.8882658e-01   1.4787195e-01   1.8864642e-02
   1.0936479e+02   1.1489315e+02   1.0177498e+02   9.8882545e-01   1.4787900e-01   1.8868563e-02
   1.0937700e+02   1.1487665e+02   1.0168746e+02   9.5619373e-01   1.4337379e-01   2.5522050e-01
   1.0937438e+02   1.1473863e+02   1.0146770e+02   7.6444620e-01  -5.9209757e-01   2.5503425e-01
   1.1011649e+02   1.1441162e+02   1.0070410e+02   5.8666021e-02  -1.7154278e-01   9.8342838e-01
   1.0868997e+02   1.1469514e+02   1.0068922e+02   6.4278863e-01  -3.8301871e-01  -6.6341499e-01
   1.0888716e+02   1.1524084e+02   1.0056522e+02   6.4274818e-01  -3.8303891e-01  -6.6344251e-01
   1.0891285e+02   1.1528198e+02   1.0056636e+02   6.4291418e-01  -3.8296277e-01  -6.6332562e-01
   1.0892674e+02   1.1529522e+02   1.0057218e+02   6.4251753e-01  -3.8313787e-01  -6.6360877e-01
   1.0944115e+02   1.1492375e+02   1.0128506e+02   6.4277207e-01  -3.8303927e-01  -6.6341917e-01
   1.0920843e+02   1.1475328e+02   1.0115800e+02   6.4278950e-01  -3.8301883e-01  -6.6341407e-01
   1.0908083e+02   1.1530624e+02   1.0071511e+02   6.4265915e-01  -3.8305254e-01  -6.6352089e-01
   1.0905528e+02   1.1529846e+02   1.0069485e+02   6.4280360e-01  -3.8301346e-01  -6.6340351e-01
   1.0895815e+02   1.1529029e+02   1.0060545e+02   6.4279534e-01  -3.8301879e-01  -6.6340844e-01
   1.0900784e+02   1.1530394e+02   1.0064572e+02   6.4279298e-01  -3.8301968e-01  -6.6341021e-01
   1.0903597e+02   1.1533131e+02   1.0065718e+02   6.4339925e-01  -3.8282507e-01  -6.6293467e-01
   1.0933276e+02   1.1431212e+02   1.0002581e+02  -6.4279786e-01   3.8301410e-01   6.6340870e-01
   1.1007646e+02   1.1444233e+02   1.0067120e+02  -6.4276912e-01   3.8301164e-01   6.6343798e-01
   1.0985898e+02   1.1446876e+02   1.0044523e+02  -6.4278610e-01   3.8302291e-01   6.6341501e-01
   1.0969221e+02   1.1489398e+02   1.0003814e+02  -6.4280366e-01   3.8301837e-01   6.6340062e-01
   1.0963469e+02   1.1491740e+02   9.9968895e+01  -6.4273900e-01   3.8304014e-01   6.6345070e-01
   1.0959599e+02   1.1492008e+02   9.9929852e+01  -6.4291904e-01   3.8296936e-01   6.6331710e-01
   1.0957921e+02   1.1492174e+02   9.9912624e+01  -6.4268938e-01   3.8306603e-01   6.6348382e-01
   1.0955262e+02   1.1487592e+02   9.9913327e+01  -6.4276413e-01   3.8303398e-01   6.6342990e-01
   1.0952026e+02   1.1485985e+02   9.9891257e+01  -6.4261512e-01   3.8310535e-01   6.6353303e-01
   1.0937036e+02   1.1387767e+02   1.0056411e+02   5.8682515e-01   8.0287190e-01   1.0503788e-01
   1.0903037e+02   1.1422254e+02   9.9827449e+01   5.8680751e-01   8.0288376e-01   1.0504580e-01
   1.0891046e+02   1.1426408e+02   1.0017986e+02   5.8682365e-01   8.0287302e-01   1.0503768e-01
   1.0905950e+02   1.1407051e+02   1.0082683e+02   5.8682516e-01   8.0287224e-01   1.0503522e-01
   1.0856822e+02   1.1448021e+02   1.0043987e+02   5.8682360e-01   8.0287323e-01   1.0503639e-01
   1.0893626e+02   1.1411986e+02   1.0113805e+02   5.8681011e-01   8.0288062e-01   1.0505527e-01
