   1.5362327e+00   1.7628946e+01   1.5742033e+00   4.7251765e-01   7.2384758e-01   5.0276412e-01
   1.5289274e+00   1.7673166e+01   1.5005324e+00   2.7254708e-01   9.2384701e-01   2.6874670e-01
   1.5296912e+00   1.7698179e+01   1.3896309e+00   6.2396418e-02   9.9598324e-01   6.4218918e-02
   1.5288203e+00   1.7689197e+01   1.4408466e+00   2.1625825e-01   9.3748448e-01   2.7268154e-01
   1.5331928e+00   1.7654082e+01   1.5387132e+00   4.1997998e-01   7.4529008e-01   5.1784120e-01
   1.5308819e+00   1.7601120e+01   1.6067155e+00   5.5413287e-01   5.0872278e-01   6.5889141e-01
   1.4420758e+00   1.7529911e+01   1.7181268e+00   6.4843924e-01   1.9494900e-01   7.3588140e-01
   1.5397084e+00   1.7519692e+01   1.6370702e+00   6.1792344e-01   7.9891773e-02   7.8216873e-01
   1.5336337e+00   1.7554980e+01   1.6327729e+00   6.3771158e-01   2.7250832e-01   7.2046038e-01
  -2.1072332e+00   1.7539846e+01   7.4347051e-01  -9.3406219e-01   1.9671395e-01   2.9804606e-01
  -2.1787609e+00   1.7563397e+01   5.0985633e-01  -8.7342141e-01   3.5700506e-01   3.3118337e-01
  -2.1823284e+00   1.7525088e+01   5.2414249e-01  -9.4310930e-01   1.3789155e-01   3.0254053e-01
  -2.1391554e+00   1.7620802e+01   5.2891569e-01  -7.6793550e-01   5.9115188e-01   2.4660601e-01
  -2.0688125e+00   1.7683016e+01   5.0312705e-01  -2.4677149e-01   9.6593921e-01   7.7879938e-02
  -1.9940643e+00   1.7699626e+01   5.0829839e-01  -4.2890104e-02   9.9897763e-01   1.4287881e-02
  -2.0787274e+00   1.7527326e+01   8.4080575e-01  -9.3404446e-01   1.9437647e-01   2.9963099e-01
  -2.0521724e+00   1.7534777e+01   8.9805422e-01  -8.6567224e-01   1.9426607e-01   4.6138082e-01
  -1.8884675e+00   1.7541891e+01   1.2022123e+00  -8.6567134e-01   1.9426948e-01   4.6138108e-01
  -1.8614733e+00   1.7521571e+01   1.2527749e+00  -7.6549363e-01   1.9427110e-01   6.1341523e-01
  -1.8195404e+00   1.7540173e+01   1.2992127e+00  -7.6549413e-01   1.9427052e-01   6.1341479e-01
  -1.6345113e+00   1.7534065e+01   1.5320491e+00  -7.6549410e-01   1.9427319e-01   6.1341398e-01
  -1.5848676e+00   1.7541891e+01   1.5810816e+00  -6.3894614e-01   1.9427161e-01   7.4431605e-01
  -1.4156278e+00   1.7523902e+01   1.7310581e+00  -6.3894609e-01   1.9426869e-01   7.4431685e-01
  -1.3198696e+00   1.7528968e+01   1.8119378e+00  -6.3894577e-01   1.9426754e-01   7.4431742e-01
  -1.2660811e+00   1.7534777e+01   1.8479590e+00  -4.9038809e-01   1.9426838e-01   8.4957596e-01
  -9.6622348e-01   1.7541891e+01   2.0194148e+00  -4.9038898e-01   1.9426503e-01   8.4957622e-01
  -9.2174959e-01   1.7516607e+01   2.0472543e+00  -3.2493853e-01   1.9426468e-01   9.2556803e-01
  -8.7508942e-01   1.7540573e+01   2.0586049e+00  -3.2493383e-01   1.9426740e-01   9.2556911e-01
  -5.7645502e-01   1.7534346e+01   2.1647520e+00  -3.2493502e-01   1.9427605e-01   9.2556688e-01
  -5.0812812e-01   1.7541891e+01   2.1802361e+00  -1.4828834e-01   1.9427648e-01   9.6967377e-01
  -3.0899447e-01   1.7521710e+01   2.2147323e+00  -1.4828871e-01   1.9427879e-01   9.6967325e-01
  -1.6233741e-01   1.7530199e+01   2.2354591e+00  -1.4828709e-01   1.9427497e-01   9.6967426e-01
  -9.6409151e-02   1.7534777e+01   2.2379947e+00   3.3467389e-02   1.9427488e-01   9.8037605e-01
   2.4875374e-01   1.7541891e+01   2.2248024e+00   3.3465948e-02   1.9426705e-01   9.8037765e-01
   2.9392859e-01   1.7509086e+01   2.2280478e+00   2.1404598e-01   1.9426745e-01   9.5731107e-01
   3.3002110e-01   1.7541178e+01   2.2134646e+00   2.1406943e-01   1.9427354e-01   9.5730459e-01
   6.5612687e-01   1.7534592e+01   2.1418784e+00   2.1406934e-01   1.9427393e-01   9.5730453e-01
   7.2255693e-01   1.7541891e+01   2.1188523e+00   3.8729669e-01   1.9427371e-01   9.0125412e-01
   8.8759415e-01   1.7519492e+01   2.0527592e+00   3.8729677e-01   1.9427339e-01   9.0125416e-01
   1.0442045e+00   1.7531152e+01   1.9829457e+00   3.8729212e-01   1.9428382e-01   9.0125391e-01
   1.1016857e+00   1.7541891e+01   1.9488234e+00   5.4717973e-01   1.9428330e-01   8.1415499e-01
   1.3875576e+00   1.7534600e+01   1.7584332e+00   5.4718266e-01   1.9427240e-01   8.1415562e-01
   1.4211594e+00   1.7501849e+01   1.7436648e+00   5.4718608e-01   1.9427227e-01   8.1415335e-01
   1.4257249e+00   1.7602163e+01   1.6971707e+00   5.5296025e-01   5.5524075e-01   6.2124284e-01
   1.3690864e+00   1.7612192e+01   1.7322601e+00   4.6441005e-01   5.5392907e-01   6.9100354e-01
   1.0891148e+00   1.7606084e+01   1.9253204e+00   4.6440893e-01   5.5393521e-01   6.9099937e-01
   1.0253736e+00   1.7612192e+01   1.9554358e+00   3.2871052e-01   5.5393517e-01   7.6492171e-01
   7.1454621e-01   1.7606084e+01   2.0934313e+00   3.2871053e-01   5.5393491e-01   7.6492189e-01
   6.4633746e-01   1.7612192e+01   2.1112483e+00   1.8168697e-01   5.5393497e-01   8.1249362e-01
   3.1536180e-01   1.7606084e+01   2.1894243e+00   1.8168706e-01   5.5393621e-01   8.1249276e-01
   2.4503519e-01   1.7612192e+01   2.1943290e+00   2.8403226e-02   5.5393629e-01   8.3207442e-01
  -9.4686756e-02   1.7606084e+01   2.2099921e+00   2.8403475e-02   5.5393750e-01   8.3207361e-01
  -1.6470849e-01   1.7612192e+01   2.2018156e+00  -1.2585576e-01   5.5393737e-01   8.2299072e-01
  -5.0147355e-01   1.7606084e+01   2.1544269e+00  -1.2585707e-01   5.5393334e-01   8.2299323e-01
  -5.6877793e-01   1.7612192e+01   2.1334510e+00  -2.7578216e-01   5.5393332e-01   7.8555845e-01
  -8.9098442e-01   1.7606084e+01   2.0246429e+00  -2.7578034e-01   5.5393750e-01   7.8555614e-01
  -9.5325321e-01   1.7612192e+01   1.9915900e+00  -4.1620645e-01   5.5393748e-01   7.2105857e-01
  -1.2498016e+00   1.7606084e+01   1.8251100e+00  -4.1620662e-01   5.5393715e-01   7.2105872e-01
  -1.3048895e+00   1.7612192e+01   1.7811188e+00  -5.4229126e-01   5.5393767e-01   6.3172244e-01
  -1.5655636e+00   1.7606084e+01   1.5627036e+00  -5.4229268e-01   5.5393533e-01   6.3172328e-01
  -1.6115727e+00   1.7612192e+01   1.5092898e+00  -6.4969779e-01   5.5393448e-01   5.2062403e-01
  -1.8273928e+00   1.7606084e+01   1.2464621e+00  -6.4969898e-01   5.5393267e-01   5.2062446e-01
  -1.8627382e+00   1.7612192e+01   1.1854657e+00  -7.3472261e-01   5.5393254e-01   3.9158833e-01
  -2.0262683e+00   1.7606084e+01   8.8728089e-01  -7.3472164e-01   5.5393395e-01   3.9158818e-01
  -2.0532920e+00   1.7607313e+01   8.2215936e-01  -7.9007825e-01   5.5445038e-01   2.6145962e-01
  -2.1717481e+00   1.7583691e+01   5.0770083e-01  -8.8780735e-01   3.6282189e-01   2.8312257e-01
   1.3927273e+00   1.7659249e+01   1.6544177e+00   3.8279368e-01   8.3074271e-01   4.0414792e-01
   1.3342417e+00   1.7665353e+01   1.6892837e+00   3.1085423e-01   8.3032656e-01   4.6252292e-01
   1.0636918e+00   1.7661170e+01   1.8786249e+00   3.1085625e-01   8.3032283e-01   4.6252825e-01
   9.9907190e-01   1.7665353e+01   1.9067601e+00   2.2002543e-01   8.3032278e-01   5.1200868e-01
   6.9819067e-01   1.7661170e+01   2.0428415e+00   2.2002505e-01   8.3032419e-01   5.1200656e-01
   6.2948408e-01   1.7665353e+01   2.0585502e+00   1.2161267e-01   8.3032408e-01   5.4384950e-01
   3.0863740e-01   1.7661170e+01   2.1366830e+00   1.2161271e-01   8.3032701e-01   5.4384502e-01
   2.3821074e-01   1.7665353e+01   2.1394237e+00   1.9012568e-02   8.3032694e-01   5.5695214e-01
  -9.1548695e-02   1.7661170e+01   2.1569167e+00   1.9011918e-02   8.3032476e-01   5.5695543e-01
  -1.6126840e-01   1.7665353e+01   2.1465950e+00  -8.4243185e-02   8.3032475e-01   5.5087557e-01
  -4.8858066e-01   1.7661170e+01   2.1028457e+00  -8.4242215e-02   8.3032645e-01   5.5087316e-01
  -5.5519225e-01   1.7665353e+01   2.0798172e+00  -1.8459582e-01   8.3032649e-01   5.2581585e-01
  -8.6878120e-01   1.7661170e+01   1.9763326e+00  -1.8459532e-01   8.3032710e-01   5.2581506e-01
  -9.2998971e-01   1.7665353e+01   1.9413905e+00  -2.7858913e-01   8.3032697e-01   4.8264399e-01
  -1.2190526e+00   1.7661170e+01   1.7817354e+00  -2.7859078e-01   8.3032539e-01   4.8264574e-01
  -1.2727492e+00   1.7665353e+01   1.7360838e+00  -3.6298655e-01   8.3032578e-01   4.2284733e-01
  -1.5273285e+00   1.7661170e+01   1.5257584e+00  -3.6298512e-01   8.3032694e-01   4.2284628e-01
  -1.5716637e+00   1.7665353e+01   1.4709696e+00  -4.3487666e-01   8.3032729e-01   3.4848083e-01
  -1.7829886e+00   1.7661170e+01   1.2172197e+00  -4.3487659e-01   8.3032734e-01   3.4848079e-01
  -1.8164348e+00   1.7665353e+01   1.1551812e+00  -4.9178682e-01   8.3032771e-01   2.6210994e-01
  -1.9772249e+00   1.7661170e+01   8.6674813e-01  -4.9178741e-01   8.3032731e-01   2.6211009e-01
  -1.9990729e+00   1.7665378e+01   8.0025664e-01  -5.2789990e-01   8.3073805e-01   1.7662384e-01
  -2.0941171e+00   1.7661973e+01   5.2992627e-01  -5.3890214e-01   8.2347298e-01   1.7741682e-01
   1.3484503e+00   1.7690945e+01   1.5980156e+00   1.4507218e-01   9.8040656e-01   1.3325552e-01
   1.2891801e+00   1.7693218e+01   1.6337915e+00   1.0925254e-01   9.8063186e-01   1.6255780e-01
   1.0300903e+00   1.7691701e+01   1.8170736e+00   1.0925261e-01   9.8063182e-01   1.6255799e-01
   9.6504168e-01   1.7693218e+01   1.8438966e+00   7.7329160e-02   9.8063179e-01   1.7994857e-01
   6.7654300e-01   1.7691701e+01   1.9761406e+00   7.7329049e-02   9.8063190e-01   1.7994804e-01
   6.0765761e-01   1.7693218e+01   1.9904803e+00   4.2741527e-02   9.8063191e-01   1.9113929e-01
   2.9968896e-01   1.7691701e+01   2.0671301e+00   4.2741527e-02   9.8063191e-01   1.9113928e-01
   2.2934005e-01   1.7693218e+01   2.0684925e+00   6.6825986e-03   9.8063192e-01   1.9574572e-01
  -8.7489409e-02   1.7691701e+01   2.0869086e+00   6.6822120e-03   9.8063146e-01   1.9574801e-01
  -1.5687763e-01   1.7693218e+01   2.0752468e+00  -2.9608494e-02   9.8063146e-01   1.9361114e-01
  -4.7165324e-01   1.7691701e+01   2.0347933e+00  -2.9607945e-02   9.8063177e-01   1.9360965e-01
  -5.3769160e-01   1.7693218e+01   2.0105090e+00  -6.4877746e-02   9.8063178e-01   1.8480311e-01
  -8.3956925e-01   1.7691701e+01   1.9125806e+00  -6.4878363e-02   9.8063155e-01   1.8480414e-01
  -8.9998191e-01   1.7693218e+01   1.8765105e+00  -9.7913752e-02   9.8063155e-01   1.6963094e-01
  -1.1785617e+00   1.7691701e+01   1.7244803e+00  -9.7912872e-02   9.8063181e-01   1.6962994e-01
  -1.2312681e+00   1.7693218e+01   1.6778667e+00  -1.2757485e-01   9.8063179e-01   1.4861342e-01
  -1.4769540e+00   1.7691701e+01   1.4769723e+00  -1.2757476e-01   9.8063181e-01   1.4861335e-01
  -1.5201382e+00   1.7693218e+01   1.4214212e+00  -1.5284165e-01   9.8063181e-01   1.2247728e-01
  -1.7244659e+00   1.7691701e+01   1.1785834e+00  -1.5284265e-01   9.8063159e-01   1.2247780e-01
  -1.7566400e+00   1.7693218e+01   1.1160088e+00  -1.7284447e-01   9.8063160e-01   9.2121953e-02
  -1.9125705e+00   1.7691701e+01   8.3959219e-01  -1.7284541e-01   9.8063141e-01   9.2122231e-02
  -1.9342437e+00   1.7693250e+01   7.7332344e-01  -1.8236488e-01   9.8077339e-01   6.9473779e-02
  -2.0294523e+00   1.7691084e+01   5.2761722e-01  -2.4635960e-01   9.6605522e-01   7.7744796e-02
   1.5261964e+00   8.0991593e+00   1.6323728e+00   6.3108401e-01  -2.4852023e-03   7.7571051e-01
   1.6921778e+00   1.3487955e+01   1.4669704e+00   7.5656567e-01   1.5910914e-03   6.5391578e-01
   1.7355168e+00   8.0991083e+00   1.4075766e+00   8.1696616e-01  -3.6446862e-03   5.7667410e-01
   1.9074937e+00   8.0991082e+00   1.1639407e+00   8.1696334e-01  -3.6446862e-03   5.7667808e-01
   1.9800745e+00   1.3409516e+01   1.0259921e+00   8.8787934e-01   3.6446512e-03   4.6006194e-01
   2.0509193e+00   8.0991080e+00   8.8714288e-01   9.4225422e-01  -3.6444760e-03   3.3487863e-01
   2.1507864e+00   8.0991080e+00   6.0614332e-01   9.4225548e-01  -3.6444760e-03   3.3487509e-01
   2.1834575e+00   1.3409516e+01   4.5372766e-01   9.7907744e-01   3.6445665e-03   2.0345538e-01
   2.2142135e+00   8.0991081e+00   3.0091405e-01   9.9766212e-01  -3.6446660e-03   6.8242329e-02
   2.2345648e+00   8.0991081e+00   3.3907242e-03   9.9766206e-01  -3.6446660e-03   6.8243107e-02
   2.2249033e+00   1.3409517e+01  -1.5218755e-01   9.9766209e-01   3.6446452e-03  -6.8242718e-02
   2.2132903e+00   8.0991082e+00  -3.0763232e-01   9.7907744e-01  -3.6445646e-03  -2.0345535e-01
   2.1526157e+00   8.0991081e+00  -5.9961339e-01   9.7907743e-01  -3.6445646e-03  -2.0345541e-01
   2.1013381e+00   1.3409517e+01  -7.4681555e-01   9.4225485e-01   3.6445760e-03  -3.3487686e-01
   2.0482173e+00   8.0991080e+00  -8.9336301e-01   8.8788005e-01  -3.6445687e-03  -4.6006057e-01
   1.9110173e+00   8.0991084e+00  -1.1581470e+00   8.8787863e-01  -3.6445687e-03  -4.6006332e-01
   1.8219265e+00   1.3409516e+01  -1.2860561e+00   8.1696475e-01   3.6445561e-03  -5.7667609e-01
   1.4864552e+00   1.7415369e+01  -1.6868476e+00   6.6047568e-01   0.0000000e+00  -7.5084744e-01
   1.2923177e+00   1.7348922e+01  -1.8350368e+00   5.7668060e-01  -2.1893269e-03  -8.1696677e-01
   1.4328535e+00   1.3702752e+01  -1.7198632e+00   6.0451704e-01  -3.2920806e-03  -7.9658541e-01
   1.2960105e+00   8.0989293e+00  -1.8198036e+00   5.1957763e-01   5.2471634e-03  -8.5440713e-01
   1.5951274e+00   1.3633804e+01  -1.5852359e+00   7.1017531e-01  -2.0557096e-03  -7.0402188e-01
   1.5276873e+00   8.0991078e+00  -1.6307859e+00   7.3083009e-01  -3.6446296e-03  -6.8254970e-01
   1.7312371e+00   8.0991081e+00  -1.4128374e+00   7.3083173e-01  -3.6446296e-03  -6.8254794e-01
  -2.0521447e+00   8.1003625e+00  -8.8268894e-01  -8.8787074e-01   5.8536154e-03  -4.6005574e-01
  -2.1981470e+00   1.6678458e+01  -4.7956574e-01  -9.7708379e-01  -2.0588018e-03  -2.1284507e-01
  -2.1521523e+00   8.1005058e+00  -6.0094409e-01  -9.7908112e-01  -2.3950084e-03  -2.0345618e-01
  -2.2133954e+00   8.1005059e+00  -3.0622716e-01  -9.7908114e-01  -2.3950084e-03  -2.0345611e-01
  -2.2245539e+00   1.6404166e+01  -1.5216366e-01  -9.9766586e-01   2.3950614e-03  -6.8242975e-02
  -2.1523754e+00   8.1005170e+00   6.0033067e-01  -9.4226156e-01  -6.2548319e-04   3.3487725e-01
  -2.2189207e+00   1.6528394e+01   3.2939320e-01  -9.8933245e-01   3.3701182e-04   1.4567494e-01
  -2.2139356e+00   8.1005058e+00   3.0229546e-01  -9.9766588e-01  -2.3950750e-03   6.8242587e-02
  -2.2344776e+00   8.1005058e+00   1.9843462e-03  -9.9766583e-01  -2.3950750e-03   6.8243364e-02
  -2.1599160e+00   1.7389264e+01   6.0544296e-01  -9.5220540e-01   0.0000000e+00   3.0545847e-01
  -2.1527808e+00   1.6680793e+01   6.2571906e-01  -9.5087128e-01  -1.4298429e-03   3.0958321e-01
  -2.0942265e+00   1.7438345e+01   8.0992852e-01  -9.5220491e-01  -1.4295607e-03   3.0545665e-01
  -2.0494574e+00   8.1007487e+00   8.9045941e-01  -9.4225890e-01  -1.8345980e-03   3.3488029e-01
  -1.9774685e+00   1.7295710e+01   1.0532965e+00  -8.8248412e-01   1.0009099e-03   4.7034112e-01
  -1.9089068e+00   8.1007442e+00   1.1615384e+00  -8.1696701e-01  -2.0735071e-03   5.7668067e-01
  -1.8562014e+00   1.7464194e+01   1.2660932e+00  -7.8036015e-01  -1.6103270e-03   6.2532827e-01
  -1.7274898e+00   1.7330263e+01   1.4263706e+00  -7.8036096e-01  -1.6103272e-03   6.2532725e-01
  -1.7308772e+00   8.1007202e+00   1.4130535e+00  -8.1697144e-01   5.8771348e-04   5.7667783e-01
  -1.5177039e+00   1.7367774e+01   1.6495993e+00  -6.5135543e-01  -4.1173399e-04   7.5877265e-01
  -1.5237629e+00   8.1007306e+00   1.6341196e+00  -6.3108545e-01  -1.2602156e-03   7.7571229e-01
  -1.3578482e+00   1.7425895e+01   1.7867734e+00  -6.5135449e-01  -1.2591265e-03   7.5877252e-01
  -1.1262210e+00   1.7295848e+01   1.9356652e+00  -4.9990793e-01  -4.1387528e-03   8.6606867e-01
  -1.2823122e+00   8.1006120e+00   1.8292861e+00  -6.3108097e-01   5.2701618e-03   7.7569906e-01
  -9.1772969e-01   1.7476761e+01   2.0520503e+00  -3.3124633e-01  -4.0973564e-03   9.4353542e-01
  -1.0264171e+00   8.1007306e+00   1.9846986e+00  -3.9839976e-01  -1.7916566e-03   9.1721013e-01
  -7.2335988e-01   1.7318100e+01   2.1200438e+00  -3.3124576e-01  -1.7848969e-03   9.4354282e-01
  -7.4430232e-01   8.1007116e+00   2.1067780e+00  -3.9840067e-01   1.0087659e-03   9.1721093e-01
  -4.2732182e-01   1.7380100e+01   2.2008995e+00  -1.5116899e-01  -7.1819667e-04   9.8850767e-01
  -4.5287079e-01   8.1007305e+00   2.1879377e+00  -1.3616644e-01  -1.2048905e-03   9.9068524e-01
  -2.1937688e-01   1.7413449e+01   2.2326812e+00  -1.5116716e-01  -1.2045246e-03   9.8850748e-01
   6.8133031e-02   1.7295868e+01   2.2383357e+00   3.4117068e-02  -4.5705440e-03   9.9940739e-01
  -1.4476311e-01   8.1005949e+00   2.2291988e+00  -1.3616408e-01   5.9467319e-03   9.9066845e-01
   2.9520929e-01   1.7489336e+01   2.2295545e+00   2.1820068e-01  -4.6609337e-03   9.7589279e-01
   1.5423289e-01   8.1007305e+00   2.2291051e+00   1.3616622e-01  -1.9974021e-03   9.9068399e-01
   4.9525530e-01   1.7305982e+01   2.1844766e+00   2.1822672e-01  -1.9890857e-03   9.7589607e-01
   4.5908855e-01   8.1007022e+00   2.1866778e+00   1.3616640e-01   1.4593186e-03   9.9068491e-01
   7.9050712e-01   1.7392461e+01   2.0985587e+00   3.9481887e-01  -1.0542545e-03   9.1875837e-01
   7.4987257e-01   8.1007306e+00   2.1047181e+00   3.9840059e-01  -1.1794518e-03   9.1721076e-01
   9.8345427e-01   1.7401035e+01   2.0156401e+00   3.9481491e-01  -1.1794273e-03   9.1875992e-01
   1.0293240e+00   8.1007479e+00   1.9833488e+00   3.9840008e-01  -1.2612528e-03   9.1721087e-01
   1.2463376e+00   1.7297570e+01   1.8617902e+00   5.5781011e-01   7.7418184e-04   8.2996824e-01
   1.2900042e+00   8.1007302e+00   1.8244706e+00   6.3108826e-01  -2.1572267e-03   7.7570803e-01
   1.4213500e+00   1.7498068e+01   1.7439730e+00   5.5781246e-01  -2.1479449e-03   8.2996424e-01
   1.4832252e+00   1.3699387e+01   1.6841950e+00   6.2344954e-01  -2.1899968e-03   7.8186052e-01
   1.4878930e+00   1.7417221e+01   1.6856780e+00   6.6112397e-01   0.0000000e+00   7.5027668e-01
   1.0347520e+00   1.7348923e+01  -1.9916659e+00   4.6006181e-01  -2.1893244e-03  -8.8788419e-01
   1.0251898e+00   8.1007305e+00  -1.9854079e+00   5.1958292e-01   0.0000000e+00  -8.5442003e-01
   7.5404815e-01   1.7348923e+01  -2.1143180e+00   3.3488104e-01   0.0000000e+00  -9.4226042e-01
   7.4661934e-01   8.1007304e+00  -2.1060358e+00   2.6979618e-01  -2.1944536e-03  -9.6291495e-01
   4.5903544e-01   1.7348923e+01  -2.1969822e+00   2.0345409e-01  -2.1893390e-03  -9.7908204e-01
   4.5151631e-01   8.1007307e+00  -2.1883763e+00   2.6979683e-01   0.0000000e+00  -9.6291727e-01
   1.5564977e-01   1.7348923e+01  -2.2393531e+00   6.8243630e-02   0.0000000e+00  -9.9766869e-01
   1.5072513e-01   8.1010772e+00  -2.2396899e+00   6.8243630e-02   1.9690288e-18  -9.9766869e-01
  -1.5072513e-01   1.7348923e+01  -2.2396899e+00  -6.8243630e-02  -1.9690288e-18  -9.9766869e-01
  -1.5564977e-01   8.1010772e+00  -2.2393531e+00  -6.8243630e-02  -0.0000000e+00  -9.9766869e-01
  -4.5429234e-01   1.7348923e+01  -2.1983056e+00  -2.0345458e-01  -0.0000000e+00  -9.7908439e-01
  -4.5633652e-01   8.1007304e+00  -2.1873692e+00  -2.6979618e-01  -2.1944536e-03  -9.6291495e-01
  -7.4930790e-01   1.7348923e+01  -2.1156516e+00  -3.3488023e-01  -2.1893364e-03  -9.4225816e-01
  -7.5126107e-01   8.1007307e+00  -2.1043917e+00  -2.6979683e-01  -0.0000000e+00  -9.6291727e-01
  -1.0305419e+00   1.7348923e+01  -1.9942200e+00  -4.6006291e-01  -0.0000000e+00  -8.8788632e-01
  -1.0295595e+00   8.1007301e+00  -1.9831377e+00  -5.1958167e-01  -2.1944417e-03  -8.5441797e-01
  -1.2923177e+00   1.7348922e+01  -1.8350368e+00  -5.7668060e-01  -2.1893269e-03  -8.1696677e-01
  -1.2911604e+00   8.1007310e+00  -1.8236676e+00  -5.1958478e-01  -0.0000000e+00  -8.5441890e-01
  -1.5303608e+00   1.7348923e+01  -1.6422321e+00  -6.8255163e-01  -0.0000000e+00  -7.3083738e-01
  -1.5264250e+00   8.1007300e+00  -1.6318259e+00  -7.3083318e-01  -2.1944197e-03  -6.8255259e-01
  -1.7394819e+00   1.7348923e+01  -1.4183260e+00  -7.7571031e-01  -2.1893044e-03  -6.3108535e-01
  -1.7353003e+00   8.1007307e+00  -1.4076906e+00  -7.3083659e-01  -0.0000000e+00  -6.8255248e-01
  -1.9166796e+00   1.7348922e+01  -1.1684473e+00  -8.5441908e-01  -0.0000000e+00  -5.1958448e-01
  -1.9100824e+00   8.1007306e+00  -1.1594890e+00  -8.8788239e-01  -2.1943830e-03  -4.6006527e-01
  -2.0565512e+00   1.7352174e+01  -8.9949660e-01  -9.1661204e-01  -2.1894911e-03  -3.9977189e-01
  -2.1495564e+00   1.6680430e+01  -6.4200999e-01  -9.5505408e-01  -5.6242435e-03  -2.9637826e-01
  -2.1620303e+00   1.7386935e+01  -6.0852665e-01  -9.5986391e-01   0.0000000e+00  -2.8046616e-01
   1.5453722e+00   1.7506157e+01  -1.6347495e+00   6.6011195e-01   3.3183024e-02  -7.5043394e-01
   1.5457661e+00   1.7595305e+01  -1.6001779e+00   5.3940258e-01   5.9433286e-01  -5.9650089e-01
   1.5377760e+00   1.7577974e+01  -1.6188155e+00   6.0606383e-01   3.9631419e-01  -6.8965332e-01
   1.5247649e+00   1.7656224e+01  -1.5423658e+00   3.9698602e-01   8.1552240e-01  -4.2110012e-01
   1.5064919e+00   1.7690240e+01  -1.4470589e+00   1.5262794e-01   9.7518774e-01  -1.6035455e-01
   1.5482904e+00   1.7699990e+01  -1.3456808e+00   4.2635102e-03   9.9998125e-01  -4.3956318e-03
  -2.0363343e+00   1.7684104e+01  -5.4218978e-01  -2.5268301e-01   9.6467456e-01  -7.4527058e-02
  -2.1668854e+00   1.7595595e+01  -5.0459168e-01  -8.0407018e-01   5.4704574e-01  -2.3283493e-01
  -2.1517325e+00   1.7613116e+01  -5.1573566e-01  -8.0391456e-01   5.4729385e-01  -2.3278921e-01
  -2.1158237e+00   1.7644420e+01  -5.2991441e-01  -6.1939369e-01   7.5452938e-01  -2.1687983e-01
  -2.1888562e+00   1.7513725e+01  -5.1321056e-01  -9.5740811e-01   7.1487292e-02  -2.7974859e-01
  -2.1746942e+00   1.7553355e+01  -5.2765749e-01  -9.0876074e-01   2.9883810e-01  -2.9128972e-01
  -2.1154016e+00   1.7557999e+01  -7.1431640e-01  -9.2444355e-01   2.5851800e-01  -2.8030799e-01
  -2.0859048e+00   1.7558568e+01  -7.9383507e-01  -8.8551342e-01   2.5828188e-01  -3.8620778e-01
  -2.0050839e+00   1.7541723e+01  -9.9040948e-01  -8.8551362e-01   2.5827998e-01  -3.8620860e-01
  -1.9614690e+00   1.7558394e+01  -1.0647513e+00  -8.2543550e-01   2.5825498e-01  -5.0195677e-01
  -1.8515480e+00   1.7541898e+01  -1.2539958e+00  -8.2543577e-01   2.5824918e-01  -5.0195932e-01
  -1.7982160e+00   1.7558394e+01  -1.3219211e+00  -7.4939696e-01   2.5824958e-01  -6.0968135e-01
  -1.6635502e+00   1.7541898e+01  -1.4944352e+00  -7.4939707e-01   2.5825717e-01  -6.0967800e-01
  -1.6014656e+00   1.7558394e+01  -1.5544658e+00  -6.5939764e-01   2.5825694e-01  -7.0604398e-01
  -1.4445638e+00   1.7541898e+01  -1.7070353e+00  -6.5939744e-01   2.5825415e-01  -7.0604519e-01
  -1.3748833e+00   1.7558394e+01  -1.7580529e+00  -5.5711725e-01   2.5825399e-01  -7.8925614e-01
  -1.1986678e+00   1.7541898e+01  -1.8878374e+00  -5.5711816e-01   2.5826089e-01  -7.8925323e-01
  -1.1226894e+00   1.7558394e+01  -1.9288918e+00  -4.4445887e-01   2.5826164e-01  -8.5776293e-01
  -9.3044258e-01   1.7541898e+01  -2.0334727e+00  -4.4445670e-01   2.5825013e-01  -8.5776752e-01
  -8.4958176e-01   1.7558394e+01  -2.0637989e+00  -3.2352052e-01   2.5824970e-01  -9.1029751e-01
  -6.4488515e-01   1.7541898e+01  -2.1412282e+00  -3.2352107e-01   2.5825197e-01  -9.1029668e-01
  -5.6064804e-01   1.7558394e+01  -2.1602615e+00  -1.9655277e-01   2.5825189e-01  -9.4587154e-01
  -3.4731486e-01   1.7541898e+01  -2.2090962e+00  -1.9655289e-01   2.5825230e-01  -9.4587140e-01
  -2.6127062e-01   1.7558394e+01  -2.2164819e+00  -6.5927708e-02   2.5825230e-01  -9.6382534e-01
  -4.3274737e-02   1.7541898e+01  -2.2358134e+00  -6.5928587e-02   2.5825495e-01  -9.6382457e-01
   4.2973806e-02   1.7558394e+01  -2.2314140e+00   6.5927660e-02   2.5825496e-01  -9.6382463e-01
   2.6157156e-01   1.7541898e+01  -2.2208814e+00   6.5928636e-02   2.5825231e-01  -9.6382527e-01
   3.4641768e-01   1.7558394e+01  -2.2047788e+00   1.9655275e-01   2.5825230e-01  -9.4587143e-01
   5.6154522e-01   1.7541898e+01  -2.1645790e+00   1.9655291e-01   2.5825189e-01  -9.4587151e-01
   6.4340843e-01   1.7558394e+01  -2.1370732e+00   3.2352032e-01   2.5825198e-01  -9.1029694e-01
   8.5105849e-01   1.7541898e+01  -2.0679540e+00   3.2352127e-01   2.5824972e-01  -9.1029724e-01
   9.2841377e-01   1.7558394e+01  -2.0295572e+00   4.4446030e-01   2.5825006e-01  -8.5776567e-01
   1.1247182e+00   1.7541898e+01  -1.9328072e+00   4.4445529e-01   2.5826157e-01  -8.5776480e-01
   1.1961248e+00   1.7558394e+01  -1.8842347e+00   5.5711618e-01   2.5826094e-01  -7.8925462e-01
   1.3774264e+00   1.7541898e+01  -1.7616556e+00   5.5711922e-01   2.5825403e-01  -7.8925473e-01
   1.4411479e+00   1.7553118e+01  -1.7095977e+00   6.1191663e-01   2.5881596e-01  -7.4737697e-01
   1.5343260e+00   1.7531545e+01  -1.6389079e+00   6.3863690e-01   1.9562487e-01  -7.4422699e-01
  -2.0624802e+00   1.7644387e+01  -6.9680258e-01  -6.7798622e-01   7.0657034e-01  -2.0271415e-01
  -2.0349767e+00   1.7643202e+01  -7.7507874e-01  -6.4888736e-01   7.0629503e-01  -2.8300623e-01
  -1.9640820e+00   1.7630603e+01  -9.6907175e-01  -6.4888666e-01   7.0629601e-01  -2.8300539e-01
  -1.9135656e+00   1.7643072e+01  -1.0394198e+00  -6.0488845e-01   7.0626021e-01  -3.6784030e-01
  -1.8137674e+00   1.7630734e+01  -1.2272220e+00  -6.0488771e-01   7.0626145e-01  -3.6783913e-01
  -1.7542083e+00   1.7643072e+01  -1.2903026e+00  -5.4916530e-01   7.0626119e-01  -4.4678026e-01
  -1.6297670e+00   1.7630734e+01  -1.4627660e+00  -5.4916538e-01   7.0626103e-01  -4.4678042e-01
  -1.5621732e+00   1.7643072e+01  -1.5171492e+00  -4.8321446e-01   7.0626129e-01  -5.1739616e-01
  -1.4154074e+00   1.7630734e+01  -1.6710614e+00  -4.8321504e-01   7.0625949e-01  -5.1739807e-01
  -1.3410382e+00   1.7643072e+01  -1.7157339e+00  -4.0826327e-01   7.0625939e-01  -5.7837598e-01
  -1.1746812e+00   1.7630734e+01  -1.8482285e+00  -4.0826366e-01   7.0625716e-01  -5.7837843e-01
  -1.0949219e+00   1.7643072e+01  -1.8823582e+00  -3.2570526e-01   7.0625639e-01  -6.2858412e-01
  -9.1207323e-01   1.7630734e+01  -1.9909663e+00  -3.2570516e-01   7.0626040e-01  -6.2857966e-01
  -8.2840925e-01   1.7643072e+01  -2.0139178e+00  -2.3707874e-01   7.0626058e-01  -6.6707546e-01
  -6.3247495e-01   1.7630734e+01  -2.0966165e+00  -2.3707885e-01   7.0626145e-01  -6.6707450e-01
  -5.4646489e-01   1.7643072e+01  -2.1079620e+00  -1.4403806e-01   7.0626159e-01  -6.9314327e-01
  -3.4109463e-01   1.7630734e+01  -2.1632106e+00  -1.4403673e-01   7.0625680e-01  -6.9314843e-01
  -2.5434127e-01   1.7643072e+01  -2.1627386e+00  -4.8312133e-02   7.0625670e-01  -7.0630546e-01
  -4.3360606e-02   1.7630734e+01  -2.1895079e+00  -4.8312704e-02   7.0625806e-01  -7.0630407e-01
   4.2520605e-02   1.7643072e+01  -2.1772275e+00   4.8312039e-02   7.0625808e-01  -7.0630409e-01
   2.5518127e-01   1.7630734e+01  -2.1750190e+00   4.8312795e-02   7.0625673e-01  -7.0630539e-01
   3.3859024e-01   1.7643072e+01  -2.1511588e+00   1.4403905e-01   7.0625672e-01  -6.9314804e-01
   5.4896926e-01   1.7630734e+01  -2.1200137e+00   1.4403577e-01   7.0626151e-01  -6.9314383e-01
   6.2835283e-01   1.7643072e+01  -2.0850180e+00   2.3707844e-01   7.0626146e-01  -6.6707463e-01
   8.3253137e-01   1.7630734e+01  -2.0255164e+00   2.3707914e-01   7.0626059e-01  -6.6707530e-01
   9.0641021e-01   1.7643072e+01  -1.9800373e+00   3.2570339e-01   7.0626047e-01  -6.2858051e-01
   1.1005850e+00   1.7630734e+01  -1.8932873e+00   3.2570697e-01   7.0625646e-01  -6.2858315e-01
   1.1675827e+00   1.7643072e+01  -1.8381723e+00   4.0826457e-01   7.0625712e-01  -5.7837783e-01
   1.3481366e+00   1.7630734e+01  -1.7257901e+00   4.0826240e-01   7.0625935e-01  -5.7837664e-01
   1.4113753e+00   1.7636962e+01  -1.6697358e+00   4.5040354e-01   7.0707499e-01  -5.4514366e-01
   1.5333084e+00   1.7615310e+01  -1.5915269e+00   5.3960493e-01   5.9392112e-01  -5.9672793e-01
  -1.9762647e+00   1.7689935e+01  -6.6775319e-01  -2.4784816e-01   9.6585805e-01  -7.5428929e-02
  -1.9509245e+00   1.7689154e+01  -7.4436824e-01  -2.3769720e-01   9.6579124e-01  -1.0366926e-01
  -1.8892160e+00   1.7684365e+01  -9.3047153e-01  -2.3769753e-01   9.6579113e-01  -1.0366958e-01
  -1.8343980e+00   1.7689105e+01  -9.9781674e-01  -2.2158977e-01   9.6578457e-01  -1.3475212e-01
  -1.7448138e+00   1.7684415e+01  -1.1787504e+00  -2.2158888e-01   9.6578493e-01  -1.3475099e-01
  -1.6814425e+00   1.7689105e+01  -1.2383073e+00  -2.0117645e-01   9.6578495e-01  -1.6366879e-01
  -1.5680562e+00   1.7684415e+01  -1.4053567e+00  -2.0117736e-01   9.6578449e-01  -1.6367034e-01
  -1.4971658e+00   1.7689105e+01  -1.4557295e+00  -1.7701704e-01   9.6578449e-01  -1.8953967e-01
  -1.3620885e+00   1.7684415e+01  -1.6057839e+00  -1.7701645e-01   9.6578487e-01  -1.8953827e-01
  -1.2849989e+00   1.7689105e+01  -1.6460349e+00  -1.4955918e-01   9.6578486e-01  -2.1187652e-01
  -1.1307476e+00   1.7684415e+01  -1.7762989e+00  -1.4955922e-01   9.6578482e-01  -2.1187667e-01
  -1.0488952e+00   1.7689105e+01  -1.8056780e+00  -1.1931512e-01   9.6578486e-01  -2.3026835e-01
  -8.7834337e-01   1.7684415e+01  -1.9137242e+00  -1.1931511e-01   9.6578488e-01  -2.3026826e-01
  -7.9325287e-01   1.7689105e+01  -1.9316839e+00  -8.6848952e-02   9.6578487e-01  -2.4437031e-01
  -6.0957710e-01   1.7684415e+01  -2.0155006e+00  -8.6848965e-02   9.6578507e-01  -2.4436950e-01
  -5.2283342e-01   1.7689105e+01  -2.0217066e+00  -5.2765256e-02   9.6578509e-01  -2.5391924e-01
  -3.2945555e-01   1.7684415e+01  -2.0797325e+00  -5.2765349e-02   9.6578525e-01  -2.5391864e-01
  -2.4267457e-01   1.7689105e+01  -2.0740691e+00  -1.7698364e-02   9.6578526e-01  -2.5873847e-01
  -4.3196672e-02   1.7684415e+01  -2.1052227e+00  -1.7698083e-02   9.6578501e-01  -2.5873941e-01
   4.2004611e-02   1.7689105e+01  -2.0877953e+00   1.7698429e-02   9.6578501e-01  -2.5873941e-01
   2.4386663e-01   1.7684415e+01  -2.0914965e+00   1.7698022e-02   9.6578526e-01  -2.5873851e-01
   3.2590156e-01   1.7689105e+01  -2.0626298e+00   5.2765136e-02   9.6578525e-01  -2.5391867e-01
   5.2638741e-01   1.7684415e+01  -2.0388093e+00   5.2765463e-02   9.6578510e-01  -2.5391919e-01
   6.0372744e-01   1.7689105e+01  -1.9990412e+00   8.6848692e-02   9.6578508e-01  -2.4436958e-01
   7.9910253e-01   1.7684415e+01  -1.9481433e+00   8.6849213e-02   9.6578487e-01  -2.4437020e-01
   8.7030700e-01   1.7689105e+01  -1.8982147e+00   1.1931508e-01   9.6578488e-01  -2.3026827e-01
   1.0569316e+00   1.7684415e+01  -1.8211875e+00   1.1931515e-01   9.6578486e-01  -2.3026833e-01
   1.1206742e+00   1.7689105e+01  -1.7620282e+00   1.4955927e-01   9.6578482e-01  -2.1187664e-01
   1.2950723e+00   1.7684415e+01  -1.6603056e+00   1.4955914e-01   9.6578486e-01  -2.1187655e-01
   1.3610239e+00   1.7685216e+01  -1.6052487e+00   1.6825560e-01   9.6591653e-01  -1.9671126e-01
   1.5446295e+00   1.7675249e+01  -1.4867880e+00   3.9679717e-01   8.1571998e-01  -4.2089537e-01
  -1.8707949e+00   1.7700001e+01  -5.8690975e-01   0.0000000e+00   1.0000000e+00  -0.0000000e+00
  -3.6813569e-01   1.7700001e+01  -1.8952227e+00   0.0000000e+00   1.0000000e+00   0.0000000e+00
  -3.9983613e-01   1.7700001e+01  -1.3981605e+00   0.0000000e+00   1.0000000e+00   0.0000000e+00
   1.4152862e+00   1.7700001e+01  -2.3460507e-01   0.0000000e+00   1.0000000e+00   0.0000000e+00
  -1.1546460e+00   1.7700001e+01  -1.5524538e+00  -0.0000000e+00   1.0000000e+00   0.0000000e+00
  -8.3002264e-01   1.7700001e+01  -1.1894040e+00   0.0000000e+00   1.0000000e+00   0.0000000e+00
  -8.8532875e-01   1.7700001e+01  -1.7140129e+00  -0.0000000e+00   1.0000000e+00   0.0000000e+00
  -6.7411256e-01   1.7700001e+01  -1.8096921e+00  -0.0000000e+00   1.0000000e+00   0.0000000e+00
   1.2987594e+00   1.7700001e+01  -1.3920245e+00   0.0000000e+00   1.0000000e+00  -0.0000000e+00
   1.0837804e+00   1.7700001e+01  -9.6925688e-01   0.0000000e+00   1.0000000e+00   0.0000000e+00
   1.2500901e+00   1.7700001e+01  -6.6948435e-01   0.0000000e+00   1.0000000e+00   0.0000000e+00
   1.3182634e+00   1.7700001e+01   2.3460507e-01   0.0000000e+00   1.0000000e+00   0.0000000e+00
   1.2500901e+00   1.7700001e+01   6.6948435e-01   0.0000000e+00   1.0000000e+00   0.0000000e+00
   1.3766457e+00   1.7700001e+01   1.3240185e+00   0.0000000e+00   1.0000000e+00   0.0000000e+00
   1.0084959e+00   1.7700001e+01   1.0379303e+00   0.0000000e+00   1.0000000e+00   0.0000000e+00
   1.0704311e+00   1.7700001e+01   1.5624990e+00   0.0000000e+00   1.0000000e+00   0.0000000e+00
   6.6549895e-01   1.7700001e+01   1.2924146e+00   0.0000000e+00   1.0000000e+00   0.0000000e+00
   1.5152463e-01   1.7700001e+01   1.4458046e+00  -0.0000000e+00   1.0000000e+00   0.0000000e+00
   4.3009395e-01   1.7700001e+01   1.8445355e+00   0.0000000e+00   1.0000000e+00  -0.0000000e+00
   7.1068994e-01   1.7700001e+01   1.7578956e+00   0.0000000e+00   1.0000000e+00   0.0000000e+00
  -1.3323383e+00   1.7700001e+01  -1.3965350e+00   0.0000000e+00   1.0000000e+00  -0.0000000e+00
  -1.4892348e+00   1.7700001e+01  -1.2268006e+00   0.0000000e+00   1.0000000e+00   0.0000000e+00
  -1.2065760e+00   1.7700001e+01  -7.9623899e-01   0.0000000e+00   1.0000000e+00   0.0000000e+00
  -1.6683750e+00   1.7700001e+01  -9.7421984e-01   0.0000000e+00   1.0000000e+00   0.0000000e+00
  -1.7719451e+00   1.7700001e+01  -7.6859981e-01   0.0000000e+00   1.0000000e+00   0.0000000e+00
   1.5719449e-01   1.7700001e+01  -1.4449145e+00   0.0000000e+00   1.0000000e+00   0.0000000e+00
   9.4695406e-02   1.7700001e+01  -1.9301537e+00   0.0000000e+00   1.0000000e+00   0.0000000e+00
  -1.3852588e-01   1.7700001e+01  -1.9242744e+00   0.0000000e+00   1.0000000e+00   0.0000000e+00
   1.1183369e+00   1.7700001e+01  -1.5720585e+00   0.0000000e+00   1.0000000e+00   0.0000000e+00
   9.2211682e-01   1.7700001e+01  -1.6983143e+00   0.0000000e+00   1.0000000e+00   0.0000000e+00
   6.1703856e-01   1.7700001e+01  -1.3159317e+00   0.0000000e+00   1.0000000e+00   0.0000000e+00
   6.3103593e-01   1.7700001e+01  -1.8236635e+00   0.0000000e+00   1.0000000e+00   0.0000000e+00
   4.0855742e-01   1.7700001e+01  -1.8860247e+00   0.0000000e+00   1.0000000e+00   0.0000000e+00
  -3.8309976e-01   1.7700001e+01   1.4023659e+00   0.0000000e+00   1.0000000e+00   0.0000000e+00
  -2.6895386e-01   1.7700001e+01   1.8748404e+00   0.0000000e+00   1.0000000e+00  -0.0000000e+00
   2.3919440e-02   1.7700001e+01   1.8959306e+00   0.0000000e+00   1.0000000e+00   0.0000000e+00
  -8.6558915e-01   1.7700001e+01   1.1680038e+00   0.0000000e+00   1.0000000e+00  -0.0000000e+00
  -9.3130923e-01   1.7700001e+01   1.6492713e+00   0.0000000e+00   1.0000000e+00   0.0000000e+00
  -6.6608634e-01   1.7700001e+01   1.7751911e+00   0.0000000e+00   1.0000000e+00  -0.0000000e+00
  -1.8150803e+00   1.7700001e+01   6.2472270e-01   0.0000000e+00   1.0000000e+00   0.0000000e+00
  -1.6861608e+00   1.7700001e+01   8.6464303e-01   0.0000000e+00   1.0000000e+00   0.0000000e+00
  -1.2169560e+00   1.7700001e+01   7.8171599e-01   0.0000000e+00   1.0000000e+00  -0.0000000e+00
  -1.4665750e+00   1.7700001e+01   1.1986086e+00   0.0000000e+00   1.0000000e+00   0.0000000e+00
  -1.2651509e+00   1.7700001e+01   1.4121674e+00   0.0000000e+00   1.0000000e+00   0.0000000e+00
  -2.0705638e+00   7.7949142e+00   1.4163049e-01  -7.0875093e-01  -7.0379106e-01   4.8479397e-02
  -2.1689048e+00   7.8806785e+00  -5.1007949e-02  -7.0875013e-01  -7.0379178e-01   4.8480656e-02
  -1.9985089e+00   7.7044674e+00  -1.4297575e-01  -6.9554920e-01  -7.0379268e-01  -1.4452399e-01
  -2.1543231e+00   7.8802810e+00  -2.4924543e-01  -6.9554774e-01  -7.0379144e-01  -1.4453699e-01
  -2.0306067e+00   7.7940218e+00  -4.2458033e-01  -6.9554849e-01  -7.0379090e-01  -1.4453608e-01
  -2.0747141e+00   7.8806784e+00  -6.3428008e-01  -6.9554885e-01  -7.0379030e-01  -1.4453727e-01
  -1.8905296e+00   7.7206006e+00  -7.0252553e-01  -6.3075872e-01  -7.0378998e-01  -3.2683804e-01
  -1.9971947e+00   7.8791129e+00  -8.3800559e-01  -6.3076036e-01  -7.0379113e-01  -3.2683240e-01
  -1.8318883e+00   7.7899904e+00  -9.6511971e-01  -6.3076021e-01  -7.0379120e-01  -3.2683253e-01
  -1.8266513e+00   7.8806783e+00  -1.1705107e+00  -6.3076026e-01  -7.0379009e-01  -3.2683483e-01
  -1.6288789e+00   7.7341249e+00  -1.2083103e+00  -5.1919040e-01  -7.0378998e-01  -4.8489277e-01
  -1.6827401e+00   7.8786838e+00  -1.3604578e+00  -5.1919164e-01  -7.0379079e-01  -4.8489026e-01
  -1.4904500e+00   7.7850990e+00  -1.4305173e+00  -5.1919058e-01  -7.0379116e-01  -4.8489086e-01
  -1.4431145e+00   7.8806785e+00  -1.6199291e+00  -5.1919042e-01  -7.0379086e-01  -4.8489146e-01
  -1.2359970e+00   7.7453518e+00  -1.6199269e+00  -3.6911758e-01  -7.0379096e-01  -6.0698476e-01
  -1.2358798e+00   7.8790322e+00  -1.7749987e+00  -3.6911694e-01  -7.0379056e-01  -6.0698561e-01
  -1.0316716e+00   7.7791794e+00  -1.7834030e+00  -3.6911688e-01  -7.0379057e-01  -6.0698564e-01
  -9.5254791e-01   7.8806784e+00  -1.9492055e+00  -3.6911603e-01  -7.0378975e-01  -6.0698710e-01
  -7.4416792e-01   7.7546355e+00  -1.9053813e+00  -1.9166462e-01  -7.0378948e-01  -6.8406508e-01
  -6.9244274e-01   7.8801351e+00  -2.0489924e+00  -1.9166579e-01  -7.0379021e-01  -6.8406401e-01
  -4.9073177e-01   7.7720753e+00  -1.9943334e+00  -1.9166615e-01  -7.0379017e-01  -6.8406395e-01
  -3.9133546e-01   7.8806784e+00  -2.1339178e+00  -1.9166586e-01  -7.0378997e-01  -6.8406423e-01
  -1.9204523e-01   7.7629832e+00  -2.0498471e+00  -4.8310725e-02  -7.0628043e-01  -7.0628183e-01
  -9.6920195e-02   7.8813067e+00  -2.1746773e+00  -4.8311816e-02  -7.0628109e-01  -7.0628109e-01
   8.8864336e-02   7.7629832e+00  -2.0569049e+00   4.8310677e-02  -7.0628113e-01  -7.0628113e-01
   2.0010110e-01   7.8813067e+00  -2.1676195e+00   4.8311858e-02  -7.0628047e-01  -7.0628171e-01
   3.7525479e-01   7.7687087e+00  -2.0232249e+00   1.9166621e-01  -7.0378995e-01  -6.8406416e-01
   5.0685925e-01   7.8842202e+00  -2.1051934e+00   1.9166579e-01  -7.0379021e-01  -6.8406401e-01
   6.6218563e-01   7.7539421e+00  -1.9276383e+00   1.9166439e-01  -7.0379036e-01  -6.8406425e-01
   7.7438493e-01   7.8806783e+00  -2.0265924e+00   1.9166596e-01  -7.0378958e-01  -6.8406461e-01
   9.1578889e-01   7.7740550e+00  -1.8479310e+00   3.6911736e-01  -7.0378965e-01  -6.0698642e-01
   1.0689981e+00   7.8869055e+00  -1.8856107e+00   3.6911545e-01  -7.0379088e-01  -6.0698614e-01
   1.1790382e+00   7.7429252e+00  -1.6517508e+00   3.6911790e-01  -7.0379035e-01  -6.0698528e-01
   1.2924368e+00   7.8806784e+00  -1.7425142e+00   3.6911677e-01  -7.0379089e-01  -6.0698533e-01
   1.3875913e+00   7.7785629e+00  -1.5311649e+00   5.1919082e-01  -7.0379082e-01  -4.8489109e-01
   1.5478444e+00   7.8897993e+00  -1.5210292e+00   5.1919008e-01  -7.0379133e-01  -4.8489114e-01
   1.5959841e+00   7.7307484e+00  -1.2386313e+00   5.1918920e-01  -7.0379164e-01  -4.8489165e-01
   1.7146345e+00   7.8806784e+00  -1.3292024e+00   5.1919210e-01  -7.0379016e-01  -4.8489068e-01
   1.7548627e+00   7.7823949e+00  -1.0974164e+00   6.3076131e-01  -7.0378995e-01  -3.2683310e-01
   1.9076213e+00   7.8927582e+00  -1.0402578e+00   6.3075854e-01  -7.0379205e-01  -3.2683394e-01
   1.8767789e+00   7.7175802e+00  -7.2255920e-01   6.3075559e-01  -7.0379354e-01  -3.2683641e-01
   2.0096658e+00   7.8806784e+00  -8.1730885e-01   6.3076102e-01  -7.0379038e-01  -3.2683274e-01
   1.9899057e+00   7.7856785e+00  -5.7981772e-01   6.9554914e-01  -7.0379022e-01  -1.4453622e-01
   2.1218678e+00   7.8956744e+00  -4.8038360e-01   6.9554771e-01  -7.0379147e-01  -1.4453703e-01
   1.9967279e+00   7.7036009e+00  -1.4732704e-01   6.9555701e-01  -7.0378462e-01  -1.4452561e-01
   2.1556491e+00   7.8806785e+00  -2.4479959e-01   6.9554742e-01  -7.0379178e-01  -1.4453692e-01
   2.1689048e+00   7.8806785e+00  -5.1007949e-02   7.0875013e-01  -7.0379178e-01   4.8480656e-02
   2.0705638e+00   7.7949142e+00   1.4163049e-01   7.0875093e-01  -7.0379106e-01   4.8479397e-02
   2.1417578e+00   7.8806784e+00   3.4586545e-01   7.0875129e-01  -7.0379065e-01   4.8480180e-02
   1.9646768e+00   7.7128760e+00   4.2669001e-01   6.6938830e-01  -7.0379041e-01   2.3790410e-01
   2.0964878e+00   7.8796093e+00   5.4906314e-01   6.6938928e-01  -7.0379114e-01   2.3789917e-01
   1.9502455e+00   7.7921032e+00   7.0167691e-01   6.6938779e-01  -7.0379205e-01   2.3790068e-01
   1.9690226e+00   7.8806785e+00   9.1087910e-01   6.6938792e-01  -7.0379164e-01   2.3790152e-01
   1.7777718e+00   7.7276710e+00   9.6483129e-01   5.8038316e-01  -7.0379161e-01   4.0967397e-01
   1.8583632e+00   7.8788021e+00   1.1102891e+00   5.8038105e-01  -7.0379019e-01   4.0967938e-01
   1.6776735e+00   7.7876628e+00   1.2096987e+00   5.8038186e-01  -7.0378986e-01   4.0967882e-01
   1.6502533e+00   7.8806783e+00   1.4083370e+00   5.8038219e-01  -7.0379126e-01   4.0967594e-01
   1.4470232e+00   7.7400035e+00   1.4281139e+00   4.4833015e-01  -7.0379170e-01   5.5106925e-01
   1.4738428e+00   7.8787608e+00   1.5835061e+00   4.4832826e-01  -7.0379048e-01   5.5107235e-01
   1.2737370e+00   7.7822783e+00   1.6230832e+00   4.4833023e-01  -7.0378993e-01   5.5107144e-01
   1.2090927e+00   7.8806784e+00   1.8013454e+00   4.4833082e-01  -7.0379068e-01   5.5107001e-01
   1.0001238e+00   7.7502143e+00   1.7800354e+00   2.8302747e-01  -7.0379082e-01   6.5159338e-01
   9.7365273e-01   7.8794932e+00   1.9311684e+00   2.8302672e-01  -7.0379035e-01   6.5159421e-01
   7.6894616e-01   7.7757838e+00   1.9080678e+00   2.8302723e-01  -7.0379027e-01   6.5159408e-01
   6.7825901e-01   7.8806784e+00   2.0607560e+00   2.8302712e-01  -7.0379019e-01   6.5159422e-01
   4.7323734e-01   7.7586575e+00   1.9936130e+00   9.6733585e-02  -7.0379013e-01   7.0379121e-01
   3.9788656e-01   7.8809455e+00   2.1262576e+00   9.6733778e-02  -7.0379025e-01   7.0379106e-01
   2.0258947e-01   7.7680416e+00   2.0401967e+00   9.6733065e-02  -7.0379029e-01   7.0379112e-01
   9.7122154e-02   7.8806784e+00   2.1673295e+00   9.6733686e-02  -7.0379066e-01   7.0379066e-01
  -9.1991626e-02   7.7656593e+00   2.0530156e+00  -9.6733009e-02  -7.0379071e-01   7.0379071e-01
  -2.0771278e-01   7.8830073e+00   2.1544581e+00  -9.6733741e-02  -7.0379026e-01   7.0379106e-01
  -3.7991272e-01   7.7589743e+00   2.0067570e+00  -9.6733567e-02  -7.0379026e-01   7.0379108e-01
  -4.9121788e-01   7.8806784e+00   2.1131624e+00  -9.6733792e-02  -7.0379015e-01   7.0379116e-01
  -6.5162648e-01   7.7714983e+00   1.9543981e+00  -2.8302727e-01  -7.0379018e-01   6.5159416e-01
  -7.9580080e-01   7.8855267e+00   2.0149371e+00  -2.8302708e-01  -7.0379030e-01   6.5159412e-01
  -9.3047568e-01   7.7485878e+00   1.8085311e+00  -2.8302772e-01  -7.0379019e-01   6.5159395e-01
  -1.0431266e+00   7.8806784e+00   1.9022717e+00  -2.8302657e-01  -7.0379075e-01   6.5159385e-01
  -1.1626813e+00   7.7764027e+00   1.7059301e+00  -4.4832971e-01  -7.0379077e-01   5.5107080e-01
  -1.3212626e+00   7.8883360e+00   1.7198680e+00  -4.4833151e-01  -7.0378957e-01   5.5107086e-01
  -1.4024982e+00   7.7369718e+00   1.4604657e+00  -4.4833147e-01  -7.0378958e-01   5.5107088e-01
  -1.5176712e+00   7.8806784e+00   1.5502980e+00  -4.4832765e-01  -7.0379146e-01   5.5107159e-01
  -1.5862409e+00   7.7805547e+00   1.3270185e+00  -5.8038058e-01  -7.0379143e-01   4.0967792e-01
  -1.7445121e+00   7.8912781e+00   1.2930122e+00  -5.8038408e-01  -7.0378892e-01   4.0967727e-01
  -1.7552493e+00   7.7242769e+00   9.9090753e-01  -5.8038598e-01  -7.0378813e-01   4.0967596e-01
  -1.8796571e+00   7.8806784e+00   1.0833456e+00  -5.8038022e-01  -7.0379122e-01   4.0967879e-01
  -1.8902685e+00   7.7840984e+00   8.4675441e-01  -6.6938822e-01  -7.0379159e-01   2.3790083e-01
  -2.0341745e+00   7.8942271e+00   7.6764077e-01  -6.6938722e-01  -7.0379240e-01   2.3790126e-01
  -1.9578756e+00   7.7106809e+00   4.3933262e-01  -6.6938543e-01  -7.0379349e-01   2.3790308e-01
  -2.1022379e+00   7.8806785e+00   5.3604696e-01  -6.6938965e-01  -7.0379075e-01   2.3789930e-01
  -2.1417578e+00   7.8806784e+00   3.4586545e-01  -7.0875129e-01  -7.0379065e-01   4.8480180e-02
   1.5500000e+00   1.4726954e+01   6.0399705e-01   1.0000000e+00   0.0000000e+00   0.0000000e+00
   1.5500000e+00   1.7575874e+01   1.5776799e+00   1.0000000e+00   0.0000000e+00   0.0000000e+00
   1.5500000e+00   1.7693200e+01   1.3992626e+00   1.0000000e+00   0.0000000e+00   0.0000000e+00
   1.5500000e+00   1.7613168e+01   1.5498881e+00   1.0000000e+00   0.0000000e+00   0.0000000e+00
   1.5500000e+00   1.6540410e+01  -6.2831191e-01   1.0000000e+00   0.0000000e+00   0.0000000e+00
   1.5500000e+00   1.7506669e+01  -1.6242801e+00   1.0000000e+00   0.0000000e+00   0.0000000e+00
   1.5500000e+00   1.7660249e+01   1.5091513e+00   1.0000000e+00   0.0000000e+00   0.0000000e+00
   1.5500000e+00   1.7659490e+01   1.4484173e+00   1.0000000e+00   0.0000000e+00   0.0000000e+00
   1.5500000e+00   1.7533672e+01   1.6036005e+00   1.0000000e+00   0.0000000e+00   0.0000000e+00
   1.5500000e+00   1.7503476e+01   1.6198617e+00   1.0000000e+00   0.0000000e+00   0.0000000e+00
   1.5500000e+00   1.7537938e+01  -1.5990952e+00   1.0000000e+00   0.0000000e+00   0.0000000e+00
   1.5500000e+00   1.7576623e+01  -1.5919804e+00   1.0000000e+00   0.0000000e+00   0.0000000e+00
   1.5500000e+00   1.7595306e+01  -1.5906523e+00   1.0000000e+00   0.0000000e+00   0.0000000e+00
   1.5500000e+00   1.7699541e+01  -1.3463699e+00   1.0000000e+00   0.0000000e+00   0.0000000e+00
   1.5500000e+00   1.7676851e+01  -1.4739941e+00   1.0000000e+00   0.0000000e+00   0.0000000e+00
   1.5500000e+00   1.7619350e+01  -1.5459156e+00   1.0000000e+00   0.0000000e+00   0.0000000e+00
   1.5500000e+00   1.7655437e+01  -1.4842989e+00   1.0000000e+00   0.0000000e+00   0.0000000e+00
   1.5500000e+00   1.7690264e+01   1.3408573e+00   1.0000000e+00   0.0000000e+00   0.0000000e+00
   1.5500000e+00   1.7686662e+01  -1.3403724e+00   1.0000000e+00   0.0000000e+00   0.0000000e+00
   1.5969011e+00   1.3700000e+01  -1.5170213e+00   0.0000000e+00   1.0000000e+00   0.0000000e+00
   2.2029393e+00   1.3700000e+01   1.5068512e-01   0.0000000e+00   1.0000000e+00   0.0000000e+00
   1.6980273e+00   1.3700000e+01   1.2507385e+00   0.0000000e+00   1.0000000e+00   0.0000000e+00
   1.9559260e+00   1.3700000e+01   7.3091572e-01   0.0000000e+00   1.0000000e+00   0.0000000e+00
   1.8799980e+00   1.3700000e+01  -9.9329981e-01   0.0000000e+00   1.0000000e+00   0.0000000e+00
   2.1200871e+00   1.3700000e+01  -4.4638829e-01   0.0000000e+00   1.0000000e+00   0.0000000e+00
  -1.0938916e+00   1.7610837e+01  -5.1340674e-01   6.1753967e-01   6.7391274e-01   4.0556920e-01
  -1.1012112e+00   1.7654996e+01  -5.7803461e-01   6.1925730e-01   6.8069242e-01   3.9137990e-01
  -1.1004609e+00   1.7634406e+01   5.4256637e-01   6.1753674e-01   6.7390954e-01  -4.0557898e-01
  -1.0025230e+00   1.7654822e+01   7.3060662e-01   6.0740036e-01   6.9548274e-01  -3.8388613e-01
  -9.5136478e-01   1.7638905e+01  -7.8247265e-01   5.9442232e-01   7.0302921e-01   3.9039983e-01
  -8.8239635e-01   1.7625909e+01  -8.4203199e-01   4.3332086e-01   7.0097335e-01   5.6645335e-01
  -8.1840924e-01   1.7654155e+01  -9.2593450e-01   4.3332093e-01   7.0097349e-01   5.6645312e-01
  -6.0206280e-01   1.7638795e+01  -1.0724250e+00   4.3332041e-01   7.0097398e-01   5.6645291e-01
  -5.1762837e-01   1.7625755e+01  -1.1042693e+00   1.9872515e-01   7.0097417e-01   6.8494053e-01
  -4.2842425e-01   1.7654168e+01  -1.1592275e+00   1.9872319e-01   7.0097243e-01   6.8494287e-01
  -1.7279519e-01   1.7638832e+01  -1.2176987e+00   1.9872322e-01   7.0097241e-01   6.8494290e-01
  -8.2709065e-02   1.7625600e+01  -1.2166404e+00  -6.2859958e-02   7.0097248e-01   7.1041270e-01
   1.9550539e-02   1.7654180e+01  -1.2357922e+00  -6.2861436e-02   7.0097153e-01   7.1041351e-01
   2.7995537e-01   1.7638869e+01  -1.1976420e+00  -6.2861960e-02   7.0097262e-01   7.1041239e-01
   3.6334221e-01   1.7625444e+01  -1.1639326e+00  -3.1590908e-01   7.0097264e-01   6.3940504e-01
   4.6494511e-01   1.7654193e+01  -1.1452518e+00  -3.1590954e-01   7.0097238e-01   6.3940510e-01
   6.9471584e-01   1.7638906e+01  -1.0149698e+00  -3.1590964e-01   7.0097376e-01   6.3940354e-01
   7.6000890e-01   1.7625285e+01  -9.5333191e-01  -5.2605497e-01   7.0097370e-01   4.8156208e-01
   8.4752855e-01   1.7654206e+01  -8.9982465e-01  -5.2605460e-01   7.0097392e-01   4.8156218e-01
   1.0151690e+00   1.7638942e+01  -6.9447695e-01  -5.2605466e-01   7.0097374e-01   4.8156237e-01
   1.0534887e+00   1.7625125e+01  -6.1344390e-01  -6.6475942e-01   7.0097397e-01   2.5832230e-01
   1.1155541e+00   1.7654220e+01  -5.3267642e-01  -6.6476107e-01   7.0097284e-01   2.5832111e-01
   1.1977979e+00   1.7638979e+01  -2.7967333e-01  -6.6476024e-01   7.0097400e-01   2.5832009e-01
   1.2039883e+00   1.7624963e+01  -1.9040735e-01  -7.1318684e-01   7.0097398e-01   0.0000000e+00
   1.2327573e+00   1.7654233e+01  -9.3438782e-02  -7.1318684e-01   7.0097398e-01   0.0000000e+00
   1.2177996e+00   1.7639015e+01   1.7312413e-01  -7.1318684e-01   7.0097398e-01   0.0000000e+00
   1.1911244e+00   1.7624799e+01   2.5836954e-01  -6.6475993e-01   7.0097389e-01  -2.5832119e-01
   1.1832664e+00   1.7654247e+01   3.5849982e-01  -6.6475981e-01   7.0097421e-01  -2.5832062e-01
   1.0724506e+00   1.7639051e+01   6.0243634e-01  -6.6476029e-01   7.0097378e-01  -2.5832055e-01
   1.0166788e+00   1.7624634e+01   6.7199997e-01  -5.2605392e-01   7.0097362e-01  -4.8156334e-01
   9.7374719e-01   1.7654261e+01   7.6202371e-01  -5.2605420e-01   7.0097447e-01  -4.8156181e-01
   7.8147674e-01   1.7639087e+01   9.4997034e-01  -5.2605506e-01   7.0097369e-01  -4.8156200e-01
   7.0435161e-01   1.7624467e+01   9.9437971e-01  -3.1591047e-01   7.0097385e-01  -6.3940304e-01
   6.3250875e-01   1.7654275e+01   1.0625536e+00  -3.1590939e-01   7.0097274e-01  -6.3940479e-01
   3.8438076e-01   1.7639122e+01   1.1685337e+00  -3.1590951e-01   7.0097260e-01  -6.3940487e-01
   2.9654523e-01   1.7624298e+01   1.1817962e+00  -6.2858095e-02   7.0097225e-01  -7.1041309e-01
   2.0567850e-01   1.7654290e+01   1.2194298e+00  -6.2861194e-02   7.0097433e-01  -7.1041077e-01
  -6.4925084e-02   1.7639157e+01   1.2284435e+00  -6.2862522e-02   7.0097224e-01  -7.1041271e-01
  -1.5139767e-01   1.7624127e+01   1.2088575e+00   1.9872614e-01   7.0097213e-01  -6.8494233e-01
  -2.4903315e-01   1.7654304e+01   1.2114138e+00   1.9872277e-01   7.0097399e-01  -6.8494141e-01
  -5.0543605e-01   1.7639192e+01   1.1215579e+00   1.9872275e-01   7.0097393e-01  -6.8494147e-01
  -5.7870266e-01   1.7623954e+01   1.0719300e+00   4.3332074e-01   7.0097395e-01  -5.6645270e-01
  -6.7013544e-01   1.7654319e+01   1.0395623e+00   4.3332062e-01   7.0097401e-01  -5.6645271e-01
  -8.7733912e-01   1.7639227e+01   8.6238171e-01   4.3332073e-01   7.0097333e-01  -5.6645347e-01
  -9.2862731e-01   1.7623945e+01   7.9015261e-01   5.9442262e-01   7.0302918e-01  -3.9039944e-01
  -1.0296717e+00   1.7488518e+01   5.9318233e-01   8.3584887e-01   0.0000000e+00  -5.4895962e-01
  -1.0805787e+00   1.7581251e+01  -5.1567150e-01   8.3585614e-01   0.0000000e+00   5.4894855e-01
  -1.9235408e+00   1.6970201e+01   5.0000000e-01   0.0000000e+00   0.0000000e+00  -1.0000000e+00
  -2.1676010e+00   1.7511022e+01   5.0000000e-01   0.0000000e+00   0.0000000e+00  -1.0000000e+00
  -2.1728988e+00   1.7559245e+01   5.0000000e-01   0.0000000e+00   0.0000000e+00  -1.0000000e+00
  -2.1678038e+00   1.7578637e+01   5.0000000e-01   0.0000000e+00   0.0000000e+00  -1.0000000e+00
  -1.2166665e+00   1.7657144e+01   5.0000000e-01  -0.0000000e+00  -0.0000000e+00  -1.0000000e+00
  -1.3475224e+00   1.7370365e+01   5.0000000e-01   0.0000000e+00   0.0000000e+00  -1.0000000e+00
  -1.9910692e+00   1.7692921e+01   5.0000000e-01   0.0000000e+00  -0.0000000e+00  -1.0000000e+00
  -2.0151022e+00   1.7669560e+01   5.0000000e-01   0.0000000e+00  -0.0000000e+00  -1.0000000e+00
  -2.1254269e+00   1.7596606e+01   5.0000000e-01   0.0000000e+00   0.0000000e+00  -1.0000000e+00
  -2.0773637e+00   1.7640957e+01   5.0000000e-01   0.0000000e+00   0.0000000e+00  -1.0000000e+00
  -2.0675269e+00   1.7680641e+01   5.0000000e-01   0.0000000e+00   0.0000000e+00  -1.0000000e+00
  -1.9235408e+00   1.6970201e+01  -5.0000000e-01   0.0000000e+00   0.0000000e+00   1.0000000e+00
  -1.1386890e+00   1.7578960e+01  -5.0000000e-01   0.0000000e+00   0.0000000e+00   1.0000000e+00
  -1.4252617e+00   1.7448819e+01  -5.0000000e-01   0.0000000e+00   0.0000000e+00   1.0000000e+00
  -2.0032236e+00   1.7649595e+01  -5.0000000e-01   0.0000000e+00   0.0000000e+00   1.0000000e+00
  -2.0935396e+00   1.7627373e+01  -5.0000000e-01   0.0000000e+00   0.0000000e+00   1.0000000e+00
  -2.1427410e+00   1.7602708e+01  -5.0000000e-01   0.0000000e+00   0.0000000e+00   1.0000000e+00
  -2.1645355e+00   1.7592386e+01  -5.0000000e-01   0.0000000e+00   0.0000000e+00   1.0000000e+00
  -2.1561659e+00   1.7540072e+01  -5.0000000e-01   0.0000000e+00   0.0000000e+00   1.0000000e+00
  -2.1811079e+00   1.7505861e+01  -5.0000000e-01   0.0000000e+00   0.0000000e+00   1.0000000e+00
  -1.3077553e+00   1.6700001e+01  -3.3345619e-01   0.0000000e+00   1.0000000e+00   0.0000000e+00
  -2.1784735e+00   1.6700001e+01  -4.7153727e-01   0.0000000e+00   1.0000000e+00  -0.0000000e+00
  -1.9954046e+00   1.6700001e+01  -1.4475639e-01   0.0000000e+00   1.0000000e+00   0.0000000e+00
  -1.3542886e+00   1.6700001e+01   1.1451195e-01   0.0000000e+00   1.0000000e+00  -0.0000000e+00
  -2.0700354e+00   1.6700001e+01   3.3051266e-01   0.0000000e+00   1.0000000e+00   0.0000000e+00
  -1.2069536e+00   1.6700001e+01   4.1910014e-01   0.0000000e+00   1.0000000e+00  -0.0000000e+00
