   1.4421778e+00   1.7531220e+01   1.7179883e+00   6.4305013e-01   1.9499552e-01   7.4058307e-01
   1.5174010e+00   1.7562776e+01   1.6366321e+00   6.6083102e-01   3.1229900e-01   6.8247469e-01
  -2.1102314e+00   1.7535811e+01   7.4341994e-01  -9.3217523e-01   1.4801313e-01   3.3036564e-01
  -2.1195151e+00   1.7625590e+01   5.5686348e-01  -7.5682774e-01   6.1135892e-01   2.3119698e-01
  -1.6838899e+00   1.7691046e+01   7.4344775e-01  -2.9476510e-02   9.9932808e-01  -2.1783650e-02
  -2.0787274e+00   1.7527326e+01   8.4080575e-01  -9.3404446e-01   1.9437647e-01   2.9963099e-01
  -2.0521724e+00   1.7534777e+01   8.9805417e-01  -8.6567017e-01   1.9426599e-01   4.6138474e-01
  -1.8896813e+00   1.7557661e+01   1.1860920e+00  -8.4645008e-01   2.5896727e-01   4.6525070e-01
  -1.8357364e+00   1.7557596e+01   1.2680011e+00  -7.6140232e-01   2.5967557e-01   5.9399925e-01
  -1.6348637e+00   1.7534777e+01   1.5313837e+00  -7.6549675e-01   1.9427312e-01   6.1341070e-01
  -1.5848676e+00   1.7541891e+01   1.5810816e+00  -6.3894614e-01   1.9427161e-01   7.4431605e-01
  -1.4156278e+00   1.7523902e+01   1.7310581e+00  -6.3894609e-01   1.9426869e-01   7.4431685e-01
  -1.3198696e+00   1.7528968e+01   1.8119378e+00  -6.3894577e-01   1.9426754e-01   7.4431742e-01
  -1.2660811e+00   1.7534777e+01   1.8479590e+00  -4.9038809e-01   1.9426838e-01   8.4957596e-01
  -9.7568562e-01   1.7557630e+01   2.0064528e+00  -4.7207093e-01   2.5885116e-01   8.4270108e-01
  -9.1943777e-01   1.7518101e+01   2.0464059e+00  -3.1993934e-01   2.5907493e-01   9.1132815e-01
  -8.6146105e-01   1.7555190e+01   2.0569707e+00  -3.3257641e-01   2.5414298e-01   9.0818736e-01
  -5.7645502e-01   1.7534346e+01   2.1647520e+00  -3.2493502e-01   1.9427605e-01   9.2556688e-01
  -5.0812812e-01   1.7541891e+01   2.1802361e+00  -1.4828834e-01   1.9427648e-01   9.6967377e-01
  -3.0899447e-01   1.7521710e+01   2.2147323e+00  -1.4828871e-01   1.9427879e-01   9.6967325e-01
  -1.6233741e-01   1.7530199e+01   2.2354591e+00  -1.4828709e-01   1.9427497e-01   9.6967426e-01
  -9.6409151e-02   1.7534777e+01   2.2379947e+00   3.3467389e-02   1.9427488e-01   9.8037605e-01
   2.3377179e-01   1.7557658e+01   2.2188021e+00   4.5390875e-02   2.5896079e-01   9.6482070e-01
   2.9421688e-01   1.7509362e+01   2.2272507e+00   2.1073420e-01   2.5939589e-01   9.4249927e-01
   3.4206866e-01   1.7556473e+01   2.2042638e+00   1.9839059e-01   2.5728755e-01   9.4575065e-01
   6.5612687e-01   1.7534592e+01   2.1418784e+00   2.1406934e-01   1.9427393e-01   9.5730453e-01
   7.2255693e-01   1.7541891e+01   2.1188523e+00   3.8729669e-01   1.9427371e-01   9.0125412e-01
   8.8759415e-01   1.7519492e+01   2.0527592e+00   3.8729677e-01   1.9427339e-01   9.0125416e-01
   1.0442045e+00   1.7531152e+01   1.9829457e+00   3.8729212e-01   1.9428382e-01   9.0125391e-01
   1.1016857e+00   1.7541891e+01   1.9488234e+00   5.4717973e-01   1.9428330e-01   8.1415499e-01
   1.3875576e+00   1.7534600e+01   1.7584332e+00   5.4718266e-01   1.9427240e-01   8.1415562e-01
   1.4211594e+00   1.7501849e+01   1.7436648e+00   5.4718608e-01   1.9427227e-01   8.1415335e-01
   1.4234777e+00   1.7610676e+01   1.6927203e+00   5.3591967e-01   5.5554238e-01   6.3573797e-01
   1.3683449e+00   1.7614606e+01   1.7302578e+00   4.5515798e-01   5.5340644e-01   6.9754750e-01
   1.1029012e+00   1.7615717e+01   1.9055175e+00   4.5161435e-01   5.8695086e-01   6.7196218e-01
   1.0153541e+00   1.7626071e+01   1.9449352e+00   3.2010219e-01   6.0525993e-01   7.2883126e-01
   7.3175580e-01   1.7615717e+01   2.0765169e+00   3.1965509e-01   5.8694846e-01   7.4384953e-01
   6.3909861e-01   1.7618479e+01   2.1057167e+00   1.9362283e-01   6.0403663e-01   7.7307823e-01
  -7.2165560e-02   1.7620025e+01   2.1984951e+00   8.5130056e-03   5.9017815e-01   8.0722815e-01
  -1.6765015e-01   1.7626065e+01   2.1876049e+00  -1.1405827e-01   6.0529904e-01   7.8778410e-01
  -4.7792499e-01   1.7615713e+01   2.1491809e+00  -1.2238571e-01   5.8698546e-01   8.0029358e-01
  -5.7199147e-01   1.7618469e+01   2.1249352e+00  -2.4474401e-01   6.0406639e-01   7.5842216e-01
  -1.2220777e+00   1.7622858e+01   1.8230187e+00  -4.0977546e-01   6.2476027e-01   6.6464929e-01
  -1.3038505e+00   1.7630688e+01   1.7567710e+00  -4.9470388e-01   6.2950208e-01   5.9916209e-01
  -1.5428030e+00   1.7615713e+01   1.5707156e+00  -5.2733356e-01   5.8699085e-01   6.1429721e-01
  -1.6097861e+00   1.7618476e+01   1.5003568e+00  -6.0902896e-01   6.0408203e-01   5.1397338e-01
  -2.0119251e+00   1.7618091e+01   8.9491383e-01  -7.2503159e-01   5.8365515e-01   3.6561709e-01
  -2.0515516e+00   1.7610699e+01   8.1241218e-01  -7.7117186e-01   5.8689153e-01   2.4668260e-01
   1.3794950e+00   1.7652058e+01   1.6689263e+00   3.2192934e-01   9.0868794e-01   2.6579641e-01
   1.2399002e+00   1.7673737e+01   1.7377174e+00   3.0267081e-01   8.6216120e-01   4.0628617e-01
   3.4328497e-01   1.7657088e+01   2.1221768e+00   8.6298150e-02   8.2509303e-01   5.5836738e-01
   2.1249850e-01   1.7656103e+01   2.1413364e+00   6.5053772e-02   8.2599850e-01   5.5990579e-01
  -7.9947621e-01   1.7659892e+01   1.9924231e+00  -2.2290974e-01   8.2166506e-01   5.2457390e-01
  -9.3432301e-01   1.7655294e+01   1.9389260e+00  -2.4155417e-01   8.2738984e-01   5.0702824e-01
  -1.7378924e+00   1.7659171e+01   1.2603715e+00  -4.6239938e-01   8.2617421e-01   3.2190525e-01
  -1.8231261e+00   1.7653677e+01   1.1470303e+00  -4.6986226e-01   8.3035737e-01   2.9955983e-01
   1.0303223e+00   1.7675383e+01   1.8676037e+00   1.1690355e-01   9.5680971e-01   2.6617426e-01
   6.6254988e-01   1.7682638e+01   1.9900321e+00   8.9899199e-02   9.6963860e-01   2.2741837e-01
  -1.0738391e-01   1.7682628e+01   2.0910491e+00  -3.0893161e-02   9.7226630e-01   2.3182720e-01
  -4.9538799e-01   1.7674073e+01   2.0729514e+00  -3.5381381e-02   9.6903531e-01   2.4437413e-01
  -1.1988881e+00   1.7686909e+01   1.7257659e+00  -1.3854660e-01   9.6860079e-01   2.0643971e-01
  -1.3262766e+00   1.7683823e+01   1.6391534e+00  -2.0315583e-01   9.5335283e-01   2.2326236e-01
  -1.5068731e+00   1.7683030e+01   1.4722142e+00  -1.9725214e-01   9.5920190e-01   2.0254212e-01
  -1.9655595e+00   1.7673425e+01   8.2333425e-01  -2.5240876e-01   9.6203686e-01   1.0380218e-01
   1.5261964e+00   8.0991593e+00   1.6323728e+00   6.3108401e-01  -2.4852023e-03   7.7571051e-01
   1.6921778e+00   1.3487955e+01   1.4669704e+00   7.5656567e-01   1.5910914e-03   6.5391578e-01
   1.8219274e+00   8.2404854e+00   1.2860541e+00   8.1696548e-01  -3.6446239e-03   5.7667505e-01
   1.9800746e+00   1.3409516e+01   1.0259919e+00   8.8787934e-01   3.6446214e-03   4.6006194e-01
   2.1013390e+00   8.2404809e+00   7.4681363e-01   9.4225509e-01  -3.6445378e-03   3.3487618e-01
   2.1834575e+00   1.3409516e+01   4.5372766e-01   9.7907744e-01   3.6445665e-03   2.0345538e-01
   2.2249033e+00   8.2404830e+00   1.5218715e-01   9.9766210e-01  -3.6446503e-03   6.8242623e-02
   2.2249033e+00   1.3409517e+01  -1.5218760e-01   9.9766209e-01   3.6446554e-03  -6.8242718e-02
   2.1834575e+00   8.2404819e+00  -4.5372823e-01   9.7907739e-01  -3.6445445e-03  -2.0345558e-01
   2.1013381e+00   1.3409517e+01  -7.4681557e-01   9.4225485e-01   3.6445928e-03  -3.3487686e-01
   1.9800740e+00   8.2404827e+00  -1.0259927e+00   8.8787893e-01  -3.6446741e-03  -4.6006273e-01
   1.8219264e+00   1.3409516e+01  -1.2860561e+00   8.1696475e-01   3.6445157e-03  -5.7667609e-01
   1.4861309e+00   1.7434326e+01  -1.6871308e+00   6.6048872e-01   7.9184045e-07  -7.5083597e-01
   1.2923177e+00   1.7348922e+01  -1.8350368e+00   5.7668060e-01  -2.1893269e-03  -8.1696677e-01
   1.4328535e+00   1.3702752e+01  -1.7198632e+00   6.0451704e-01  -3.2920806e-03  -7.9658541e-01
   1.2960105e+00   8.0989293e+00  -1.8198036e+00   5.1957763e-01   5.2471634e-03  -8.5440713e-01
   1.5951274e+00   1.3633804e+01  -1.5852359e+00   7.1017531e-01  -2.0557096e-03  -7.0402188e-01
   1.6298383e+00   8.2404817e+00  -1.5221636e+00   7.3083096e-01  -3.6446975e-03  -6.8254877e-01
  -2.0521447e+00   8.1003626e+00  -8.8268887e-01  -8.8787082e-01   5.8536038e-03  -4.6005558e-01
  -2.1981470e+00   1.6678458e+01  -4.7956574e-01  -9.7708379e-01  -2.0588047e-03  -2.1284507e-01
  -2.1831147e+00   8.2458341e+00  -4.5365646e-01  -9.7908111e-01  -2.3950085e-03  -2.0345625e-01
  -2.2245539e+00   1.6404166e+01  -1.5216367e-01  -9.9766586e-01   2.3950630e-03  -6.8242975e-02
  -2.1523754e+00   8.1005170e+00   6.0033067e-01  -9.4226156e-01  -6.2548319e-04   3.3487725e-01
  -2.2189207e+00   1.6528394e+01   3.2939320e-01  -9.8933245e-01   3.3701182e-04   1.4567494e-01
  -2.2245539e+00   8.2458343e+00   1.5216356e-01  -9.9766586e-01  -2.3950622e-03   6.8242952e-02
  -2.1585189e+00   1.7414250e+01   6.0926534e-01  -9.5261589e-01   4.4427375e-04   3.0417556e-01
  -2.1527808e+00   1.6680793e+01   6.2571906e-01  -9.5087128e-01  -1.4298429e-03   3.0958321e-01
  -2.0942265e+00   1.7438345e+01   8.0992852e-01  -9.5220491e-01  -1.4295607e-03   3.0545665e-01
  -2.0494574e+00   8.1007487e+00   8.9045941e-01  -9.4225890e-01  -1.8345980e-03   3.3488029e-01
  -1.9774684e+00   1.7295705e+01   1.0532966e+00  -8.8248411e-01   1.0009103e-03   4.7034114e-01
  -1.9089068e+00   8.1007442e+00   1.1615384e+00  -8.1696701e-01  -2.0735092e-03   5.7668067e-01
  -1.7498339e+00   1.7295725e+01   1.3983980e+00  -7.8036080e-01  -1.6103366e-03   6.2532745e-01
  -1.7308772e+00   8.1007202e+00   1.4130535e+00  -8.1697144e-01   5.8771348e-04   5.7667783e-01
  -1.5177039e+00   1.7367774e+01   1.6495993e+00  -6.5135543e-01  -4.1173399e-04   7.5877265e-01
  -1.5237629e+00   8.1007306e+00   1.6341196e+00  -6.3108545e-01  -1.2602156e-03   7.7571229e-01
  -1.3578482e+00   1.7425895e+01   1.7867734e+00  -6.5135449e-01  -1.2591265e-03   7.5877252e-01
  -1.1262210e+00   1.7295848e+01   1.9356652e+00  -4.9990793e-01  -4.1387528e-03   8.6606867e-01
  -1.2823122e+00   8.1006120e+00   1.8292861e+00  -6.3108097e-01   5.2701618e-03   7.7569906e-01
  -9.1772969e-01   1.7476761e+01   2.0520503e+00  -3.3124633e-01  -4.0973564e-03   9.4353542e-01
  -1.0264171e+00   8.1007306e+00   1.9846986e+00  -3.9839976e-01  -1.7916566e-03   9.1721013e-01
  -7.2335988e-01   1.7318100e+01   2.1200438e+00  -3.3124576e-01  -1.7848969e-03   9.4354282e-01
  -7.4430232e-01   8.1007116e+00   2.1067780e+00  -3.9840067e-01   1.0087659e-03   9.1721093e-01
  -4.2732182e-01   1.7380100e+01   2.2008995e+00  -1.5116899e-01  -7.1819667e-04   9.8850767e-01
  -4.5287079e-01   8.1007305e+00   2.1879377e+00  -1.3616644e-01  -1.2048905e-03   9.9068524e-01
  -2.1937688e-01   1.7413449e+01   2.2326812e+00  -1.5116716e-01  -1.2045246e-03   9.8850748e-01
   6.8133031e-02   1.7295868e+01   2.2383357e+00   3.4117068e-02  -4.5705440e-03   9.9940739e-01
  -1.4476311e-01   8.1005949e+00   2.2291988e+00  -1.3616408e-01   5.9467319e-03   9.9066845e-01
   2.9520929e-01   1.7489336e+01   2.2295545e+00   2.1820068e-01  -4.6609337e-03   9.7589279e-01
   1.5423289e-01   8.1007305e+00   2.2291051e+00   1.3616622e-01  -1.9974021e-03   9.9068399e-01
   4.9525530e-01   1.7305982e+01   2.1844766e+00   2.1822672e-01  -1.9890857e-03   9.7589607e-01
   4.5908855e-01   8.1007022e+00   2.1866778e+00   1.3616640e-01   1.4593186e-03   9.9068491e-01
   7.9050712e-01   1.7392461e+01   2.0985587e+00   3.9481887e-01  -1.0542545e-03   9.1875837e-01
   7.4987257e-01   8.1007306e+00   2.1047181e+00   3.9840059e-01  -1.1794518e-03   9.1721076e-01
   9.8345427e-01   1.7401035e+01   2.0156401e+00   3.9481491e-01  -1.1794273e-03   9.1875992e-01
   1.0293240e+00   8.1007479e+00   1.9833488e+00   3.9840008e-01  -1.2612528e-03   9.1721087e-01
   1.2463376e+00   1.7297570e+01   1.8617902e+00   5.5781011e-01   7.7418184e-04   8.2996824e-01
   1.2900042e+00   8.1007302e+00   1.8244706e+00   6.3108826e-01  -2.1572267e-03   7.7570803e-01
   1.4213500e+00   1.7498068e+01   1.7439730e+00   5.5781246e-01  -2.1479449e-03   8.2996424e-01
   1.4832252e+00   1.3699387e+01   1.6841950e+00   6.2344954e-01  -2.1899968e-03   7.8186052e-01
   1.4878421e+00   1.7420270e+01   1.6857229e+00   6.6112397e-01   0.0000000e+00   7.5027668e-01
   1.0347520e+00   1.7348923e+01  -1.9916659e+00   4.6006181e-01  -2.1893244e-03  -8.8788419e-01
   1.0251898e+00   8.1007305e+00  -1.9854079e+00   5.1958292e-01   0.0000000e+00  -8.5442003e-01
   7.5404815e-01   1.7348923e+01  -2.1143180e+00   3.3488104e-01   0.0000000e+00  -9.4226042e-01
   7.4661934e-01   8.1007304e+00  -2.1060358e+00   2.6979618e-01  -2.1944536e-03  -9.6291495e-01
   4.5903544e-01   1.7348923e+01  -2.1969822e+00   2.0345409e-01  -2.1893390e-03  -9.7908204e-01
   4.5151631e-01   8.1007307e+00  -2.1883763e+00   2.6979683e-01   0.0000000e+00  -9.6291727e-01
   1.5564977e-01   1.7348923e+01  -2.2393531e+00   6.8243630e-02   0.0000000e+00  -9.9766869e-01
   1.5072513e-01   8.1010772e+00  -2.2396899e+00   6.8243630e-02   1.9690288e-18  -9.9766869e-01
  -1.5072513e-01   1.7348923e+01  -2.2396899e+00  -6.8243630e-02  -1.9690288e-18  -9.9766869e-01
  -1.5564977e-01   8.1010772e+00  -2.2393531e+00  -6.8243630e-02  -0.0000000e+00  -9.9766869e-01
  -4.5429234e-01   1.7348923e+01  -2.1983056e+00  -2.0345458e-01  -0.0000000e+00  -9.7908439e-01
  -4.5633652e-01   8.1007304e+00  -2.1873692e+00  -2.6979618e-01  -2.1944536e-03  -9.6291495e-01
  -7.4930790e-01   1.7348923e+01  -2.1156516e+00  -3.3488023e-01  -2.1893364e-03  -9.4225816e-01
  -7.5126107e-01   8.1007307e+00  -2.1043917e+00  -2.6979683e-01  -0.0000000e+00  -9.6291727e-01
  -1.0305419e+00   1.7348923e+01  -1.9942200e+00  -4.6006291e-01  -0.0000000e+00  -8.8788632e-01
  -1.0295595e+00   8.1007301e+00  -1.9831377e+00  -5.1958167e-01  -2.1944417e-03  -8.5441797e-01
  -1.2923177e+00   1.7348922e+01  -1.8350368e+00  -5.7668060e-01  -2.1893269e-03  -8.1696677e-01
  -1.2911604e+00   8.1007310e+00  -1.8236676e+00  -5.1958478e-01  -0.0000000e+00  -8.5441890e-01
  -1.5303608e+00   1.7348923e+01  -1.6422321e+00  -6.8255163e-01  -0.0000000e+00  -7.3083738e-01
  -1.5264250e+00   8.1007300e+00  -1.6318259e+00  -7.3083318e-01  -2.1944197e-03  -6.8255259e-01
  -1.7394819e+00   1.7348923e+01  -1.4183260e+00  -7.7571031e-01  -2.1893044e-03  -6.3108535e-01
  -1.7353003e+00   8.1007307e+00  -1.4076906e+00  -7.3083659e-01  -0.0000000e+00  -6.8255248e-01
  -1.9166796e+00   1.7348922e+01  -1.1684473e+00  -8.5441908e-01  -0.0000000e+00  -5.1958448e-01
  -1.9100824e+00   8.1007306e+00  -1.1594890e+00  -8.8788239e-01  -2.1943830e-03  -4.6006527e-01
  -2.0565512e+00   1.7352174e+01  -8.9949660e-01  -9.1661204e-01  -2.1894911e-03  -3.9977189e-01
  -2.1495564e+00   1.6680430e+01  -6.4200999e-01  -9.5505408e-01  -5.6242435e-03  -2.9637826e-01
  -2.1607430e+00   1.7413286e+01  -6.1268967e-01  -9.6001772e-01   1.8574282e-04  -2.7993918e-01
   1.2844488e+00   1.7686902e+01  -1.3493169e+00   4.8365745e-02   9.9878414e-01  -9.5388951e-03
  -2.1021852e+00   1.7626080e+01  -5.7775063e-01  -6.8834720e-01   6.9417808e-01  -2.1046359e-01
  -2.1066411e+00   1.7542726e+01  -7.4964246e-01  -8.9076719e-01   3.1186825e-01  -3.3056317e-01
  -2.0288715e+00   1.7545952e+01  -9.3921295e-01  -8.9638351e-01   2.0893820e-01  -3.9094940e-01
  -1.9740582e+00   1.7555369e+01  -1.0411371e+00  -8.2266481e-01   2.9961008e-01  -4.8317327e-01
  -1.8515480e+00   1.7541898e+01  -1.2539958e+00  -8.2543577e-01   2.5824918e-01  -5.0195932e-01
  -1.7958972e+00   1.7555775e+01  -1.3237318e+00  -7.3122190e-01   2.5765891e-01  -6.3160622e-01
  -1.6409801e+00   1.7531653e+01  -1.5197024e+00  -7.1943502e-01   3.7394473e-01  -5.8530214e-01
  -1.5164684e+00   1.7546306e+01  -1.6439095e+00  -6.7195438e-01   1.7553009e-01  -7.1949045e-01
  -1.3978267e+00   1.7553224e+01  -1.7368305e+00  -5.3534742e-01   3.4585209e-01  -7.7057736e-01
  -1.1701173e+00   1.7531653e+01  -1.9060786e+00  -5.3484319e-01   3.7394936e-01  -7.5769693e-01
  -1.0167116e+00   1.7546306e+01  -1.9920872e+00  -4.5291976e-01   1.7553310e-01  -8.7410058e-01
  -8.7740004e-01   1.7553224e+01  -2.0495531e+00  -3.0759674e-01   3.4585275e-01  -8.8643676e-01
  -6.1247244e-01   1.7531653e+01  -2.1510897e+00  -3.1058578e-01   3.7394448e-01  -8.7390045e-01
  -4.4155331e-01   1.7546306e+01  -2.1925199e+00  -2.0029561e-01   1.7553414e-01  -9.6388248e-01
  -2.9251749e-01   1.7552945e+01  -2.2113740e+00  -6.9306177e-02   3.3207557e-01  -9.4070318e-01
  -1.2925250e-02   1.7533896e+01  -2.2379144e+00  -6.4811983e-02   3.1311637e-01  -9.4750068e-01
   1.2410761e-01   1.7545044e+01  -2.2339395e+00   6.7303893e-02   1.6538145e-01  -9.8393047e-01
   3.1029015e-01   1.7551611e+01  -2.2062144e+00   1.8477910e-01   3.8579361e-01  -9.0389157e-01
   5.9436331e-01   1.7531653e+01  -2.1561638e+00   1.8869440e-01   3.7394164e-01  -9.0805400e-01
   7.6192737e-01   1.7546306e+01  -2.1027555e+00   3.2968175e-01   1.7552911e-01  -9.2763111e-01
   8.9826284e-01   1.7553632e+01  -2.0417825e+00   4.2798288e-01   3.2947793e-01  -8.4159073e-01
   1.1443785e+00   1.7537843e+01  -1.9215613e+00   4.3807112e-01   3.0548061e-01  -8.4544384e-01
   1.2363920e+00   1.7545304e+01  -1.8624730e+00   5.6268510e-01   2.1898331e-01  -7.9713975e-01
   1.4162256e+00   1.7534642e+01  -1.7352116e+00   5.7760991e-01   2.8584033e-01  -7.6463200e-01
  -1.9755052e+00   1.7644326e+01  -9.1285103e-01  -6.3136559e-01   7.4472497e-01  -2.1624569e-01
  -1.9332080e+00   1.7636122e+01  -1.0243905e+00  -6.5287726e-01   6.5086897e-01  -3.8745435e-01
  -1.7734302e+00   1.7638265e+01  -1.2548730e+00  -4.7827658e-01   7.9738785e-01  -3.6800018e-01
  -1.5197005e+00   1.7634653e+01  -1.5747131e+00  -5.3684375e-01   7.0699746e-01  -4.6038394e-01
  -1.4479314e+00   1.7642130e+01  -1.6313409e+00  -4.1376367e-01   7.2031712e-01  -5.5672513e-01
  -1.1401909e+00   1.7636805e+01  -1.8583502e+00  -4.3614457e-01   6.4471993e-01  -6.2778510e-01
  -9.8359327e-01   1.7640033e+01  -1.9464070e+00  -2.7821131e-01   7.7071358e-01  -5.7323560e-01
  -7.2552993e-01   1.7637415e+01  -2.0556883e+00  -2.6383640e-01   5.9354221e-01  -7.6032756e-01
  -4.2779425e-01   1.7639507e+01  -2.1355745e+00  -1.2261466e-01   7.9378229e-01  -5.9571413e-01
  -1.4588926e-01   1.7636378e+01  -2.1774243e+00  -5.6074053e-02   6.1471894e-01  -7.8675048e-01
   1.1120400e-01   1.7638708e+01  -2.1788014e+00   2.8467663e-02   7.6340453e-01  -6.4529305e-01
   3.0362669e-01   1.7648048e+01  -2.1457420e+00   1.8758037e-01   5.7845153e-01  -7.9385605e-01
   6.9675890e-01   1.7635648e+01  -2.0717068e+00   1.4044532e-01   7.0355748e-01  -6.9662184e-01
   7.8317427e-01   1.7641485e+01  -2.0354420e+00   3.1565500e-01   7.2063281e-01  -6.1729270e-01
   1.1693692e+00   1.7633476e+01  -1.8477606e+00   3.1266695e-01   7.2475948e-01  -6.1397318e-01
   1.2457563e+00   1.7643304e+01  -1.7865784e+00   4.5572269e-01   6.8919671e-01  -5.6331583e-01
   1.4943284e+00   1.7601896e+01  -1.6216049e+00   5.2459553e-01   5.9480948e-01  -6.0909869e-01
  -1.8669981e+00   1.7687387e+01  -9.7065166e-01  -2.1514223e-01   9.7051551e-01  -1.0868973e-01
  -1.7129239e+00   1.7687138e+01  -1.2157021e+00  -3.7011479e-01   8.8416251e-01  -2.8508192e-01
  -1.4156969e+00   1.7687278e+01  -1.5210709e+00  -1.1032377e-01   9.8471384e-01  -1.3478618e-01
  -1.1025864e+00   1.7682152e+01  -1.7994384e+00  -1.3258298e-01   9.7455519e-01  -1.8073167e-01
  -8.9867995e-01   1.7686399e+01  -1.9011059e+00  -1.4273048e-01   9.4578604e-01  -2.9174780e-01
  -6.9095036e-01   1.7687374e+01  -1.9721272e+00  -4.8977206e-02   9.7790172e-01  -2.0324729e-01
  -1.5953962e-01   1.7685240e+01  -2.1007441e+00  -5.0702271e-02   9.6785807e-01  -2.4633319e-01
  -4.9778024e-02   1.7686231e+01  -2.1050904e+00   1.4395653e-02   9.5357698e-01  -3.0080509e-01
   2.8530560e-01   1.7686888e+01  -2.0598690e+00   3.7960395e-02   9.8153873e-01  -1.8745862e-01
   7.0678037e-01   1.7682312e+01  -1.9931040e+00   4.8305892e-02   9.7628262e-01  -2.1104215e-01
   9.2677223e-01   1.7686820e+01  -1.8908904e+00   1.8135083e-01   9.1729221e-01  -3.5452346e-01
   1.1893181e+00   1.7681448e+01  -1.7489192e+00   1.3154992e-01   9.7853390e-01  -1.5863806e-01
  -1.6614293e+00   1.7699654e+01  -7.3913950e-01  -1.1858968e-03   9.9999895e-01   8.3681832e-04
  -3.3107512e-01   1.7700001e+01  -1.7506990e+00   0.0000000e+00   1.0000000e+00   0.0000000e+00
  -4.9010452e-01   1.7700001e+01  -1.3611614e+00   0.0000000e+00   1.0000000e+00   0.0000000e+00
  -1.1979562e+00   1.7700001e+01  -1.2648571e+00  -0.0000000e+00   1.0000000e+00   0.0000000e+00
  -7.7879505e-01   1.7700001e+01  -1.2117841e+00   0.0000000e+00   1.0000000e+00  -0.0000000e+00
   9.2714607e-01   1.7700004e+01  -1.0505323e+00  -2.4146654e-05   1.0000000e+00   7.7137573e-06
   1.0129066e+00   1.7700001e+01  -6.3883531e-01   0.0000000e+00  -1.0000000e+00   0.0000000e+00
   1.2415188e+00   1.7700001e+01  -2.2954370e-01   0.0000000e+00  -1.0000000e+00   0.0000000e+00
   1.3176096e+00   1.7700001e+01   2.3479725e-01   0.0000000e+00   1.0000000e+00   0.0000000e+00
   1.2487866e+00   1.7700001e+01   6.7099321e-01   0.0000000e+00   1.0000000e+00   0.0000000e+00
   1.3439688e+00   1.7699987e+01   1.3470761e+00  -7.4199851e-05   1.0000000e+00   4.8462414e-05
   9.8538388e-01   1.7699992e+01   1.0545556e+00   3.8436528e-05   1.0000000e+00   3.5185659e-05
   7.2395874e-01   1.7699992e+01   1.2537349e+00   2.2650363e-05   1.0000000e+00   4.5844635e-05
   1.5412960e-01   1.7699989e+01   1.4478564e+00   5.6189195e-06   1.0000000e+00   6.3500876e-05
   5.7885924e-01   1.7699971e+01   1.6644321e+00   1.3316491e-05   1.0000000e+00   6.4217319e-05
  -1.2075659e+00   1.7700001e+01  -7.9736663e-01   0.0000000e+00   1.0000000e+00   0.0000000e+00
   5.7696503e-02   1.7700001e+01  -1.4491459e+00   0.0000000e+00   1.0000000e+00   0.0000000e+00
   6.4285826e-01   1.7700003e+01  -1.3062945e+00  -5.2958235e-06   1.0000000e+00   1.0718817e-05
   4.1158625e-01   1.7700004e+01  -1.7012286e+00  -1.0890862e-05   1.0000000e+00   5.5947894e-06
  -4.6892827e-01   1.7699990e+01   1.3744336e+00  -1.8010633e-05   1.0000000e+00   6.2077580e-05
  -2.0350471e-01   1.7699969e+01   1.7327353e+00  -9.5044537e-06   1.0000000e+00   7.1322935e-05
  -8.9535649e-01   1.7700001e+01   1.1463259e+00   0.0000000e+00   1.0000000e+00  -0.0000000e+00
  -9.2540523e-01   1.7699981e+01   1.6088387e+00   5.2135467e-05   1.0000000e+00   8.2767832e-05
  -1.2110617e+00   1.7699992e+01   7.9368109e-01  -5.5493045e-05   1.0000000e+00   6.0903008e-05
  -1.3570260e+00   1.7699979e+01   1.2568723e+00  -1.0087356e-04   9.9999999e-01  -4.4372166e-05
  -2.0732213e+00   7.7864261e+00  -2.0443458e-02  -7.0874998e-01  -7.0379205e-01   4.8479045e-02
  -2.1249530e+00   7.8567979e+00  -2.7623654e-01  -6.9554785e-01  -7.0379131e-01  -1.4453712e-01
  -1.9908249e+00   7.7864256e+00  -5.7903210e-01  -6.9554851e-01  -7.0379074e-01  -1.4453675e-01
  -2.0096659e+00   7.8806785e+00  -8.1730830e-01  -6.3076014e-01  -7.0379145e-01  -3.2683214e-01
  -1.8427192e+00   7.7949143e+00  -9.5481985e-01  -6.3076020e-01  -7.0379141e-01  -3.2683210e-01
  -1.8266513e+00   7.8806783e+00  -1.1705107e+00  -6.3076026e-01  -7.0379009e-01  -3.2683483e-01
  -1.7146345e+00   7.8806784e+00  -1.3292024e+00  -5.1919210e-01  -7.0379016e-01  -4.8489068e-01
  -1.5167786e+00   7.7949142e+00  -1.4165724e+00  -5.1919048e-01  -7.0379098e-01  -4.8489122e-01
  -1.4431145e+00   7.8806785e+00  -1.6199291e+00  -5.1919042e-01  -7.0379086e-01  -4.8489146e-01
  -1.2924368e+00   7.8806784e+00  -1.7425142e+00  -3.6911677e-01  -7.0379089e-01  -6.0698533e-01
  -1.0783459e+00   7.7949141e+00  -1.7732638e+00  -3.6911728e-01  -7.0379064e-01  -6.0698530e-01
  -9.5254851e-01   7.8806784e+00  -1.9492051e+00  -3.6911614e-01  -7.0378954e-01  -6.0698728e-01
  -7.7438559e-01   7.8806784e+00  -2.0265922e+00  -1.9166580e-01  -7.0379018e-01  -6.8406403e-01
  -5.5993725e-01   7.7949144e+00  -1.9984407e+00  -1.9166601e-01  -7.0379008e-01  -6.8406408e-01
  -3.9133546e-01   7.8806784e+00  -2.1339178e+00  -1.9166586e-01  -7.0378997e-01  -6.8406423e-01
  -1.9204523e-01   7.7629832e+00  -2.0498471e+00  -4.8310725e-02  -7.0628043e-01  -7.0628183e-01
  -9.6920195e-02   7.8813067e+00  -2.1746773e+00  -4.8311816e-02  -7.0628109e-01  -7.0628109e-01
   8.8864510e-02   7.7629833e+00  -2.0569051e+00   4.8310519e-02  -7.0628114e-01  -7.0628114e-01
   2.0010141e-01   7.8813068e+00  -2.1676195e+00   4.8311864e-02  -7.0628038e-01  -7.0628180e-01
   3.9133574e-01   7.8806783e+00  -2.1339177e+00   1.9166595e-01  -7.0378963e-01  -6.8406456e-01
   5.5993681e-01   7.7949141e+00  -1.9984409e+00   1.9166526e-01  -7.0378916e-01  -6.8406523e-01
   7.7438439e-01   7.8806782e+00  -2.0265926e+00   1.9166620e-01  -7.0378870e-01  -6.8406545e-01
   9.5254737e-01   7.8806785e+00  -1.9492059e+00   3.6911611e-01  -7.0378959e-01  -6.0698724e-01
   1.0783454e+00   7.7949144e+00  -1.7732644e+00   3.6911723e-01  -7.0379067e-01  -6.0698531e-01
   1.2924368e+00   7.8806784e+00  -1.7425142e+00   3.6911677e-01  -7.0379089e-01  -6.0698533e-01
   1.4510949e+00   7.8567978e+00  -1.5767228e+00   5.1919029e-01  -7.0379087e-01  -4.8489159e-01
   1.6211221e+00   7.7864257e+00  -1.2925277e+00   5.1919022e-01  -7.0379135e-01  -4.8489097e-01
   1.7607785e+00   7.7864258e+00  -1.0946800e+00   6.3076027e-01  -7.0379077e-01  -3.2683334e-01
   1.9716271e+00   7.8567973e+00  -8.3929655e-01   6.3075899e-01  -7.0379178e-01  -3.2683364e-01
   1.9908253e+00   7.7864253e+00  -5.7903248e-01   6.9554872e-01  -7.0379073e-01  -1.4453580e-01
   2.1249529e+00   7.8567973e+00  -2.7623727e-01   6.9554667e-01  -7.0379251e-01  -1.4453694e-01
   2.0732212e+00   7.7864259e+00  -2.0444590e-02   7.0874859e-01  -7.0379336e-01   4.8480278e-02
   2.1206812e+00   7.8567978e+00   3.0731375e-01   7.0874970e-01  -7.0379217e-01   4.8481374e-02
   2.0675470e+00   7.8567982e+00   5.6301079e-01   6.6938853e-01  -7.0379166e-01   2.3789977e-01
   1.8934379e+00   7.7864264e+00   8.4472368e-01   6.6938785e-01  -7.0379221e-01   2.3790003e-01
   1.7820220e+00   7.7864254e+00   1.0597452e+00   5.8038296e-01  -7.0378918e-01   4.0967841e-01
   1.6522766e+00   7.8567976e+00   1.3644462e+00   5.8038268e-01  -7.0379006e-01   4.0967730e-01
   1.5176716e+00   7.8806784e+00   1.5502979e+00   4.4832825e-01  -7.0379049e-01   5.5107234e-01
   1.3097614e+00   7.7949144e+00   1.6099131e+00   4.4832912e-01  -7.0379007e-01   5.5107218e-01
   1.2090924e+00   7.8806785e+00   1.8013454e+00   4.4833028e-01  -7.0379154e-01   5.5106935e-01
   1.0431263e+00   7.8806784e+00   1.9022717e+00   2.8302635e-01  -7.0379130e-01   6.5159335e-01
   8.2684239e-01   7.7949142e+00   1.9035827e+00   2.8302809e-01  -7.0379045e-01   6.5159351e-01
   6.7825920e-01   7.8806784e+00   2.0607559e+00   2.8302727e-01  -7.0378981e-01   6.5159456e-01
   4.9121812e-01   7.8806784e+00   2.1131624e+00   9.6733810e-02  -7.0379002e-01   7.0379129e-01
   2.8260063e-01   7.7949144e+00   2.0560721e+00   9.6732997e-02  -7.0379044e-01   7.0379098e-01
   9.7121850e-02   7.8806785e+00   2.1673295e+00   9.6733662e-02  -7.0379084e-01   7.0379049e-01
  -9.7122457e-02   7.8806784e+00   2.1673294e+00  -9.6733709e-02  -7.0379049e-01   7.0379084e-01
  -2.8260101e-01   7.7949143e+00   2.0560721e+00  -9.6733289e-02  -7.0379023e-01   7.0379115e-01
  -4.9121823e-01   7.8806784e+00   2.1131624e+00  -9.6733817e-02  -7.0378996e-01   7.0379135e-01
  -6.7825929e-01   7.8806783e+00   2.0607559e+00  -2.8302734e-01  -7.0378964e-01   6.5159471e-01
  -8.2684227e-01   7.7949141e+00   1.9035828e+00  -2.8302786e-01  -7.0379005e-01   6.5159405e-01
  -1.0431259e+00   7.8806783e+00   1.9022720e+00  -2.8302660e-01  -7.0379065e-01   6.5159394e-01
  -1.2090921e+00   7.8806785e+00   1.8013458e+00  -4.4833034e-01  -7.0379145e-01   5.5106942e-01
  -1.3097608e+00   7.7949144e+00   1.6099133e+00  -4.4832959e-01  -7.0379051e-01   5.5107123e-01
  -1.5176712e+00   7.8806784e+00   1.5502980e+00  -4.4832765e-01  -7.0379146e-01   5.5107159e-01
  -1.5953199e+00   7.7864258e+00   1.3242424e+00  -5.8038102e-01  -7.0379139e-01   4.0967738e-01
  -1.7563186e+00   7.8963875e+00   1.2850633e+00  -5.8038384e-01  -7.0378922e-01   4.0967710e-01
  -1.8796571e+00   7.8806784e+00   1.0833456e+00  -5.8038030e-01  -7.0379112e-01   4.0967885e-01
  -1.8934375e+00   7.7864259e+00   8.4472383e-01  -6.6938796e-01  -7.0379159e-01   2.3790157e-01
  -2.0378961e+00   7.8963875e+00   7.6356094e-01  -6.6938801e-01  -7.0379155e-01   2.3790155e-01
  -2.1022378e+00   7.8806784e+00   5.3604739e-01  -6.6939028e-01  -7.0379008e-01   2.3789952e-01
  -2.1206816e+00   7.8567980e+00   3.0731419e-01  -7.0875139e-01  -7.0379053e-01   4.8480448e-02
   1.5500000e+00   1.4727702e+01   6.0324885e-01   1.0000000e+00   0.0000000e+00   0.0000000e+00
   1.5500000e+00   1.6548426e+01  -6.1281098e-01   1.0000000e+00   0.0000000e+00   0.0000000e+00
   1.4790168e+00   1.7663608e+01   1.5327952e+00   3.4023663e-01   8.7621357e-01   3.4130457e-01
   1.5499995e+00   1.7656100e+01   1.3615377e+00   1.0000000e+00   1.0933953e-05  -2.5352091e-07
   1.5500000e+00   1.7515247e+01   1.5666856e+00   1.0000000e+00   0.0000000e+00   0.0000000e+00
   1.5499990e+00   1.7612034e+01  -1.4788193e+00   1.0000000e+00   1.5213971e-05  -4.7721481e-07
   1.5969011e+00   1.3700000e+01  -1.5170213e+00   0.0000000e+00   1.0000000e+00   0.0000000e+00
   2.2029393e+00   1.3700000e+01   1.5068512e-01   0.0000000e+00   1.0000000e+00   0.0000000e+00
   1.6980273e+00   1.3700000e+01   1.2507385e+00   0.0000000e+00   1.0000000e+00   0.0000000e+00
   1.9559260e+00   1.3700000e+01   7.3091572e-01   0.0000000e+00   1.0000000e+00   0.0000000e+00
   1.8799980e+00   1.3700000e+01  -9.9329981e-01   0.0000000e+00   1.0000000e+00   0.0000000e+00
   2.1200871e+00   1.3700000e+01  -4.4638829e-01   0.0000000e+00   1.0000000e+00   0.0000000e+00
  -1.1151262e+00   1.7655264e+01  -5.5657415e-01   6.1958805e-01   6.8027109e-01   3.9158894e-01
  -1.1004692e+00   1.7634405e+01   5.4257443e-01   6.1742993e-01   6.7404961e-01  -4.0550883e-01
  -1.0025298e+00   1.7654824e+01   7.3061203e-01   6.0734119e-01   6.9551779e-01  -3.8391625e-01
  -9.5262242e-01   1.7639682e+01  -7.8182784e-01   5.9497379e-01   7.0295860e-01   3.8968628e-01
  -8.8543406e-01   1.7656528e+01  -8.7759863e-01   4.3332091e-01   7.0097353e-01   5.6645309e-01
  -6.0634779e-01   1.7641518e+01  -1.0725164e+00   4.3331741e-01   7.0097727e-01   5.6645114e-01
  -5.0743576e-01   1.7656528e+01  -1.1387190e+00   1.9872295e-01   7.0097332e-01   6.8494203e-01
  -1.7670443e-01   1.7641517e+01  -1.2193132e+00   1.9872583e-01   7.0096911e-01   6.8494551e-01
  -6.0530304e-02   1.7656528e+01  -1.2451943e+00  -6.2861279e-02   7.0097334e-01   7.1041173e-01
   2.7693989e-01   1.7641518e+01  -1.2005221e+00  -6.2861003e-02   7.0097253e-01   7.1041256e-01
   3.8806501e-01   1.7641518e+01  -1.1693394e+00  -3.1590925e-01   7.0097263e-01   6.3940498e-01
   6.9950809e-01   1.7656528e+01  -1.0319212e+00  -3.1590965e-01   7.0097213e-01   6.3940532e-01
   7.9614005e-01   1.7656528e+01  -9.5934042e-01  -5.2605558e-01   7.0097256e-01   4.8156307e-01
   1.0148974e+00   1.7641518e+01  -6.9852206e-01  -5.2605504e-01   7.0097380e-01   4.8156187e-01
   1.0758090e+00   1.7641517e+01  -6.0048675e-01  -6.6476026e-01   7.0097379e-01   2.5832063e-01
   1.2127435e+00   1.7656528e+01  -2.8883260e-01  -6.6475986e-01   7.0097416e-01   2.5832064e-01
   1.2350122e+00   1.7656528e+01  -1.7004736e-01  -7.1318302e-01   7.0097788e-01   0.0000000e+00
   1.2202587e+00   1.7641518e+01   1.7004725e-01  -7.1318302e-01   7.0097788e-01   0.0000000e+00
   1.2127435e+00   1.7656528e+01   2.8883252e-01  -6.6475963e-01   7.0097441e-01  -2.5832055e-01
   1.0758094e+00   1.7641517e+01   6.0048519e-01  -6.6476006e-01   7.0097401e-01  -2.5832053e-01
   1.0257801e+00   1.7656528e+01   7.0848279e-01  -5.2605191e-01   7.0097762e-01  -4.8155972e-01
   7.8525729e-01   1.7641518e+01   9.4937876e-01  -5.2605512e-01   7.0097446e-01  -4.8156082e-01
   6.9950741e-01   1.7656528e+01   1.0319214e+00  -3.1590949e-01   7.0097250e-01  -6.3940500e-01
   3.8806497e-01   1.7641517e+01   1.1693394e+00  -3.1590940e-01   7.0097261e-01  -6.3940492e-01
   2.7693989e-01   1.7641518e+01   1.2005220e+00  -6.2859314e-02   7.0097237e-01  -7.1041287e-01
  -6.0529980e-02   1.7656528e+01   1.2451939e+00  -6.2860946e-02   7.0097719e-01  -7.1040797e-01
  -1.8081557e-01   1.7656528e+01   1.2334817e+00   1.9872301e-01   7.0097311e-01  -6.8494223e-01
  -5.1159379e-01   1.7642541e+01   1.1216153e+00   2.0035652e-01   7.1310372e-01  -6.7181869e-01
  -6.2327647e-01   1.7655944e+01   1.0792389e+00   4.4048054e-01   6.8877931e-01  -5.7581243e-01
  -8.9523341e-01   1.7644702e+01   8.3925715e-01   4.1134914e-01   7.8372695e-01  -4.6536432e-01
  -1.0296717e+00   1.7488518e+01   5.9318233e-01   8.3584887e-01   0.0000000e+00  -5.4895962e-01
  -1.9122499e+00   1.6981361e+01   5.0000004e-01   0.0000000e+00   1.3931209e-07  -1.0000000e+00
  -1.1387104e+00   1.7578945e+01   5.0000000e-01   0.0000000e+00   0.0000000e+00  -1.0000000e+00
  -1.4437091e+00   1.7420108e+01   4.9999988e-01   4.2999574e-07   4.6946937e-08  -1.0000000e+00
  -2.0916428e+00   1.7567514e+01   4.9999987e-01  -2.1178898e-06  -2.5893467e-06  -1.0000000e+00
  -1.9116989e+00   1.6981988e+01  -4.9999997e-01   0.0000000e+00  -1.0407901e-07   1.0000000e+00
  -1.1373849e+00   1.7577135e+01  -5.0032742e-01   6.6538378e-03   7.2612714e-04   9.9997760e-01
  -1.4355873e+00   1.7436992e+01  -5.0000006e-01  -2.0974253e-07  -2.2889007e-08   1.0000000e+00
  -2.0539638e+00   1.7567373e+01  -5.0000004e-01   8.8149283e-07   1.0274599e-06   1.0000000e+00
  -1.3077553e+00   1.6700001e+01  -3.3345619e-01   0.0000000e+00   1.0000000e+00   0.0000000e+00
  -2.1784735e+00   1.6700001e+01  -4.7153727e-01   0.0000000e+00   1.0000000e+00  -0.0000000e+00
  -1.9954046e+00   1.6700001e+01  -1.4475639e-01   0.0000000e+00   1.0000000e+00   0.0000000e+00
  -1.3542886e+00   1.6700001e+01   1.1451195e-01   0.0000000e+00   1.0000000e+00  -0.0000000e+00
  -2.0700354e+00   1.6700001e+01   3.3051266e-01   0.0000000e+00   1.0000000e+00   0.0000000e+00
  -1.2069536e+00   1.6700001e+01   4.1910014e-01   0.0000000e+00   1.0000000e+00  -0.0000000e+00
