   1.4040378e+00   9.5642528e+00   1.7264393e+00   4.4536910e-01   3.9041225e-01   8.0574477e-01
  -2.0394894e+00   9.5868080e+00   8.4872585e-01  -8.3638101e-01   3.4574489e-01   4.2535548e-01
  -1.7641773e+00   9.6882942e+00   7.5284434e-01  -2.9065867e-02   9.9931409e-01  -2.2946326e-02
  -1.9022204e+00   9.5713967e+00   1.1322756e+00  -8.3629982e-01   3.5022317e-01   4.2183687e-01
  -1.8140395e+00   9.5719388e+00   1.2702351e+00  -7.1894322e-01   3.8888198e-01   5.7610021e-01
  -1.5807216e+00   9.5604089e+00   1.5446443e+00  -5.9456503e-01   5.5014144e-01   5.8637600e-01
  -1.4162865e+00   9.5165990e+00   1.7367559e+00  -6.5135506e-01  -1.1362420e-03   7.5877223e-01
  -9.6682798e-01   9.5606582e+00   1.9872229e+00  -3.8887935e-01   3.7945938e-01   8.3951381e-01
  -7.6342465e-01   9.5677222e+00   2.0707757e+00  -3.4084863e-01   3.4798587e-01   8.7334303e-01
  -5.1487366e-01   9.5901425e+00   2.1474066e+00  -2.6237452e-01   4.2899451e-01   8.6436296e-01
   2.8612656e-01   9.5370543e+00   2.2119820e+00   1.5487414e-01   3.4084872e-01   9.2727350e-01
   1.0700195e+00   9.5849384e+00   1.9316059e+00   4.2939660e-01   7.5498818e-01   4.9559198e-01
   8.2412783e-01   9.6135481e+00   2.0421639e+00   3.3232496e-01   5.1415969e-01   7.9069585e-01
   6.4044828e-01   9.6192177e+00   2.0948705e+00   1.6273938e-01   6.0620142e-01   7.7848297e-01
  -1.2455297e+00   9.6272709e+00   1.7531651e+00  -3.7871013e-01   7.9856910e-01   4.6783120e-01
  -1.1862131e-01   9.6654107e+00   2.1252496e+00   2.2607557e-03   9.5956806e-01   2.8146761e-01
   1.4136677e+00   2.4095205e-01   1.7241572e+00   6.3063297e-01  -2.4986770e-03   7.7607719e-01
   1.6921778e+00   5.4879549e+00   1.4669704e+00   7.5656567e-01   1.5910914e-03   6.5391578e-01
   1.8219274e+00   2.4048540e-01   1.2860541e+00   8.1696548e-01  -3.6446239e-03   5.7667505e-01
   1.9800746e+00   5.4095164e+00   1.0259919e+00   8.8787934e-01   3.6446214e-03   4.6006194e-01
   2.1013390e+00   2.4048088e-01   7.4681363e-01   9.4225509e-01  -3.6445378e-03   3.3487618e-01
   2.1834575e+00   5.4095165e+00   4.5372766e-01   9.7907744e-01   3.6445665e-03   2.0345538e-01
   2.2249033e+00   2.4048301e-01   1.5218715e-01   9.9766210e-01  -3.6446503e-03   6.8242623e-02
   2.2249033e+00   5.4095165e+00  -1.5218760e-01   9.9766209e-01   3.6446554e-03  -6.8242718e-02
   2.1834575e+00   2.4048192e-01  -4.5372823e-01   9.7907739e-01  -3.6445445e-03  -2.0345558e-01
   2.1013381e+00   5.4095167e+00  -7.4681557e-01   9.4225485e-01   3.6445928e-03  -3.3487686e-01
   1.9800740e+00   2.4048274e-01  -1.0259927e+00   8.8787893e-01  -3.6446741e-03  -4.6006273e-01
   1.8219264e+00   5.4095162e+00  -1.2860561e+00   8.1696475e-01   3.6445157e-03  -5.7667609e-01
   1.4856056e+00   9.4650428e+00  -1.6859624e+00   6.7099630e-01   6.4265601e-04  -7.4146042e-01
   1.2923177e+00   9.3489225e+00  -1.8350368e+00   5.7668060e-01  -2.1893269e-03  -8.1696677e-01
   1.4328535e+00   5.7027521e+00  -1.7198632e+00   6.0451704e-01  -3.2920806e-03  -7.9658541e-01
   1.2960105e+00   9.8929347e-02  -1.8198036e+00   5.1957763e-01   5.2471634e-03  -8.5440713e-01
   1.5951274e+00   5.6338039e+00  -1.5852359e+00   7.1017531e-01  -2.0557096e-03  -7.0402188e-01
   1.6298383e+00   2.4048166e-01  -1.5221636e+00   7.3083096e-01  -3.6446975e-03  -6.8254877e-01
  -2.0521447e+00   1.0036257e-01  -8.8268887e-01  -8.8787082e-01   5.8536038e-03  -4.6005558e-01
  -2.1981470e+00   8.6784584e+00  -4.7956574e-01  -9.7708379e-01  -2.0588047e-03  -2.1284507e-01
  -2.1831147e+00   2.4583411e-01  -4.5365646e-01  -9.7908111e-01  -2.3950085e-03  -2.0345625e-01
  -2.2245539e+00   8.4041664e+00  -1.5216367e-01  -9.9766586e-01   2.3950630e-03  -6.8242975e-02
  -2.1523754e+00   1.0051701e-01   6.0033067e-01  -9.4226156e-01  -6.2548319e-04   3.3487725e-01
  -2.2189207e+00   8.5283935e+00   3.2939320e-01  -9.8933245e-01   3.3701182e-04   1.4567494e-01
  -2.2245539e+00   2.4583429e-01   1.5216356e-01  -9.9766586e-01  -2.3950622e-03   6.8242952e-02
  -2.1383271e+00   9.4016829e+00   6.5865906e-01  -9.5850303e-01   1.1285752e-02   2.8485886e-01
  -2.1348802e+00   8.6578172e+00   6.8094895e-01  -9.5105125e-01  -1.4473517e-03   3.0902980e-01
  -2.0494429e+00   1.0074245e-01   8.9048944e-01  -9.4225894e-01  -1.8104035e-03   3.3488030e-01
  -1.9771157e+00   9.2837967e+00   1.0540015e+00  -8.8246471e-01   9.9989532e-04   4.7037755e-01
  -1.9089068e+00   1.0074423e-01   1.1615384e+00  -8.1696701e-01  -2.0735092e-03   5.7668067e-01
  -1.7498339e+00   9.2957249e+00   1.3983980e+00  -7.8036080e-01  -1.6103366e-03   6.2532745e-01
  -1.7308772e+00   1.0072017e-01   1.4130535e+00  -8.1697144e-01   5.8771348e-04   5.7667783e-01
  -1.5177039e+00   9.3677744e+00   1.6495993e+00  -6.5135543e-01  -4.1173399e-04   7.5877265e-01
  -1.5237629e+00   1.0073058e-01   1.6341196e+00  -6.3108545e-01  -1.2602156e-03   7.7571229e-01
  -1.3577304e+00   9.4472885e+00   1.7869059e+00  -6.5132235e-01  -1.2591289e-03   7.5880011e-01
  -1.1266699e+00   9.3015607e+00   1.9352807e+00  -4.9935997e-01  -4.1479922e-03   8.6638468e-01
  -1.2823400e+00   1.0060433e-01   1.8292635e+00  -6.3108097e-01   5.2705058e-03   7.7569906e-01
  -1.0271657e+00   1.0073168e-01   1.9844181e+00  -3.9839955e-01  -2.0633864e-03   9.1720965e-01
  -7.4718362e-01   9.2751600e+00   2.1110591e+00  -3.3357949e-01  -1.6891573e-03   9.4272046e-01
  -7.4430232e-01   1.0071160e-01   2.1067780e+00  -3.9840067e-01   1.0087659e-03   9.1721093e-01
  -3.4218410e-01   9.3470376e+00   2.2133442e+00  -1.4855664e-01  -7.3583011e-04   9.8890363e-01
  -4.5004173e-01   1.0069260e-01   2.1883515e+00  -1.3616642e-01  -1.3688882e-03   9.9068503e-01
   7.2657444e-02   9.3453910e+00   2.2382966e+00   3.4287622e-02  -4.5655252e-03   9.9940158e-01
  -1.4477861e-01   1.0059165e-01   2.2291963e+00  -1.3616408e-01   5.9492017e-03   9.9066844e-01
   1.5387522e-01   1.0073175e-01   2.2291770e+00   1.3616618e-01  -2.1466021e-03   9.9068369e-01
   4.8423813e-01   9.3072291e+00   2.1866919e+00   2.1709540e-01  -1.9404971e-03   9.7614846e-01
   4.5893199e-01   1.0051527e-01   2.1866980e+00   1.3617587e-01   1.4598006e-03   9.9068360e-01
   8.7913104e-01   9.3462469e+00   2.0606331e+00   3.9566488e-01  -1.1133997e-03   9.1839428e-01
   8.9317236e-01   2.4596880e-01   2.0426753e+00   3.9815510e-01  -1.2564256e-03   9.1731725e-01
   1.2471757e+00   9.3255928e+00   1.8611940e+00   5.5780177e-01   7.5171640e-04   8.2997387e-01
   1.4350692e+00   5.7028409e+00   1.7232085e+00   6.2595737e-01  -1.9958251e-03   7.7985472e-01
   1.4865213e+00   9.4575266e+00   1.6866781e+00   6.6013858e-01   1.2161508e-05   7.5114383e-01
   1.0347520e+00   9.3489228e+00  -1.9916659e+00   4.6006181e-01  -2.1893244e-03  -8.8788419e-01
   1.0251898e+00   1.0073049e-01  -1.9854079e+00   5.1958292e-01   0.0000000e+00  -8.5442003e-01
   7.5404815e-01   9.3489225e+00  -2.1143180e+00   3.3488104e-01   0.0000000e+00  -9.4226042e-01
   7.4661934e-01   1.0073037e-01  -2.1060358e+00   2.6979618e-01  -2.1944536e-03  -9.6291495e-01
   4.5903544e-01   9.3489227e+00  -2.1969822e+00   2.0345409e-01  -2.1893390e-03  -9.7908204e-01
   4.5151631e-01   1.0073073e-01  -2.1883763e+00   2.6979683e-01   0.0000000e+00  -9.6291727e-01
   1.5564977e-01   9.3489227e+00  -2.2393531e+00   6.8243630e-02   0.0000000e+00  -9.9766869e-01
   1.5072513e-01   1.0107715e-01  -2.2396899e+00   6.8243630e-02   1.9690288e-18  -9.9766869e-01
  -1.5021559e-01   9.3793791e+00  -2.2397196e+00  -6.8277836e-02  -1.9700158e-18  -9.9766635e-01
  -1.5563485e-01   1.0109473e-01  -2.2393539e+00  -6.8243630e-02   1.0952280e-06  -9.9766869e-01
  -4.5485595e-01   9.3795548e+00  -2.1981947e+00  -2.0349372e-01  -1.2854995e-06  -9.7907625e-01
  -4.5633652e-01   1.0073037e-01  -2.1873692e+00  -2.6979618e-01  -2.1944536e-03  -9.6291495e-01
  -7.4930790e-01   9.3489225e+00  -2.1156516e+00  -3.3488023e-01  -2.1893364e-03  -9.4225816e-01
  -7.5126107e-01   1.0073073e-01  -2.1043917e+00  -2.6979683e-01  -0.0000000e+00  -9.6291727e-01
  -1.0305419e+00   9.3489228e+00  -1.9942200e+00  -4.6006291e-01  -0.0000000e+00  -8.8788632e-01
  -1.0295595e+00   1.0073013e-01  -1.9831377e+00  -5.1958167e-01  -2.1944417e-03  -8.5441797e-01
  -1.2923177e+00   9.3489225e+00  -1.8350368e+00  -5.7668060e-01  -2.1893269e-03  -8.1696677e-01
  -1.2911604e+00   1.0073095e-01  -1.8236676e+00  -5.1958478e-01  -0.0000000e+00  -8.5441890e-01
  -1.5303608e+00   9.3489229e+00  -1.6422321e+00  -6.8255163e-01  -0.0000000e+00  -7.3083738e-01
  -1.5264250e+00   1.0073001e-01  -1.6318259e+00  -7.3083318e-01  -2.1944197e-03  -6.8255259e-01
  -1.7394819e+00   9.3489227e+00  -1.4183260e+00  -7.7571031e-01  -2.1893044e-03  -6.3108535e-01
  -1.7353003e+00   1.0073067e-01  -1.4076906e+00  -7.3083659e-01  -0.0000000e+00  -6.8255248e-01
  -1.9166796e+00   9.3489222e+00  -1.1684473e+00  -8.5441908e-01  -0.0000000e+00  -5.1958448e-01
  -1.9100824e+00   1.0073061e-01  -1.1594890e+00  -8.8788239e-01  -2.1943830e-03  -4.6006527e-01
  -2.0565512e+00   9.3521735e+00  -8.9949660e-01  -9.1661204e-01  -2.1894911e-03  -3.9977189e-01
  -2.1495564e+00   8.6804304e+00  -6.4200999e-01  -9.5505408e-01  -5.6242435e-03  -2.9637826e-01
  -2.1523410e+00   9.4539382e+00  -6.1911494e-01  -9.7231078e-01   1.6563115e-02  -2.3310386e-01
   1.2792193e+00   9.6860324e+00  -1.4636906e+00   4.8751346e-02   9.9876494e-01  -9.5865793e-03
  -2.0809149e+00   9.6073851e+00  -7.4962572e-01  -8.3761708e-01   3.2926341e-01  -4.3587066e-01
  -1.9925568e+00   9.5634803e+00  -9.7224227e-01  -8.2923390e-01   4.2611174e-01  -3.6166272e-01
  -1.9176598e+00   9.5711447e+00  -1.1077218e+00  -7.8443812e-01   3.9635977e-01  -4.7702806e-01
  -1.7657394e+00   9.6056767e+00  -1.2778259e+00  -6.3309806e-01   5.3780743e-01  -5.5673154e-01
  -1.6293554e+00   9.5370484e+00  -1.5079971e+00  -6.0949691e-01   6.1857520e-01  -4.9586111e-01
  -1.4241183e+00   9.5547855e+00  -1.7067653e+00  -6.1944017e-01   4.1997431e-01  -6.6326123e-01
  -1.2664240e+00   9.5734254e+00  -1.8230856e+00  -5.4584536e-01   3.2262308e-01  -7.7328338e-01
  -1.1231751e+00   9.5593506e+00  -1.9178939e+00  -4.2359553e-01   3.9019106e-01  -8.1750704e-01
  -8.6235379e-01   9.5728922e+00  -2.0225579e+00  -2.8271463e-01   5.6841981e-01  -7.7263921e-01
  -6.0601471e-01   9.5170399e+00  -2.1559305e+00  -2.8611697e-01   5.1964231e-01  -8.0505214e-01
  -5.4859105e-02   9.5830620e+00  -2.2100880e+00   4.0983897e-02   4.5460114e-01  -8.8975172e-01
   1.0450469e-01   9.5705862e+00  -2.2072782e+00   6.0970623e-02   4.4921071e-01  -8.9134299e-01
   3.2150771e-01   9.6074921e+00  -2.1526271e+00   1.7315901e-01   5.5434589e-01  -8.1407407e-01
   5.8430331e-01   9.5436010e+00  -2.1409551e+00   1.6815056e-01   5.6297023e-01  -8.0919090e-01
   8.3137136e-01   9.5650224e+00  -2.0560179e+00   3.0577176e-01   4.0778995e-01  -8.6035515e-01
   9.7041086e-01   9.5710384e+00  -1.9922981e+00   4.2515820e-01   3.8207682e-01  -8.2052289e-01
   1.1713370e+00   9.5496781e+00  -1.8854321e+00   4.9835308e-01   5.0319455e-01  -7.0600244e-01
   1.3888196e+00   9.5960997e+00  -1.7352004e+00   4.5982734e-01   2.3926467e-01  -8.5516737e-01
  -3.0305410e-01   9.6358832e+00  -2.1353074e+00  -1.5545627e-01   8.0556124e-01  -5.7175557e-01
  -1.8165126e+00   9.6973272e+00  -7.1797369e-01  -5.7240992e-03   9.9996389e-01   6.2815818e-03
  -2.2318620e-01   9.6988591e+00  -1.7480628e+00  -8.7048442e-04   9.9999959e-01   2.4894738e-04
  -6.6765153e-01   9.6990225e+00  -1.3279648e+00   8.3880798e-05   9.9999734e-01  -2.3066130e-03
  -1.2734979e+00   9.6988371e+00  -1.3259391e+00  -6.5456485e-04   9.9999806e-01  -1.8578464e-03
   9.2970510e-01   9.6997130e+00  -1.0444934e+00   9.3779048e-04   9.9999950e-01  -3.6030367e-04
   1.0993828e+00   9.6993649e+00  -4.3215435e-01  -4.0565025e-03  -9.9999084e-01   1.3682122e-03
   1.3073251e+00   9.6981667e+00   4.0201378e-01  -1.7632816e-02   9.9984133e-01   2.5297830e-03
   1.1502659e+00   9.6987617e+00   9.7311275e-01   9.7132196e-05   9.9999478e-01  -3.2311056e-03
   1.0145747e+00   9.6995966e+00   1.4742160e+00  -8.1667392e-04   9.9999962e-01  -3.1298800e-04
   4.5612636e-01   9.6992064e+00   1.4411743e+00  -5.5808436e-04   9.9999979e-01  -3.2994269e-04
  -1.2111086e+00   9.6995182e+00  -8.2125257e-01  -6.5007382e-04   9.9999964e-01  -5.4305075e-04
   5.7798106e-01   9.6994533e+00  -1.3688643e+00  -9.9749115e-04   9.9999930e-01  -6.3397460e-04
   3.4017171e-01   9.6992150e+00  -1.8225331e+00  -2.7788031e-04   9.9999994e-01   2.1263595e-04
  -2.6773836e-01   9.6989802e+00   1.6991311e+00  -3.9857916e-04   9.9999975e-01  -5.8025682e-04
  -6.5571034e-01   9.6985805e+00   1.3009104e+00  -4.5838772e-04   9.9999971e-01  -6.0940464e-04
  -1.1351647e+00   9.6992998e+00   7.0980266e-01   2.1417073e-03   9.9992635e-01   1.1946247e-02
  -1.2074050e+00   9.6974224e+00   1.2437246e+00  -3.0895404e-03   9.9999520e-01  -2.4463211e-04
  -2.1454853e+00  -1.2545698e-01  -1.9565199e-01  -6.3470848e-01  -7.6141249e-01  -1.3189450e-01
  -1.9784110e+00  -1.9052755e-01  -6.4983036e-01  -6.5031859e-01  -7.4903292e-01  -1.2663106e-01
  -1.9728384e+00  -1.2188329e-01  -9.0339881e-01  -6.7342372e-01  -6.5172264e-01  -3.4893853e-01
  -1.8892024e+00  -1.1876879e-01  -1.0706260e+00  -6.7342242e-01  -6.5172284e-01  -3.4894066e-01
  -1.7641599e+00  -1.0174829e-01  -1.2860412e+00  -4.6857025e-01  -7.6742202e-01  -4.3761326e-01
  -1.5175206e+00  -1.8781960e-01  -1.4099317e+00  -4.9170992e-01  -7.5248452e-01  -4.3816481e-01
  -1.4096376e+00  -1.0717800e-01  -1.6645238e+00  -4.9243583e-01  -7.3891471e-01  -4.5990434e-01
  -1.2208234e+00  -1.2268129e-01  -1.7939457e+00  -3.9545661e-01  -6.4863314e-01  -6.5029925e-01
  -1.0619353e+00  -1.1831889e-01  -1.8949189e+00  -3.9545510e-01  -6.4863333e-01  -6.5029998e-01
  -8.4049029e-01  -1.0118116e-01  -2.0154145e+00  -1.7241017e-01  -7.6917597e-01  -6.1533980e-01
  -5.5811969e-01  -1.8603939e-01  -1.9957032e+00  -1.9047295e-01  -7.5524200e-01  -6.2715993e-01
  -3.2972315e-01  -1.0289452e-01  -2.1619201e+00  -1.8122781e-01  -7.4080553e-01  -6.4681036e-01
  -8.6290298e-02  -1.2004756e-01  -2.1834306e+00  -5.1637431e-02  -6.5380507e-01  -7.5489900e-01
   1.0126639e-01  -1.2203847e-01  -2.1815386e+00   5.1941076e-02  -6.4861995e-01  -7.5933806e-01
   3.3408478e-01  -1.0557662e-01  -2.1603333e+00   1.8551512e-01  -7.2607981e-01  -6.6211196e-01
   5.5923736e-01  -1.8792460e-01  -2.0031299e+00   1.9128808e-01  -7.3459647e-01  -6.5098148e-01
   8.3429506e-01  -1.0552036e-01  -2.0171726e+00   1.8065693e-01  -7.4271866e-01  -6.4477288e-01
   1.0433215e+00  -1.2215448e-01  -1.9043499e+00   3.9994941e-01  -6.3834440e-01  -6.5769058e-01
   1.2028295e+00  -1.2083034e-01  -1.8086362e+00   3.9995082e-01  -6.3834446e-01  -6.5768966e-01
   1.3987982e+00  -1.2685302e-01  -1.6395657e+00   4.8178972e-01  -7.5193941e-01  -4.4996198e-01
   1.6699648e+00  -1.9088751e-01  -1.2456612e+00   4.8392121e-01  -7.4614595e-01  -4.5725976e-01
   1.8837491e+00  -1.5011317e-01  -1.0189040e+00   6.6777183e-01  -6.5905716e-01  -3.4601219e-01
   1.9706578e+00  -1.8931955e-01  -6.6571300e-01   6.2357507e-01  -7.6629967e-01  -1.5472217e-01
   2.1453240e+00  -1.3097750e-01  -2.0556034e-01   6.6801258e-01  -7.3108790e-01  -1.3881526e-01
   2.1412222e+00  -1.5320159e-01   1.1915250e-01   7.7125617e-01  -6.3433479e-01   5.2756863e-02
   2.1002957e+00  -1.2581049e-01   4.8480308e-01   6.1634043e-01  -7.5640140e-01   2.1904655e-01
   1.8717303e+00  -1.9078324e-01   9.1256440e-01   6.2566626e-01  -7.4921794e-01   2.1728830e-01
   1.7641230e+00  -1.5075894e-01   1.2150427e+00   6.1800607e-01  -6.5403960e-01   4.3623469e-01
   1.5408120e+00  -1.2435874e-01   1.5045524e+00   4.0307276e-01  -7.6933055e-01   4.9564387e-01
   1.1265088e+00  -1.9099352e-01   1.7518211e+00   4.3425751e-01  -7.4427710e-01   5.0741701e-01
   8.8429001e-01  -1.5142877e-01   1.9519693e+00   3.0283968e-01  -6.4885337e-01   6.9805260e-01
   5.5798018e-01  -1.0116483e-01   2.1111838e+00   8.6816201e-02  -7.6934326e-01   6.3290907e-01
   3.1688853e-01  -1.9308508e-01   2.0514848e+00   1.3544716e-01  -7.2608425e-01   6.7413331e-01
   9.7121850e-02  -1.1932155e-01   2.1673295e+00   9.6733662e-02  -7.0379084e-01   7.0379049e-01
  -9.7122457e-02  -1.1932162e-01   2.1673294e+00  -9.6733709e-02  -7.0379049e-01   7.0379084e-01
  -3.1099976e-01  -1.9540951e-01   2.0553346e+00  -1.1876362e-01  -7.1670522e-01   6.8718908e-01
  -5.4695532e-01  -1.0717835e-01   2.1115298e+00  -9.1749126e-02  -7.3891304e-01   6.6752500e-01
  -7.6157363e-01  -1.2268140e-01   2.0319101e+00  -3.0322388e-01  -6.4863169e-01   6.9809184e-01
  -9.3569356e-01  -1.1831881e-01   1.9603327e+00  -3.0322353e-01  -6.4863165e-01   6.9809203e-01
  -1.1618389e+00  -1.0118092e-01   1.8489059e+00  -4.0328852e-01  -7.6917753e-01   4.9570585e-01
  -1.3016436e+00  -1.8804842e-01   1.6116908e+00  -4.0226695e-01  -7.5122921e-01   5.2329340e-01
  -1.5622366e+00  -1.0811140e-01   1.5212364e+00  -4.2753594e-01  -7.3555897e-01   5.2551501e-01
  -1.7020539e+00  -1.2296090e-01   1.3453453e+00  -6.1968437e-01  -6.5165676e-01   4.3741827e-01
  -1.8156964e+00  -1.1719412e-01   1.1929416e+00  -6.1968263e-01  -6.5165619e-01   4.3742158e-01
  -1.8601590e+00  -1.8915885e-01   9.2863793e-01  -5.9811024e-01  -7.6760851e-01   2.3030700e-01
  -2.0498539e+00  -9.1664315e-02   7.5007244e-01  -6.2981810e-01  -7.4379134e-01   2.2383834e-01
  -2.1277345e+00  -1.0600636e-01   4.8327965e-01  -6.2982135e-01  -7.4378904e-01   2.2383683e-01
  -2.1365172e+00  -1.5183062e-01   1.6577041e-01  -7.6149548e-01  -6.4607387e-01   5.2088281e-02
   1.5500000e+00   6.7382201e+00   5.9271390e-01   1.0000000e+00   0.0000000e+00   0.0000000e+00
   1.5500000e+00   8.5952518e+00  -5.7732881e-01   1.0000000e+00   0.0000000e+00   0.0000000e+00
   1.4487622e+00   9.6510171e+00   1.5748198e+00   2.9454817e-01   8.8712138e-01   3.5532665e-01
   1.5499995e+00   9.6506138e+00   1.3593276e+00   1.0000000e+00   9.6415094e-06   2.2576021e-07
   1.5969011e+00   5.6999998e+00  -1.5170213e+00   0.0000000e+00   1.0000000e+00   0.0000000e+00
   2.2029393e+00   5.6999998e+00   1.5068512e-01   0.0000000e+00   1.0000000e+00   0.0000000e+00
   1.6980273e+00   5.6999998e+00   1.2507385e+00   0.0000000e+00   1.0000000e+00   0.0000000e+00
   1.9559260e+00   5.6999998e+00   7.3091572e-01   0.0000000e+00   1.0000000e+00   0.0000000e+00
   1.8799980e+00   5.6999998e+00  -9.9329981e-01   0.0000000e+00   1.0000000e+00   0.0000000e+00
   2.1200871e+00   5.6999998e+00  -4.4638829e-01   0.0000000e+00   1.0000000e+00   0.0000000e+00
  -1.0350566e+00   9.5660487e+00   6.1562655e-01   8.6220968e-01  -3.9019762e-03  -5.0653652e-01
  -1.8893791e+00   9.0007619e+00   4.9995125e-01  -1.5568492e-04  -4.5556640e-06  -9.9999999e-01
  -1.4102410e+00   9.3862562e+00   4.9993572e-01  -2.2671472e-05   1.4282831e-04  -9.9999999e-01
  -1.8813401e+00   9.0071265e+00  -4.9999512e-01   0.0000000e+00  -1.5892260e-05   1.0000000e+00
  -1.4307601e+00   9.4064817e+00  -5.0002999e-01   9.5397008e-05   8.8339845e-05   9.9999999e-01
  -1.3077553e+00   8.7000008e+00  -3.3345619e-01   0.0000000e+00   1.0000000e+00   0.0000000e+00
  -2.1784735e+00   8.7000008e+00  -4.7153727e-01   0.0000000e+00   1.0000000e+00  -0.0000000e+00
  -1.9954046e+00   8.7000008e+00  -1.4475639e-01   0.0000000e+00   1.0000000e+00   0.0000000e+00
  -1.3861307e+00   8.6999482e+00   1.7452627e-01   5.5775685e-05   9.9999997e-01   2.2158407e-04
  -2.0699406e+00   8.6999821e+00   3.5661299e-01   1.2899812e-04   9.9999999e-01  -1.8994417e-05
